,natemis,Antr+BB,Totemis,ch4lifetime_fact,Conc,Trend
1950,215.0,165.44423622518232,380.4442362251823,1.0,1156.7364261214464,
1951,215.0,181.5398843317661,396.5398843317661,1.0,1158.8714216847588,2.1349955633124864
1952,215.0,187.68166589082924,402.6816658908292,1.0,1162.8064914359704,3.9350697512115858
1953,215.0,193.63020581337207,408.6302058133721,1.0,1168.2759226049732,5.469431169002746
1954,215.0,199.15880242379365,414.15880242379365,1.0,1174.9684872183675,6.692564613394325
1955,215.0,204.36717252240715,419.36717252240715,1.0,1182.6409124969089,7.672425278541368
1956,215.0,211.13917046441813,426.13917046441816,1.0,1191.7026225979087,9.06171010099979
1957,215.0,217.36410999746863,432.36410999746863,1.0,1201.8164303805481,10.11380778263947
1958,215.0,220.52987679908665,435.52987679908665,1.0,1211.8488576853483,10.032427304800194
1959,215.0,225.6699184124753,440.66991841247534,1.0,1222.4644947871102,10.615637101761877
1960,215.0,231.08350712933756,446.0835071293376,1.0,1233.6888598065875,11.224365019477318
1961,215.0,239.81707031491294,454.81707031491294,1.0,1246.5560565627882,12.867196756200656
1962,215.0,242.73843169743012,457.7384316974301,1.0,1258.9524303409496,12.396373778161433
1963,215.0,252.57641659525984,467.57641659525984,1.0,1273.2270843295994,14.274653988649789
1964,215.0,253.78508937239053,468.78508937239053,1.0,1286.3046930778066,13.07760874820724
1965,215.0,260.7489502734299,475.7489502734299,1.0,1300.2300674027201,13.925374324913491
1966,215.0,265.2430465845324,480.2430465845324,1.0,1314.088297385244,13.85822998252388
1967,215.0,272.1189694198009,487.1189694198009,1.0,1328.6776903361563,14.58939295091227
1968,215.0,275.9700567619466,490.9700567619466,1.0,1342.9121035171968,14.234413181040509
1969,215.0,280.66963851413317,495.66963851413317,1.0,1357.112992335377,14.200888818180147
1970,215.0,286.7554424719951,501.7554424719951,1.0,1371.7443495267569,14.631357191379948
1971,215.0,296.29479715759095,511.29479715759095,1.0,1387.904587263854,16.160237737097077
1972,215.0,309.7925504905967,524.7925504905967,1.0,1406.7367425959212,18.83215533206726
1973,215.0,321.5097804752024,536.5097804752024,1.0,1427.3504895739009,20.613746977979645
1974,215.0,323.90781625487864,538.9078162548786,1.0,1446.4522815487724,19.101791974871503
1975,215.0,317.6599241426396,532.6599241426396,1.0,1461.3408818561034,14.88860030733099
1976,215.0,332.4310155097663,547.4310155097663,1.0,1479.466545663784,18.125663807680667
1977,215.0,331.86937666306744,546.8693766630674,1.0,1495.3762054568188,15.909659793034734
1978,215.0,341.8147800298701,556.8147800298701,1.0,1512.8064260111084,17.43022055428969
1979,215.0,343.8016532522121,558.8016532522121,1.0,1528.9446418206878,16.13821580957938
1980,215.0,336.43435957683573,551.4343595768357,1.0,1540.829846231306,11.885204410618144
1981,215.0,319.944026226233,534.9440262262331,1.0,1545.9093135981648,5.0794673668588075
1982,215.0,325.4862880386215,540.4862880386215,1.0,1552.260115719462,6.350802121297193
1983,215.0,314.78340390067586,529.7834039006759,1.0,1554.3463574245857,2.0862417051237117
1984,215.0,313.6218524399723,528.6218524399724,1.0,1555.8133560143185,1.4669985897328388
1985,215.0,312.6892946359584,527.6892946359584,1.0,1556.8064763563384,0.9931203420198926
1986,215.0,315.3279750176004,530.3279750176005,1.0,1558.564463872377,1.757987516038611
1987,215.0,317.2485140553672,532.2485140553672,1.0,1560.7632464351698,2.1987825627927577
1988,215.0,321.411691319549,536.4116913195489,1.0,1564.09804542697,3.3347989918001986
1989,215.0,324.1105786961214,539.1105786961214,1.0,1567.9555026173575,3.8574571903875494
1990,213.229158495527,328.0908796007256,541.3200380962526,1.0,1572.1146010926107,4.159098475253131
1991,230.46401973376058,341.6898806403371,572.1539003740977,1.0,1586.045141028782,13.930539936171272
1992,187.08466023758422,321.75928362938964,508.84394386697386,1.0,1577.3963654040258,-8.648775624756126
1993,201.07742439463695,320.736322800518,521.813747195155,1.0,1574.0220936053245,-3.3742717987013293
1994,209.91391164352387,332.26831963852857,542.1822312820525,1.0,1577.7881709243595,3.7660773190350483
1995,200.85765603448098,324.2177472722203,525.0754033067013,1.0,1575.452929541811,-2.3352413825484746
1996,212.4591393800404,327.5188030162106,539.977942396251,1.0,1578.3269508936814,2.8740213518703968
1997,217.02081046246136,350.5117382000001,567.5325486624614,1.0,1590.027559772974,11.700608879292531
1998,202.568436978653,330.2514803,532.8199172786531,1.0,1588.8931239053254,-1.1344358676485626
1999,215.78806866900686,321.97082819999997,537.7588968690068,1.0,1589.525499444571,0.632375539245686
2000,226.5622479195188,321.0746415,547.6368894195188,1.0,1593.366655582425,3.8411561378538863
2001,215.0509626165587,322.0038254,537.0547880165586,1.0,1593.2643579369046,-0.10229764552036613
2002,216.04073174324364,329.2447249,545.2854566432436,1.0,1595.9061751389688,2.6418172020642032
2003,213.98055262609702,336.95281180000006,550.9333644260971,1.0,1600.1273467903275,4.221171651358645
2004,208.00169259421529,346.8821553,554.8838478942153,1.0,1605.1874711496846,5.060124359357133
2005,205.4572700159953,351.53041470000005,556.9876847159953,1.0,1610.3795061826286,5.192035032943977
2006,211.2339594451393,361.5815305,572.8154899451392,1.0,1620.245170348554,9.86566416592541
2007,223.672583039232,357.22785230000005,580.900435339232,1.0,1631.690452985294,11.445282636740103
2008,228.03049543871128,358.4336323,586.4641277387113,1.0,1643.701403802643,12.010950817348885
2009,235.04040686312868,359.7836666,594.8240734631287,1.0,1657.143067608413,13.441663805770077
2010,224.2663857353366,365.82240210000003,590.0887878353367,1.0,1667.5075053332346,10.364437724821528
2011,247.4109003803281,367.0318972,614.442797580328,1.0,1684.7971984203507,17.28969308711612
2012,216.66762554529598,370.96316160000003,587.630787145296,1.0,1691.249117352645,6.4519189322943475
2013,222.88330630031555,370.2459324,593.1292387003156,1.0,1698.8041519126068,7.5550345599617685
2014,220.24898314608367,377.00284780000004,597.2518309460837,1.0,1706.8819875759773,8.077835663370479
2015,215.0,381.5206772,596.5206772,1.0,1713.8125961830744,6.930608607097156
2016,215.0,369.4090335000001,584.4090335000001,1.0,1715.9460016912308,2.1334055081563292
2017,215.0,370.1151464,585.1151464,1.0,1718.0749655399422,2.1289638487114644
2018,215.0,373.18654800000013,588.1865480000001,1.0,1720.9852834913106,2.91031795136837
2019,215.0,381.5144058,596.5144058000001,1.0,1726.3346607938386,5.349377302527955
2020,215.0,375.00440580000003,590.0044058000001,1.0,1728.9236849979773,2.5890242041386955
