,natemis,Antr+BB,Totemis,ch4lifetime_fact,Conc,Trend
1950,215.0,145.72559245704448,360.7255924570445,1.0247219712311393,1152.9300761961788,
1951,215.0,161.1689540027448,376.16895400274484,1.0244368393312933,1151.4273202514778,-1.5027559447009935
1952,215.0,166.6584490009245,381.6584490009245,1.0241517074314475,1151.883515671272,0.45619541979431233
1953,215.0,171.95470236258384,386.9547023625838,1.0238665755316017,1154.0193217252406,2.1358060539685084
1954,215.0,176.831012412122,391.831012412122,1.0235814436317556,1157.5105782124865,3.4912564872458915
1955,215.0,181.387095949852,396.387095949852,1.0232963117319098,1162.1017617579766,4.591183545490139
1956,215.0,187.50680733097954,402.50680733097954,1.023011179832064,1168.1915057456627,6.089743987686006
1957,215.0,193.07946030314662,408.0794603031466,1.0227260479322182,1175.4329599936077,7.241454247945057
1958,215.0,195.59294054388116,410.5929405438811,1.0224409160323724,1182.6823186820804,7.249358688472739
1959,215.0,200.08069559638636,415.08069559638636,1.0221557841325264,1190.5945103093643,7.912191627283846
1960,215.0,204.8419977523652,419.84199775236516,1.0218706522326806,1199.187125325012,8.592615015647652
1961,215.0,212.9151721685548,427.9151721685548,1.0215855203328348,1209.4856064012856,10.298481076273674
1962,215.0,215.1761447816861,430.1761447816861,1.021300388432989,1219.36995201715,9.884345615864277
1963,215.0,224.35374091013003,439.35374091013,1.021015256533143,1231.18398319441,11.814031177260176
1964,215.0,224.902024917875,439.902024917875,1.0207301246332972,1241.84667109485,10.662687900440005
1965,215.0,231.2054970495285,446.2054970495285,1.0204449927334514,1253.396906860821,11.55023576597091
1966,215.0,235.0392045912452,450.0392045912452,1.0201598608336055,1264.915504706938,11.518597846117018
1967,215.0,241.25473865712786,456.25473865712786,1.0198747289337597,1277.1968861429764,12.281381436038373
1968,215.0,244.44543722988774,459.4454372298877,1.0195895970339137,1289.1510777768226,11.954191633846222
1969,215.0,248.48463021268853,463.48463021268856,1.019304465134068,1301.0954496062332,11.944371829410557
1970,215.0,253.9100454011647,468.91004540116467,1.0190193332342221,1313.4910976814006,12.3956480751674
1971,215.0,257.57479257777885,472.57479257777885,1.0199605556308,1325.8556279037534,12.364530222352869
1972,215.0,264.87815496199676,479.87815496199676,1.0209017780273781,1339.4037698896552,13.548141985901793
1973,215.0,267.174414913303,482.174414913303,1.021843000423956,1352.3432028433497,12.93943295369445
1974,215.0,268.77272781252634,483.77272781252634,1.0227842228205342,1364.5109652914953,12.167762448145595
1975,215.0,271.02888398583644,486.02888398583644,1.0237254452171123,1376.2124714267593,11.701506135264026
1976,215.0,275.0518357547742,490.0518357547742,1.0246666676136902,1388.0880869412179,11.87561551445856
1977,215.0,277.72254164205543,492.72254164205543,1.0256078900102683,1399.6710433773,11.582956436082213
1978,215.0,279.07729251334416,494.07729251334416,1.0265491124068462,1410.5577599767962,10.88671659949614
1979,215.0,283.36524243347924,498.36524243347924,1.0274903348034243,1421.8013959541704,11.243635977374197
1980,213.46581505527286,282.2371159769046,495.70293103217745,1.0284315572000022,1431.0538022336486,9.252406279478237
1981,209.98540094753466,277.5286029825358,487.51400393007043,1.0283999636415508,1436.5670538917548,5.513251658106128
1982,207.34999122653096,285.26941946839,492.619410694921,1.0283683700830994,1443.1702942931715,6.60324040141677
1983,218.54420775574664,279.04267506764637,497.586882823393,1.0283367765246483,1450.6983634521778,7.528069159006236
1984,216.13469029654325,284.0863192602393,500.2210095567825,1.0283051829661969,1458.2742417793452,7.575878327167402
1985,218.52747499561326,287.0049229958179,505.53239799143114,1.0282735894077457,1466.782778581542,8.508536802196886
1986,212.30288822600457,290.9973934447917,503.30028167079627,1.028241995849294,1473.613838440588,6.831059859046036
1987,207.81014213019827,295.28841803933904,503.09856016953734,1.0282104022908427,1479.6259957949258,6.01215735433766
1988,212.7546727496052,299.1743864512828,511.929059200888,1.0281788087323915,1487.9118096080722,8.285813813146433
1989,213.67497455693982,304.2999708971575,517.9749454540973,1.0281472151739401,1497.2966101950824,9.384800587010204
1990,211.0981294964029,307.58244894288526,518.6805784392882,1.0281156216154888,1505.8845827031985,8.587972508116081
1991,210.3200561502018,320.3405374138564,530.6605935640582,1.0253040594539398,1517.119173631099,11.234590927900626
1992,198.5903912967187,304.1997961122732,502.79018740899187,1.022492497292391,1517.456421505967,0.33724787486789864
1993,204.7145815055273,305.23302163145047,509.94760313697776,1.019680935130842,1519.732912805112,2.2764912991449364
1994,209.4666853834006,317.2848254228341,526.7515108062347,1.0168693729692933,1526.9369889784764,7.204076173364456
1995,208.72207755746624,311.7473692430924,520.4694468005587,1.0140578108077443,1530.8482038759944,3.9112148975179934
1996,212.42838392700475,313.88494695523417,526.3133308822389,1.0112462486461955,1535.854857295519,5.006653419524582
1997,213.7837374978066,337.0204142930985,550.804151790905,1.0084346864846467,1548.0240215548413,12.169164259322315
1998,222.52660466748551,317.9406473511351,540.4672520186207,1.0056231243230978,1554.983899432495,6.959877877653753
1999,211.56664678013686,313.09385370096595,524.6605004811029,1.0028115621615488,1555.4925836392433,0.5086842067482849
2000,213.03076329180558,314.79158226734603,527.8223455591516,1.0,1556.5657951111882,1.0732114719448873
2001,218.326681874013,315.2928524514628,533.6195343254758,0.9972303853728057,1559.0186042625835,2.452809151395286
2002,215.21438848920863,322.1007386331392,537.3151271223478,0.9944607707456116,1561.9949294433018,2.976325180718277
2003,219.3222811019477,328.4756943824689,547.7979754844166,0.9916911561184175,1567.68432835993,5.689398916628306
2004,213.74190559747325,335.7220642725255,549.4639698699987,0.9889215414912234,1572.849759388776,5.165431028845887
2005,210.64634497280224,341.88187367125875,552.528218644061,0.9861519268640292,1578.0090161463704,5.159256757594449
2006,215.9673626952097,352.4529993712408,568.4203620664505,0.9833823122368349,1587.4127519613885,9.40373581501808
2007,213.7502719775399,349.7789386288197,563.5292106063596,0.9806126976096409,1593.6780186249916,6.265266663603143
2008,213.86740129847342,353.30974763980123,567.1771489382746,0.9862691313599595,1601.3570909703253,7.6790723453336796
2009,219.93302684681524,355.2102928669951,575.1433197138103,0.9919255651102782,1611.7212298166396,10.36413884631429
2010,226.5508334795578,360.8548031390112,587.405636618569,0.9975819988605968,1625.895271565207,14.174041748567333
2011,214.3442849622741,365.99466311704407,580.3389480793181,0.9982952851331266,1636.2478907990069,10.352619233799942
2012,208.27865941393227,372.97725290758524,581.2559123215175,0.9990085714056565,1645.8593880501658,9.61149725115888
2013,214.6454746446745,372.6442144644898,587.2896891091643,0.9997218576781862,1656.512807295462,10.653419245296163
2014,215.03869450780837,380.3961968225409,595.4348913303493,1.000435143950716,1668.793813437311,12.281006141849048
2015,214.13512546060713,387.4758223403408,601.610947800948,0.99758407518491,1681.2806891868304,12.486875749519413
2016,220.7529320933497,379.4876497908962,600.2405818842459,0.9947330064191041,1691.435811487994,10.155122301163601
2017,215.0,385.0082127080213,600.0082127080213,0.9918819376532981,1699.890585830916,8.454774342922065
2018,215.0,387.8058049137809,602.8058049137809,0.9952698352126487,1708.8950475960737,9.004461765157657
2019,215.0,394.70580491378087,609.7058049137809,0.9986577327719993,1719.7514986585131,10.856451062439419
2020,215.0,388.1958049137809,603.1958049137809,1.0208161755200762,1730.9133528529255,11.161854194412399
