,natemis,Antr+BB,Totemis,ch4lifetime_fact,Conc,Trend
1950,215.0,145.72559245704448,360.7255924570445,1.0386734286208537,1154.421848611464,
1951,215.0,161.1689540027448,376.16895400274484,1.0386734286208537,1154.2741666882562,-0.14768192320775597
1952,215.0,166.6584490009245,381.6584490009245,1.0386734286208537,1155.9685447522895,1.6943780640333443
1953,215.0,171.95470236258384,386.9547023625838,1.0386734286208537,1159.2408035273456,3.272258775056116
1954,215.0,176.831012412122,391.831012412122,1.0386734286208537,1163.7800219154262,4.539218388080599
1955,215.0,181.387095949852,396.387095949852,1.0386734286208537,1169.3421897066976,5.562167791271349
1956,215.0,187.50680733097954,402.50680733097954,1.0386734286208537,1176.3364245813204,6.994234874622862
1957,215.0,193.07946030314662,408.0794603031466,1.0386734286208537,1184.4253452851506,8.088920703830127
1958,215.0,195.59294054388116,410.5929405438811,1.0386734286208537,1192.4725495654202,8.047204280269625
1959,215.0,200.08069559638636,415.08069559638636,1.0386734286208537,1201.1392901211004,8.666740555680235
1960,215.0,204.8419977523652,419.84199775236516,1.0386734286208537,1210.4493284060195,9.310038284919074
1961,215.0,212.9151721685548,427.9151721685548,1.0273688805761167,1220.1673804578813,9.718052051861832
1962,215.0,215.1761447816861,430.1761447816861,1.0286336117988735,1229.7171726233378,9.549792165456438
1963,215.0,224.35374091013003,439.35374091013,1.0303815209511082,1241.4741440766077,11.756971453269898
1964,215.0,224.902024917875,439.902024917875,1.0388161109745009,1253.0961020147352,11.62195793812748
1965,215.0,231.2054970495285,446.2054970495285,1.0466500135860857,1266.447202128474,13.351100113738767
1966,215.0,235.0392045912452,450.0392045912452,1.0309948094306236,1277.8171169070708,11.369914778596922
1967,215.0,241.25473865712786,456.25473865712786,1.0343317923476247,1290.4077501709423,12.590633263871496
1968,215.0,244.44543722988774,459.4454372298877,1.0390130401356572,1303.2443490282897,12.836598857347326
1969,215.0,248.48463021268853,463.48463021268856,1.03733064240917,1315.8307329610514,12.586383932761692
1970,215.0,253.9100454011647,468.91004540116467,1.044520863970062,1329.7183239752328,13.887591014181453
1971,215.0,257.57479257777885,472.57479257777885,1.0311148875281522,1341.6883547840212,11.970030808788351
1972,215.0,264.87815496199676,479.87815496199676,1.0410234769727889,1356.0051630328257,14.316808248804591
1973,215.0,267.174414913303,482.174414913303,1.0237676802553786,1367.3649698788358,11.359806846010088
1974,215.0,268.77272781252634,483.77272781252634,1.0255205419074267,1378.2339441652157,10.868974286379853
1975,215.0,271.02888398583644,486.02888398583644,1.0294434565934747,1389.1667188844556,10.932774719239887
1976,215.0,275.0518357547742,490.0518357547742,1.0411371895645516,1401.7397659505693,12.573047066113759
1977,215.0,277.72254164205543,492.72254164205543,1.04310064917037,1414.0901053513435,12.350339400774146
1978,215.0,279.07729251334416,494.07729251334416,1.038188476513601,1424.9217730910418,10.831667739698332
1979,215.0,283.36524243347924,498.36524243347924,1.0481297495588873,1437.2906504654025,12.368877374360636
1980,210.94999730878948,282.2371159769046,493.18711328569407,1.054811359742319,1447.462332079615,10.171681614212503
1981,207.46940093654123,277.5286029825358,484.99800391907706,1.0453494500609413,1452.5925681548053,5.130236075190396
1982,196.9955325905592,285.26941946839,482.26495205894923,1.0607031737894599,1458.2435755695708,5.651007414765445
1983,201.33424834490552,279.04267506764637,480.3769234125519,1.0432038431370887,1460.3897054599374,2.1461298903666375
1984,214.1098013886646,284.0863192602393,498.1961206489039,1.0308940203039962,1466.5834872370167,6.193781777079266
1985,211.68781958124762,287.0049229958179,498.6927425770655,1.024425100745979,1471.3808777952086,4.797390558191864
1986,211.8802949566715,290.9973934447917,502.8776884014632,1.0354513129905416,1478.5507076941872,7.169829898978605
1987,203.0665267237203,295.28841803933904,498.35494476305934,1.0403399650985459,1484.097745039517,5.547037345329727
1988,213.4200979600624,299.1743864512828,512.5944844113452,1.0222870139004354,1491.2951575125321,7.19741247301522
1989,215.39297055815703,304.2999708971575,519.6929414553146,1.0267543659990674,1500.6867292377171,9.391571725185031
1990,213.067226438452,307.58244894288526,520.6496753813373,1.030736205492146,1509.9245451250627,9.237815887345505
1991,208.59217395984714,320.3405374138564,528.9327113737036,1.0498448088618946,1523.5428725968527,13.618327471790053
1992,188.55869530114643,304.1997961122732,492.7584914134196,1.0436593028024648,1522.810345950912,-0.7325266459406521
1993,202.27256580009686,305.23302163145047,507.5055874315473,1.0224136274039968,1524.0779616605312,1.2676157096191218
1994,205.68900371387048,317.2848254228341,522.9738291367046,1.0257079106974367,1530.8194153940988,6.741453733567596
1995,201.59890198611336,311.7473692430924,513.3462712292057,1.006485120188085,1530.817887497262,-0.0015278968367056223
1996,211.8482157274342,313.88494695523417,525.7331626826683,1.0050644518952168,1534.7189394236723,3.9010519264102186
1997,205.35217180687872,337.0204142930985,542.3725860999772,1.0260210342142024,1546.7875349968924,12.068595573220136
1998,214.55891059798697,317.9406473511351,532.499557949122,1.0215154558941881,1553.5955317487822,6.807996751889732
1999,223.82980784756984,313.09385370096595,536.9236615485358,0.9979967817046644,1557.5961789675341,4.000647218751965
2000,220.46950858496152,314.79158226734603,535.2610908523076,1.0,1560.9035848597105,3.307405892176348
2001,217.96732870445126,315.2928524514628,533.2601811559141,1.004280591928866,1563.8304407950795,2.926855935369076
2002,212.04069110285803,322.1007386331392,534.1414297359972,1.0092659254714755,1567.4799340801364,3.6494932850569057
2003,215.0561386511653,328.4756943824689,543.5318330336341,1.0091672020984297,1573.828097701521,6.348163621384629
2004,213.89326659131277,335.7220642725255,549.6153308638383,1.0045178825485648,1580.780589043418,6.95249134189703
2005,205.11959739490823,341.88187367125875,547.0014710661669,1.001520616854982,1585.6260631154844,4.845474072066281
2006,217.5182194951289,352.4529993712408,569.9712188663698,0.9963837241195741,1596.7517483257725,11.125685210288111
2007,217.93524947521394,349.7789386288197,567.7141881040336,1.0019042846930941,1606.7486900459119,9.996941720139375
2008,221.99327197373375,353.30974763980123,575.303019613535,0.9845580445936346,1615.364701335847,8.616011289935159
2009,219.24247806663436,355.2102928669951,574.4527709336294,0.9914712628139848,1623.8472271837375,8.482525847890429
2010,222.65891598040798,360.8548031390112,583.5137191194192,0.979929226472326,1632.4810682630127,8.633841079275271
2011,222.8112923192852,365.99466311704407,588.8059554363292,0.979929226472326,1641.8870726952603,9.406004432247528
2012,213.70079121588887,372.97725290758524,586.6780441234741,0.979929226472326,1649.5163341445873,7.629261449327032
2013,225.01673932935032,372.6442144644898,597.6609537938401,0.979929226472326,1659.919526883924,10.403192739336646
2014,216.49168415953494,380.3961968225409,596.8878809820758,0.979929226472326,1668.8817832434233,8.962256359499406
2015,210.13999677054736,387.4758223403408,597.6158191108882,0.979929226472326,1677.0650015509548,8.183218307531433
2016,217.28564508315839,379.4876497908962,596.7732948740546,0.979929226472326,1684.0370216202962,6.972020069341397
2017,215.0,385.0082127080213,600.0082127080213,0.979929226472326,1691.28808905012,7.251067429823934
2018,215.0,387.8058049137809,602.8058049137809,0.979929226472326,1698.6413861517092,7.353297101589078
2019,215.0,394.70580491378087,609.7058049137809,0.979929226472326,1707.4458880950535,8.804501943344349
2020,215.0,388.1958049137809,603.1958049137809,0.979929226472326,1713.0887608055307,5.64287271047715
