,natemis,Antr+BB,Totemis,ch4lifetime_fact,Conc,Trend
1950,215.0,148.86472757401697,363.86472757401697,1.0386734286208537,1155.4660551082777,
1951,215.0,164.4119307263549,379.4119307263549,1.0386734286208537,1156.283805127743,0.817750019465393
1952,215.0,170.00526733117223,385.00526733117226,1.0386734286208537,1158.8733891412887,2.5895840135456183
1953,215.0,175.4053622994692,390.4053622994692,1.0386734286208537,1162.9782487496582,4.104859608369452
1954,215.0,180.38551395564497,395.38551395564497,1.0386734286208537,1168.2942567194377,5.316007969779548
1955,215.0,185.0454391000126,400.0454391000126,1.0386734286208537,1174.5834594398177,6.28920272037999
1956,215.0,191.26899208777778,406.26899208777775,1.0386734286208537,1182.260373931981,7.676914492163178
1957,215.0,196.94548666658253,411.9454866665825,1.0386734286208537,1190.992432349995,8.732058418014049
1958,215.0,199.56280851395465,414.5628085139547,1.0386734286208537,1199.6475235015203,8.655091151525312
1959,215.0,204.15440517309747,419.1544051730975,1.0386734286208537,1208.8907254830015,9.243201981481207
1960,215.0,209.0195489357139,424.01954893571394,1.0386734286208537,1218.7492100162096,9.858484533208184
1961,215.0,217.19785480015165,432.1978548001516,1.0273688805761167,1228.9822311031348,10.233021086925191
1962,215.0,219.56395886153115,434.56395886153115,1.0286336117988735,1239.0266218443892,10.044390741254347
1963,215.0,228.84668643822317,443.8466864382232,1.0303815209511082,1251.2605915377221,12.233969693332938
1964,215.0,229.50010189421624,444.50010189421624,1.0388161109745009,1263.3501724212551,12.089580883533017
1965,215.0,235.90870547411788,450.9087054741179,1.0466500135860857,1277.1605658918181,13.810393470562985
1966,215.0,239.84754446408272,454.8475444640827,1.0309948094306236,1288.9596101549828,11.79904426316466
1967,215.0,246.1682099782135,461.1682099782135,1.0343317923476247,1301.9709738682232,13.011363713240371
1968,215.0,249.46403999922154,464.46403999922154,1.0390130401356572,1315.2224996831894,13.251525814966271
1969,215.0,253.6083644302704,468.6083644302704,1.03733064240917,1328.2118946407115,12.989394957522109
1970,215.0,259.1389110669947,474.1389110669947,1.044520863970062,1342.5019055420767,14.290010901365122
1971,215.0,264.2792956760135,479.2792956760135,1.0311148875281522,1355.305687600052,12.80378205797524
1972,215.0,272.45721733515404,487.45721733515404,1.0410234769727889,1370.6688911463577,15.36320354630584
1973,215.0,275.97436854007793,490.97436854007793,1.0237676802553786,1383.343460460146,12.674569313788197
1974,215.0,277.58300816315733,492.58300816315733,1.0255205419074267,1395.388966168426,12.045505708279961
1975,215.0,278.92569799309183,493.92569799309183,1.0294434565934747,1407.0719939582089,11.683027789782955
1976,215.0,286.19073893967834,501.19073893967834,1.0411371895645516,1421.411453755801,14.339459797592099
1977,215.0,290.52582612135245,505.52582612135245,1.04310064917037,1435.894293665049,14.482839909248014
1978,215.0,292.98308376747053,507.98308376747053,1.038188476513601,1448.9844116347572,13.090117969708217
1979,215.0,298.58114099630916,513.5811409963092,1.0481297495588873,1463.825131453266,14.840719818508887
1980,215.0,300.435685537013,515.435685537013,1.054811359742319,1478.5600014403071,14.734869987041066
1981,215.0,296.68287020073063,511.68287020073063,1.0453494500609413,1489.2125830634554,10.652581623148308
1982,215.0,304.65710214976906,519.6571021497691,1.0607031737894599,1503.4085741500944,14.19599108663897
1983,215.0,298.6784287123529,513.6784287123529,1.0432038431370887,1511.7507969268659,8.34222277677145
1984,215.0,302.2370817851458,517.2370817851458,1.0308940203039962,1518.6677320288436,6.916935101977742
1985,215.0,302.9504467045176,517.9504467045176,1.024425100745979,1524.149784957653,5.48205292880948
1986,215.0,308.4034370412448,523.4034370412448,1.0354513129905416,1532.405160585477,8.255375627823923
1987,215.0,312.778527186872,527.778527186872,1.0403399650985459,1541.903937665487,9.498777080010086
1988,215.0,316.78079953316467,531.7807995331647,1.0222870139004354,1549.1226216804562,7.218684014969085
1989,215.0,320.55968800249383,535.5596880024939,1.0267543659990674,1557.4537401638318,8.331118483375576
1990,195.859372138931,323.79183660072556,519.6512087396566,1.030736205492146,1560.160165942352,2.70642577852027
1991,196.4677865234781,335.4818104403371,531.9495969638152,1.0498448088618946,1569.3788421979489,9.218676255596847
1992,186.22954503459533,316.3955526293896,502.62509766398495,1.0436593028024648,1566.9746228661977,-2.4042193317511646
1993,187.33483185418655,315.00618740051794,502.3410192547045,1.0224136274039968,1561.6702104450626,-5.304412421135112
1994,194.24032411385,322.1935623385285,516.4338864523785,1.0257079106974367,1562.1156176308727,0.44540718581015426
1995,196.26542045954338,309.8613907722203,506.12681123176367,1.006485120188085,1556.23078850195,-5.8848291289227745
1996,208.3748607752008,309.1011425162106,517.4760032914114,1.0050644518952168,1554.556039705201,-1.6747487967488723
1997,210.57397740266572,332.86,543.4339774026657,1.0260210342142024,1564.8029185049302,10.246878799729075
1998,209.1911838875435,317.28000000000003,526.4711838875435,1.0215154558941881,1567.625235743404,2.8223172384737154
1999,217.52201870655188,311.53999999999996,529.0620187065518,0.9979967817046644,1567.442496202401,-0.18273954100300216
2000,223.5473177914537,309.38,532.9273177914537,1.0,1568.8725728566533,1.4300766542523888
2001,208.76739978844725,313.65,522.4173997884473,1.004280591928866,1567.3095917738729,-1.562981082780425
2002,212.5426383460839,324.65000000000003,537.1926383460839,1.0092659254714755,1571.5859852211984,4.276393447325518
2003,209.4704631541179,326.12,535.590463154118,1.0091672020984297,1574.8400115604136,3.2540263392152156
2004,218.0441344921813,330.53000000000003,548.5741344921813,1.0045178825485648,1581.3338532575092,6.493841697095604
2005,209.43411713475498,334.55,543.984117134755,1.001520616854982,1585.1155879582682,3.7817347007589888
2006,219.66477835127023,340.45,560.1147783512702,0.9963837241195741,1593.0267764651455,7.911188506877352
2007,218.52915094169083,336.24,554.7691509416909,1.0019042846930941,1599.1418561371397,6.115079671994181
2008,220.73970219562665,335.67,556.4097021956267,0.9845580445936346,1602.352891787372,3.211035650232361
2009,225.16131562752406,339.88,565.041315627524,0.9914712628139848,1609.1793807717831,6.826488984411071
2010,222.0698885088719,341.18,563.2498885088719,0.979929226472326,1612.762589218252,3.583208446468916
2011,236.78903992011058,342.69,579.4790399201106,0.979929226472326,1621.3204063195603,8.557817101308274
2012,215.0776771228679,348.16,563.2376771228679,0.979929226472326,1623.5171531113829,2.196746791822534
2013,213.66667097656892,348.96,562.6266709765689,0.979929226472326,1625.261124183443,1.7439710720600488
2014,220.38733015363204,357.09000000000003,577.477330153632,0.979929226472326,1631.731930342503,6.4708061590599755
2015,214.02416939645465,365.45,579.4741693964546,0.979929226472326,1638.1282291058346,6.3962987633317425
2016,204.99377754132416,358.0,562.9937775413241,0.979929226472326,1638.3302971622047,0.20206805637008074
2017,218.8150981385997,360.73,579.5450981385998,0.979929226472326,1643.9988115826789,5.668514420474139
2018,219.12510429468114,362.77000000000004,581.8951042946812,0.979929226472326,1649.801302084514,5.802490501835109
2019,214.5585473649176,371.87,586.4285473649176,0.979929226472326,1656.446678185642,6.645376101128022
2020,215.0,367.56,582.56,0.979929226472326,1661.052340354314,4.605662168672097
