,natemis,Antr+BB,Totemis,ch4lifetime_fact,Conc,Trend
1950,215.0,145.69132180652684,360.69132180652684,1.0488608866700293,1155.475899753805,
1951,215.0,161.13354968984004,376.13354968984004,1.0455466626386185,1155.9218530328744,0.44595327906949933
1952,215.0,166.62191102563256,381.6219110256326,1.0435105097854591,1157.9333740906723,2.011521057797836
1953,215.0,171.91703072490478,386.91703072490475,1.0405455939203825,1161.177550476507,3.244176385834635
1954,215.0,176.79220711205573,391.79220711205573,1.044295794488673,1166.0872819746608,4.90973149815386
1955,215.0,181.34715698739865,396.34715698739865,1.037508489961066,1171.261449182314,5.174167207653227
1956,215.0,187.46573470613905,402.4657347061391,1.028116236302615,1176.8914266974607,5.62997751514672
1957,215.0,193.03725401591896,408.03725401591896,1.0421601616543277,1185.280508103274,8.389081405813386
1958,215.0,195.54960059426637,410.5496005942664,1.048657602665344,1194.2938774586337,9.0133693553596
1959,215.0,200.03622198438438,415.0362219843844,1.036391182649435,1202.4981171271825,8.20423966854878
1960,215.0,204.79639047797613,419.79639047797616,1.0366828171259594,1211.4259215828408,8.927804455658361
1961,215.0,212.86841715028493,427.8684171502849,1.0360169714873653,1221.9939574877928,10.568035904952012
1962,215.0,215.12824201953555,430.12824201953555,1.0483804322861743,1233.5397129995888,11.54575551179596
1963,215.0,224.30469040409875,439.3046904040988,1.0443546910580446,1246.4469929948607,12.907279995271892
1964,215.0,224.85182666796288,439.8518266679629,1.0448466365780047,1258.1974959749978,11.750502980137071
1965,215.0,231.1541510557357,446.1541510557357,1.0416887487729276,1270.4149244285607,12.217428453562889
1966,215.0,234.98671085357168,449.9867108535717,1.045021997433171,1282.9695576184572,12.554633189896549
1967,215.0,241.20109717557358,456.2010971755736,1.0453696087467055,1296.2767736419491,13.307216023491947
1968,215.0,244.3906480044528,459.3906480044528,1.0399298066040126,1308.5671823936736,12.290408751724499
1969,215.0,248.42869324337278,463.4286932433728,1.044521823964872,1321.4156592749678,12.848476881294118
1970,215.0,253.8529606879682,468.8529606879682,1.0439258467327728,1334.6096338940035,13.193974619035771
1971,215.0,257.52620629587904,472.52620629587904,1.0436193741341604,1347.5627796934261,12.9531457994226
1972,215.0,264.8182405958808,479.8182405958808,1.0520906785217377,1362.571222986975,15.008443293548908
1973,215.0,267.14971892758393,482.14971892758393,1.0403958536106162,1375.3036661835804,12.732443196605345
1974,215.0,268.7846400384715,483.7846400384715,1.035825630675854,1386.623715229499,11.320049045918722
1975,215.0,271.109550132768,486.109550132768,1.0405937531705223,1398.0919220941312,11.468206864632066
1976,215.0,275.151199176438,490.151199176438,1.0471224324819541,1410.4902499904374,12.398327896306228
1977,215.0,277.8837806829508,492.8837806829508,1.0411935162013237,1421.7031686786156,11.212918688178206
1978,215.0,279.1532573379765,494.1532573379765,1.039175143440748,1431.8620435249668,10.158874846351182
1979,215.0,283.509905097283,498.509905097283,1.0376285224625028,1442.1652936071503,10.303250082183467
1980,213.46581505527286,282.39789700257745,495.8637120578503,1.046993032958082,1451.696774407683,9.53148080053279
1981,209.98540094753466,277.70632086781643,487.6917218153511,1.057235362607005,1458.807003311821,7.110228904138012
1982,207.34999122653096,285.44898160510485,492.7989728316358,1.0571718977688278,1466.8489751532138,8.041971841392751
1983,218.54420775574664,279.2322937007664,497.776501456513,1.059741846409663,1476.020469817815,9.171494664601141
1984,216.13469029654325,284.2736509570633,500.4083412536065,1.0468082345506051,1483.3898304385066,7.369360620691623
1985,218.52747499561326,287.21176940850773,505.739244404121,1.0438054769311433,1491.3361281504554,7.946297711948773
1986,212.30288822600457,291.2706380860499,503.57352631205447,1.049246969643094,1498.4341438779302,7.098015727474831
1987,207.81014213019827,295.5911049346384,503.40124706483664,1.040268768905054,1503.4953154864936,5.061171608563427
1988,212.7546727496052,299.50593861356083,512.260611363166,1.0374802786999169,1510.5719282495463,7.076612763052708
1989,213.67497455693982,304.6665974459152,518.3415720028551,1.0428034452743942,1519.6361623496712,9.06423410012485
1990,211.0981294964029,307.914041620146,519.0121711165489,1.0438158204508707,1528.082587426987,8.44642507731578
1991,210.3200561502018,320.68279532797294,531.0028514781748,1.044515988674617,1539.702670253733,11.620082826746057
1992,198.5903912967187,304.53940686846767,503.12979816518634,1.0373376907957834,1539.7891737776217,0.08650352388872307
1993,204.7145815055273,305.54609779725865,510.26067930278595,1.0235051451726433,1540.2638313851419,0.4746576075201574
1994,209.4666853834006,317.597620646701,527.0643060301015,1.025931824493182,1546.6226427660401,6.35881138089826
1995,208.72207755746624,312.19366926980626,520.9157468272725,1.0098251171866819,1547.874585720497,1.2519429544568084
1996,212.42838392700475,314.27731063372306,526.7056945607278,1.0059472571608135,1550.329612835673,2.455027115176108
1997,213.7837374978066,337.39423398689746,551.1779714847041,1.0155065898427584,1562.0695367836565,11.73992394798347
1998,222.52660466748551,318.3664476301497,540.8930522976352,1.0260604213678781,1570.653836875068,8.584300091411478
1999,211.56664678013686,313.54878980346416,525.115436583601,0.9977243350302163,1568.7790733091588,-1.8747635659092339
2000,213.03076329180558,315.2590354804872,528.2897987722928,1.0,1568.5197925451105,-0.2592807640482988
2001,218.326681874013,315.6535417996881,533.9802236737012,0.9976712650532031,1569.8190635680648,1.2992710229543718
2002,215.21438848920863,322.5524780298677,537.7668665190763,0.9898186618728184,1571.0032142929226,1.1841507248577727
2003,219.3222811019477,328.93805732438307,548.2603384263308,0.994865821953046,1576.3275947100042,5.3243804170815565
2004,213.74190559747325,336.0629318005267,549.804837398,0.9830062724148221,1579.6867798334317,3.359185123427551
2005,210.64634497280224,342.20939793202444,552.8557429048267,0.9724656594085386,1581.9659131343637,2.279133300932017
2006,215.9673626952097,352.88884852886645,568.8562112240761,0.9697798027915692,1588.8456495025587,6.879736368194926
2007,213.7502719775399,350.1027628899805,563.8530348675204,0.9645130934714374,1592.3984805588636,3.552831056304967
2008,213.86740129847342,353.6885615404862,567.5559628389597,0.9627371565534859,1596.4695658941955,4.071085335331873
2009,219.93302684681524,355.1745289722293,575.1075558190446,0.9682589027181607,1603.501638151613,7.03207225741744
2010,226.5508334795578,360.86969570672267,587.4205291862804,0.9741615880697929,1614.7937736129497,11.292135461336784
2011,214.3442849622741,366.86200176465536,581.2062867269294,0.9620153522297454,1620.6767287106848,5.882955097735021
2012,208.27865941393227,372.93936189598577,581.2180213099181,0.9808702795232336,1629.0662791477296,8.389550437044818
2013,214.6454746446745,372.12612208235606,586.7715967270306,0.9678609782840504,1636.1479306863976,7.081651538667984
2014,215.03869450780837,379.6360199266544,594.6747144344628,0.9658128139938376,1644.6819320729662,8.534001386568661
2015,214.13512546060713,386.38580047504416,600.5209259356513,0.9658128139938376,1654.1699821502252,9.488050077259004
2016,220.7529320933497,378.3196319917136,599.0725640850633,0.9658128139938376,1662.0846410499705,7.914658899745291
2017,215.0,383.4074474991411,598.4074474991411,0.9658128139938376,1668.8667996348781,6.78215858490762
2018,215.0,388.5484716668797,603.5484716668798,0.9658128139938376,1676.5711803992856,7.7043807644074604
2019,215.0,399.41284493865857,614.4128449386585,0.9658128139938376,1686.988284587224,10.417104187938321
2020,215.0,396.9719628374015,611.9719628374015,0.9658128139938376,1695.3960033216972,8.407718734473292
