,natemis,Antr+BB,Totemis,ch4lifetime_fact,Conc,Trend
1950,215.0,163.598,378.598,1.0,1156.1234580696766,
1951,215.0,178.6518045817319,393.6518045817319,1.0,1157.3682177523867,1.2447596827100824
1952,215.0,183.7517426159432,398.75174261594316,1.0,1160.1668295338286,2.7986117814418776
1953,215.0,188.65843901363414,403.65843901363417,1.0,1164.2811501852748,4.114320651446178
1954,215.0,193.14519209920383,408.1451920992038,1.0,1169.424434307104,5.143284121829311
1955,215.0,197.31171867296544,412.3117186729654,1.0,1175.37515037469,5.950716067585972
1956,215.0,203.04187309012457,418.04187309012457,1.0,1182.5620294269106,7.186879052220547
1957,215.0,208.22496909832324,423.22496909832324,1.0,1190.6650294087437,8.102999981833136
1958,215.0,210.34889237508935,425.34889237508935,1.0,1198.5658975074878,7.900868098744013
1959,215.0,214.44709046362615,429.4470904636262,1.0,1206.9427445592996,8.376847051811865
1960,215.0,218.81883565563655,433.8188356556366,1.0,1215.833095346065,8.890350786765339
1961,215.0,224.59797580858205,439.5979758085821,1.0,1225.6467213045075,9.813625958442572
1962,215.0,224.56491415846932,439.5649141584693,1.0,1234.3505366264258,8.703815321918228
1963,215.0,231.44847602366914,446.4484760236692,1.0,1244.3651920887514,10.014655462325663
1964,215.0,229.70272576816996,444.70272576816996,1.0,1252.678898629778,8.313706541026477
1965,215.0,233.7121636365794,448.71216363657936,1.0,1261.3928892724264,8.713990642648469
1966,215.0,235.251836915052,450.25183691505197,1.0,1269.6423586966077,8.24946942418137
1967,215.0,239.17333671769057,454.1733367176906,1.0,1278.270108589155,8.627749892547172
1968,215.0,240.0700010272064,455.0700010272064,1.0,1286.2295085428077,7.959399953652792
1969,215.0,241.81515974676304,456.815159746763,1.0,1293.8771020912006,7.647593548392933
1970,215.0,244.94654067199508,459.9465406719951,1.0,1301.7080412717762,7.8309391805755695
1971,215.0,248.76207785759098,463.76207785759095,1.0,1309.928943243553,8.220901971776811
1972,215.0,256.04497069059664,471.04497069059664,1.0,1319.6473389630787,9.718395719525688
1973,215.0,255.60237187520235,470.6023718752024,1.0,1328.1306167483374,8.483277785258679
1974,215.0,258.8376989548787,473.8376989548787,1.0,1336.7381795339015,8.607562785564141
1975,215.0,261.71079484263964,476.71079484263964,1.0,1345.3358468872625,8.597667353360976
1976,215.0,266.11259910976634,481.11259910976634,1.0,1354.4322725778302,9.096425690567685
1977,215.0,269.5931488630674,484.5931488630674,1.0,1363.6657452317845,9.233472653954323
1978,215.0,272.7548380298701,487.7548380298701,1.0,1372.9150549118428,9.249309680058332
1979,215.0,276.282103452212,491.282103452212,1.0,1382.2998031495108,9.384748237667964
1980,213.46581505527286,279.7152927768357,493.1811078321086,1.0,1391.2642266495486,8.96442350003781
1981,209.98540094753466,281.48962262623303,491.47502357376766,1.0,1398.6584654213998,7.394238771851178
1982,207.34999122653096,290.3138617386215,497.66385296515244,1.0,1407.2795200939381,8.621054672538321
1983,218.54420775574664,285.25634640067585,503.8005541564225,1.0,1416.9727167613487,9.693196667410575
1984,216.13469029654325,288.3160050399723,504.45069533651554,1.0,1425.7964171481838,8.823700386835071
1985,218.52747499561326,290.7718115359584,509.2992865315717,1.0,1435.2419044291466,9.44548728096288
1986,212.30288822600457,293.2029897176004,505.505877943605,1.0,1442.3703305607783,7.128426131631613
1987,207.81014213019827,297.6636160553672,505.47375818556543,1.0,1448.6899211871662,6.319590626387935
1988,212.7546727496052,297.990817919549,510.74549066915415,1.0,1456.052171374607,7.36225018744085
1989,213.67497455693982,299.2419704961214,512.9169450530612,1.0,1463.3110123773868,7.258841002779718
1990,211.0981294964029,302.9738366007256,514.0719660971284,1.0,1470.140557372453,6.829544995066271
1991,210.3200561502018,316.0443104403371,526.3643665905389,1.0,1480.286591027699,10.146033655245901
1992,198.5903912967187,298.3385526293896,496.92894392610833,1.0,1479.5237297385966,-0.7628612891023749
1993,204.7145815055273,298.32968740051797,503.04426890604526,1.0,1480.8766324685212,1.3529027299246081
1994,209.4666853834006,306.8975623385286,516.3642477219291,1.0,1486.5004105081944,5.623778039673198
1995,208.72207755746624,295.94589077222037,504.6679683296866,1.0,1487.6112164698964,1.110805961701999
1996,212.42838392700475,293.32614251621055,505.7545264432153,1.0,1488.9583929106668,1.347176440770454
1997,213.7837374978066,315.2255,529.0092374978067,1.0,1497.875511779753,8.917118869086153
1998,222.52660466748551,297.786,520.3126046674855,1.0,1502.9068137697188,5.031301989965868
1999,211.56664678013686,290.18649999999997,501.75314678013683,1.0,1501.2128425756807,-1.693971194038113
2000,213.03076329180558,286.167,499.1977632918056,1.0,1498.8601339951597,-2.352708580521039
2001,218.326681874013,293.96279999999996,512.289481874013,1.0,1501.117434259697,2.257300264537207
2002,215.21438848920863,308.4886,523.7029884892087,1.0,1506.9113772728015,5.793943013104581
2003,219.3222811019477,313.4844,532.8066811019477,1.0,1515.0790840701281,8.167706797326673
2004,213.74190559747325,321.4202,535.1621055974733,1.0,1523.1142743626726,8.035190292544485
2005,210.64634497280224,328.966,539.6123449728022,1.0,1531.7272845907169,8.613010228044232
2006,215.9673626952097,339.5914,555.5587626952097,1.0,1544.6702570881932,12.942972497476376
2007,213.7502719775399,340.1068,553.8570719775399,1.0,1555.5990245502285,10.928767462035239
2008,213.86740129847342,344.2622,558.1296012984734,1.0,1566.7226160422747,11.123591492046216
2009,219.93302684681524,353.1976,573.1306268468153,1.0,1581.5811802415135,14.8585641992388
2010,226.5508334795578,359.223,585.7738334795579,1.0,1598.9736930451504,17.39251280363692
2011,214.3442849622741,364.4245,578.7687849622741,1.0,1612.093019390674,13.119326345523632
2012,208.27865941393227,373.586,581.8646594139323,1.0,1624.7712317576254,12.678212366951357
2013,214.6454746446745,378.0775,592.7229746446744,1.0,1639.6349262174654,14.863694459839962
2014,215.03869450780837,389.899,604.9376945078084,1.0,1656.8897331472588,17.254806929793403
2015,214.13512546060713,401.9505,616.0856254606072,1.0,1675.9137350565131,19.024001909254366
2016,220.7529320933497,399.27200000000005,620.0249320933498,1.0,1694.1155027039088,18.201767647395627
2017,215.0,406.7735,621.7735,1.0,1710.8597556694122,16.744252965503392
2018,215.0,413.58500000000004,628.585,1.0,1727.9906339799788,17.130878310566686
2019,215.0,427.4565,642.4565,1.0,1747.808834508806,19.81820052882722
2020,215.0,427.918,642.918,1.0,1765.5612091791907,17.752374670384597
