,natemis,Antr+BB,Totemis,ch4lifetime_fact,Conc,Trend
1950,215.0,163.17450659965715,378.17450659965715,1.1198738170347002,1168.2253112438502,
1951,215.0,179.19507276100282,394.19507276100285,1.1198738170347002,1180.6454416422432,12.420130398392985
1952,215.0,185.26177237482784,400.26177237482784,1.1198738170347002,1193.8238064296772,13.17836478743402
1953,215.0,191.13523035213254,406.13523035213257,1.1198738170347002,1207.618545815428,13.794739385750745
1954,215.0,196.588745017316,411.588745017316,1.1198738170347002,1221.826591603354,14.20804578792604
1955,215.0,201.72203317069142,416.7220331706914,1.1198738170347002,1236.2988797274659,14.472288124111856
1956,215.0,208.41894916746426,423.41894916746423,1.1198738170347002,1251.5304408492634,15.23156112179754
1957,215.0,214.5688067552767,429.5688067552767,1.1198738170347002,1267.261194358155,15.730753508891667
1958,215.0,217.6594916116566,432.65949161165656,1.1198738170347002,1282.418970613795,15.157776255639874
1959,215.0,222.72445127980714,437.7244512798071,1.1198738170347002,1297.7212941452603,15.30232353146539
1960,215.0,228.0629580514313,443.06295805143134,1.1198738170347002,1313.2447376370249,15.52344349176451
1961,215.0,236.72050668084023,451.72050668084023,1.113564668769716,1329.4144039991513,16.169666362126463
1962,215.0,239.56585350719098,454.565853507191,1.1159305993690851,1345.1279535673086,15.713549568157305
1963,215.0,249.3278238488543,464.32782384885434,1.1175078864353312,1362.6613238547807,17.533370287472053
1964,215.0,250.4604820698185,465.4604820698185,1.1190851735015772,1378.9518046281503,16.29048077336961
1965,215.0,257.3483284146914,472.3483284146914,1.1175078864353312,1395.7059502232642,16.75414559511387
1966,215.0,261.76641016962753,476.76641016962753,1.1064668769716088,1410.985081021252,15.279130797987818
1967,215.0,268.56631844872953,483.56631844872953,1.1056782334384858,1426.868545836936,15.883464815683965
1968,215.0,272.34139123470885,487.34139123470885,1.1054131054131053,1442.3434413973732,15.47489556043729
1969,215.0,276.9649584307289,491.9649584307289,1.0962145110410093,1456.679150197682,14.335708800308794
1970,215.0,282.9747478324244,497.9747478324244,1.1017350157728707,1472.191436166519,15.512285968836977
1971,215.0,292.39338546227265,507.39338546227265,1.107312440645774,1489.91015642262,17.71872025610105
1972,215.0,305.77288904383573,520.7728890438357,1.0949667616334284,1508.761462149623,18.85130572700291
1973,215.0,317.30180353705,532.30180353705,1.0864197530864197,1528.4219495926911,19.660487443068178
1974,215.0,319.6737152945646,534.6737152945645,1.092117758784425,1547.5455855049825,19.12363591229132
1975,215.0,313.4687162301143,528.4687162301143,1.0892687559354226,1562.2414008678056,14.695815362823168
1976,215.0,328.0681369115893,543.0681369115894,1.090218423551757,1580.395055257279,18.15365438947333
1977,215.0,327.50971043294277,542.5097104329427,1.0816714150047484,1595.334072399542,14.939017142263083
1978,215.0,337.29152495073333,552.2915249507333,1.0721747388414056,1610.67084518943,15.336772789888073
1979,215.0,339.2625001945196,554.2625001945196,1.0796529968454258,1626.0734459259806,15.40260073655054
1980,215.0,331.9744129863428,546.9744129863428,1.0978157644824313,1639.8955567136638,13.822110787683187
1981,215.0,315.6808105870111,530.6808105870111,1.0788224121557457,1644.2517127040708,4.356155990406933
1982,215.0,321.2350753555989,536.2350753555988,1.0858490566037737,1650.975023014243,6.723310310172337
1983,215.0,310.5807537196765,525.5807537196765,1.0683760683760681,1650.9909742321677,0.015951217924566663
1984,215.0,309.44370211114114,524.4437021111412,1.0826210826210825,1652.6311801063903,1.6402058742226018
1985,215.0,308.5329440305821,523.532944030582,1.0759734093067426,1652.865779216511,0.23459911012082557
1986,215.0,311.14209539675954,526.1420953967595,1.0664767331433995,1652.596750015727,-0.269029200784189
1987,215.0,313.06531577001317,528.0653157700132,1.0597156398104266,1652.0228821946764,-0.5738678210504986
1988,215.0,317.1635669480235,532.1635669480236,1.056980056980057,1652.4773670195643,0.4544848248879134
1989,215.0,319.83132361261084,534.8313236126108,1.0503323836657168,1652.7967486716282,0.3193816520638393
1990,213.229158495527,323.79183660072556,537.0209950962526,1.0556603773584907,1654.5929775652294,1.79622889360121
1991,230.46401973376058,335.4818104403371,565.9458301740976,1.0797752808988763,1669.2893254298453,14.696347864615973
1992,187.08466023758422,316.3955526293896,503.48021286697383,1.074688796680498,1660.9038299187469,-8.385495511098497
1993,201.07742439463695,315.00618740051794,516.0836117951549,1.0382022471910113,1652.2632615886869,-8.640568330059978
1994,209.91391164352387,322.1935623385285,532.1074739820524,1.053932584269663,1652.2281860680837,-0.035075520603186305
1995,200.85765603448098,309.8613907722203,510.7190468067013,1.0258426966292136,1640.8649548940402,-11.363231174043449
1996,212.4591393800404,309.1011425162106,521.560281896251,1.0126182965299684,1632.3027780288935,-8.56217686514674
1997,217.02081046246136,332.86,549.8808104624613,1.0674157303370786,1642.2569413600613,9.95416333116782
1998,202.568436978653,317.28000000000003,519.848436978653,1.0443396226415094,1637.8064735610826,-4.450467798978707
1999,215.78806866900686,311.53999999999996,527.3280686690068,1.0058091286307054,1630.4257855065339,-7.3806880545487275
2000,226.5622479195188,309.38,535.9422479195188,1.0,1625.804595014362,-4.621190492171991
2001,215.0509626165587,313.65,528.7009626165586,1.0141509433962264,1621.521786729337,-4.282808285024885
2002,216.04073174324364,324.65000000000003,540.6907317432436,1.02909796314258,1623.9809219520744,2.459135222737359
2003,213.98055262609702,326.12,540.100552626097,1.0404494382022471,1627.6703988433958,3.6894768913214193
2004,208.00169259421529,330.53000000000003,538.5316925942153,1.0337078651685394,1629.4335016959556,1.7631028525597685
2005,205.4572700159953,334.55,540.0072700159953,1.0112359550561796,1628.0505050953843,-1.3829966005712322
2006,211.2339594451393,340.45,551.6839594451393,1.0146067415730338,1631.2260911373996,3.1755860420153112
2007,223.672583039232,336.24,559.912583039232,1.0258426966292136,1638.5192109658374,7.293119828437739
2008,228.03049543871128,335.67,563.7004954387113,1.0,1642.2078010173445,3.6885900515071626
2009,235.04040686312868,339.88,574.9204068631286,1.0078651685393258,1650.470514543533,8.262713526188463
2010,224.2663857353366,341.18,565.4463857353367,1.0024896265560168,1653.8035763458658,3.3330618023328498
2011,247.4109003803281,342.69,590.1009003803281,1.0024896265560168,1664.9507724076998,11.147196061833938
2012,216.66762554529598,348.16,564.827625545296,1.0024896265560168,1666.4603431449555,1.5095707372556717
2013,222.88330630031555,348.96,571.8433063003156,1.0024896265560168,1670.1308020797082,3.670458934752787
2014,220.24898314608367,357.09000000000003,577.3389831460837,1.0024896265560168,1675.2159707654273,5.085168685719054
2015,215.0,365.45,580.45,1.0024896265560168,1680.7659386070172,5.5499678415899325
2016,215.0,358.0,573.0,1.0024896265560168,1683.2219657181615,2.4560271111442944
2017,215.0,360.73,575.73,1.0024896265560168,1686.3100562106338,3.088090492472247
2018,215.0,362.77000000000004,577.77,1.0024896265560168,1689.7304673945391,3.420411183905344
2019,215.0,371.87,586.87,1.0024896265560168,1695.7903502114168,6.059882816877689
2020,215.0,367.56,582.56,1.0024896265560168,1699.7419563256274,3.9516061142105627
