,natemis,Antr+BB,Totemis,ch4lifetime_fact,Conc,Trend
1950,215.0,165.44423622518232,380.4442362251823,1.1198738170347002,1168.9830164644,
1951,215.0,181.5398843317661,396.5398843317661,1.1198738170347002,1182.10862089912,13.125604434720117
1952,215.0,187.68166589082924,402.6816658908292,1.1198738170347002,1195.9455568021067,13.836935902986625
1953,215.0,193.63020581337207,408.6302058133721,1.1198738170347002,1210.3567490935725,14.411192291465795
1954,215.0,199.15880242379365,414.15880242379365,1.1198738170347002,1225.14342618526,14.78667709168758
1955,215.0,204.36717252240715,419.36717252240715,1.1198738170347002,1240.1603823089044,15.016956123644377
1956,215.0,211.13917046441813,426.13917046441816,1.1198738170347002,1255.906112826935,15.745730518030541
1957,215.0,217.36410999746863,432.36410999746863,1.1198738170347002,1272.12364838491,16.217535557974998
1958,215.0,220.52987679908665,435.52987679908665,1.1198738170347002,1287.743613209844,15.619964824933959
1959,215.0,225.6699184124753,440.66991841247534,1.1198738170347002,1303.4860406871871,15.742427477343199
1960,215.0,231.08350712933756,446.0835071293376,1.1198738170347002,1319.4297564216458,15.943715734458692
1961,215.0,239.81707031491294,454.81707031491294,1.113564668769716,1335.999004039784,16.569247618138206
1962,215.0,242.73843169743012,457.7384316974301,1.1159305993690851,1352.0978280080956,16.098823968311535
1963,215.0,252.57641659525984,467.57641659525984,1.1175078864353312,1370.0033224035428,17.90549439544725
1964,215.0,253.78508937239053,468.78508937239053,1.1190851735015772,1386.6542111566282,16.650888753085383
1965,215.0,260.7489502734299,475.7489502734299,1.1175078864353312,1403.756370547861,17.102159391232817
1966,215.0,265.2430465845324,480.2430465845324,1.1064668769716088,1419.3660756309594,15.609705083098333
1967,215.0,272.1189694198009,487.1189694198009,1.1056782334384858,1435.5708755399753,16.204799909015946
1968,215.0,275.9700567619466,490.9700567619466,1.1054131054131053,1451.3591527381016,15.788277198126252
1969,215.0,280.66963851413317,495.66963851413317,1.0962145110410093,1465.994421619717,14.635268881615502
1970,215.0,286.7554424719951,501.7554424719951,1.1017350157728707,1481.8047907288326,15.810369109115527
1971,215.0,296.29479715759095,511.29479715759095,1.107312440645774,1499.8354550110703,18.030664282237694
1972,215.0,309.7925504905967,524.7925504905967,1.0949667616334284,1518.9959053834614,19.160450372391097
1973,215.0,321.5097804752024,536.5097804752024,1.0864197530864197,1538.9888375828045,19.99293219934316
1974,215.0,323.90781625487864,538.9078162548786,1.092117758784425,1558.423940461222,19.43510287841741
1975,215.0,317.6599241426396,532.6599241426396,1.0892687559354226,1573.3818842445899,14.95794378336791
1976,215.0,332.4310155097663,547.4310155097663,1.090218423551757,1591.8284382814106,18.44655403682077
1977,215.0,331.86937666306744,546.8693766630674,1.0816714150047484,1607.0204724006467,15.192034119236041
1978,215.0,341.8147800298701,556.8147800298701,1.0721747388414056,1622.6286797863668,15.608207385720107
1979,215.0,343.8016532522121,558.8016532522121,1.0796529968454258,1638.2870132521298,15.658333465763008
1980,215.0,336.43435957683573,551.4343595768357,1.0978157644824313,1652.3302029214583,14.043189669328513
1981,215.0,319.944026226233,534.9440262262331,1.0788224121557457,1656.7991313805262,4.468928459067911
1982,215.0,325.4862880386215,540.4862880386215,1.0858490566037737,1663.6268040518191,6.82767267129293
1983,215.0,314.78340390067586,529.7834039006759,1.0683760683760681,1663.7011729140443,0.0743688622251284
1984,215.0,313.6218524399723,528.6218524399724,1.0826210826210825,1665.400904281744,1.6997313676997692
1985,215.0,312.6892946359584,527.6892946359584,1.0759734093067426,1665.6743227619136,0.2734184801695392
1986,215.0,315.3279750176004,530.3279750176005,1.0664767331433995,1665.439396525799,-0.23492623611446106
1987,215.0,317.2485140553672,532.2485140553672,1.0597156398104266,1664.8875403642226,-0.551856161576552
1988,215.0,321.411691319549,536.4116913195489,1.056980056980057,1665.3802058721649,0.4926655079423199
1989,215.0,324.1105786961214,539.1105786961214,1.0503323836657168,1665.7364274782353,0.3562216060704486
1990,213.229158495527,328.0908796007256,541.3200380962526,1.0556603773584907,1667.5782541807027,1.841826702467415
1991,230.46401973376058,341.6898806403371,572.1539003740977,1.0797752808988763,1682.9786575013643,15.400403320661553
1992,187.08466023758422,321.75928362938964,508.84394386697386,1.074688796680498,1674.9358330510502,-8.042824450314129
1993,201.07742439463695,320.736322800518,521.813747195155,1.0382022471910113,1666.6779900212,-8.257843029850164
1994,209.91391164352387,332.26831963852857,542.1822312820525,1.053932584269663,1668.4509800422422,1.772990021042233
1995,200.85765603448098,324.2177472722203,525.0754033067013,1.0258426966292136,1660.0817156915818,-8.369264350660387
1996,212.4591393800404,327.5188030162106,539.977942396251,1.0126182965299684,1655.5087300491327,-4.572985642449112
1997,217.02081046246136,350.5117382000001,567.5325486624614,1.0674157303370786,1668.8800242948116,13.371294245678882
1998,202.568436978653,330.2514803,532.8199172786531,1.0443396226415094,1665.869359270874,-3.0106650239376904
1999,215.78806866900686,321.97082819999997,537.7588968690068,1.0058091286307054,1658.8256169777096,-7.043742293164314
2000,226.5622479195188,321.0746415,547.6368894195188,1.0,1654.9072237411224,-3.918393236587235
2001,215.0509626165587,322.0038254,537.0547880165586,1.0141509433962264,1650.178905503401,-4.728318237721396
2002,216.04073174324364,329.2447249,545.2854566432436,1.02909796314258,1651.032058077809,0.8531525744081137
2003,213.98055262609702,336.95281180000006,550.9333644260971,1.0404494382022471,1655.3938376600383,4.361779582229246
2004,208.00169259421529,346.8821553,554.8838478942153,1.0337078651685394,1659.5746282297048,4.180790569666442
2005,205.4572700159953,351.53041470000005,556.9876847159953,1.0112359550561796,1660.4885794114489,0.9139511817440962
2006,211.2339594451393,361.5815305,572.8154899451392,1.0146067415730338,1667.0963268141397,6.607747402690848
2007,223.672583039232,357.22785230000005,580.900435339232,1.0258426966292136,1677.4338838324709,10.337557018331154
2008,228.03049543871128,358.4336323,586.4641277387113,1.0,1684.3229326552778,6.889048822806899
2009,235.04040686312868,359.7836666,594.8240734631287,1.0078651685393258,1694.5112606292994,10.188327974021604
2010,224.2663857353366,365.82240210000003,590.0887878353367,1.0024896265560168,1701.1057391876418,6.594478558342416
2011,247.4109003803281,367.0318972,614.442797580328,1.0024896265560168,1715.0501366390451,13.944397451403347
2012,216.66762554529598,370.96316160000003,587.630787145296,1.0024896265560168,1718.5334084995598,3.4832718605146056
2013,222.88330630031555,370.2459324,593.1292387003156,1.0024896265560168,1723.4532278282616,4.919819328701806
2014,220.24898314608367,377.00284780000004,597.2518309460837,1.0024896265560168,1729.1922177989659,5.738989970704324
2015,215.0,381.5206772,596.5206772,1.0024896265560168,1734.0471495661593,4.8549317671934205
2016,215.0,369.4090335000001,584.4090335000001,1.0024896265560168,1734.3378977997447,0.29074823358541835
2017,215.0,370.1151464,585.1151464,1.0024896265560168,1734.830623640521,0.492725840776302
2018,215.0,373.18654800000013,588.1865480000001,1.0024896265560168,1736.2881560194096,1.4575323788885726
2019,215.0,381.5144058,596.5144058000001,1.0024896265560168,1740.348101931648,4.0599459122383905
2020,215.0,375.00440580000003,590.0044058000001,1.0024896265560168,1741.7927314003302,1.4446294686822512
