,natemis,Antr+BB,Totemis,ch4lifetime_fact,Conc,Trend
1950,215.0,163.598,378.598,1.0,1156.1234580696766,
1951,215.0,178.6518045817319,393.6518045817319,1.0,1157.3682177523867,1.2447596827100824
1952,215.0,183.7517426159432,398.75174261594316,1.0,1160.1668295338286,2.7986117814418776
1953,215.0,188.65843901363414,403.65843901363417,1.0,1164.2811501852748,4.114320651446178
1954,215.0,193.14519209920383,408.1451920992038,1.0,1169.424434307104,5.143284121829311
1955,215.0,197.31171867296544,412.3117186729654,1.0,1175.37515037469,5.950716067585972
1956,215.0,203.04187309012457,418.04187309012457,1.0,1182.5620294269106,7.186879052220547
1957,215.0,208.22496909832324,423.22496909832324,1.0,1190.6650294087437,8.102999981833136
1958,215.0,210.34889237508935,425.34889237508935,1.0,1198.5658975074878,7.900868098744013
1959,215.0,214.44709046362615,429.4470904636262,1.0,1206.9427445592996,8.376847051811865
1960,215.0,218.81883565563655,433.8188356556366,1.0,1215.833095346065,8.890350786765339
1961,215.0,224.59797580858205,439.5979758085821,1.0,1225.6467213045075,9.813625958442572
1962,215.0,224.56491415846932,439.5649141584693,1.0,1234.3505366264258,8.703815321918228
1963,215.0,231.44847602366914,446.4484760236692,1.0,1244.3651920887514,10.014655462325663
1964,215.0,229.70272576816996,444.70272576816996,1.0,1252.678898629778,8.313706541026477
1965,215.0,233.7121636365794,448.71216363657936,1.0,1261.3928892724264,8.713990642648469
1966,215.0,235.251836915052,450.25183691505197,1.0,1269.6423586966077,8.24946942418137
1967,215.0,239.17333671769057,454.1733367176906,1.0,1278.270108589155,8.627749892547172
1968,215.0,240.0700010272064,455.0700010272064,1.0,1286.2295085428077,7.959399953652792
1969,215.0,241.81515974676304,456.815159746763,1.0,1293.8771020912006,7.647593548392933
1970,215.0,244.94654067199508,459.9465406719951,1.0,1301.7080412717762,7.8309391805755695
1971,215.0,248.76207785759098,463.76207785759095,1.0,1309.928943243553,8.220901971776811
1972,215.0,256.04497069059664,471.04497069059664,1.0,1319.6473389630787,9.718395719525688
1973,215.0,255.60237187520235,470.6023718752024,1.0,1328.1306167483374,8.483277785258679
1974,215.0,258.8376989548787,473.8376989548787,1.0,1336.7381795339015,8.607562785564141
1975,215.0,261.71079484263964,476.71079484263964,1.0,1345.3358468872625,8.597667353360976
1976,215.0,266.11259910976634,481.11259910976634,1.0,1354.4322725778302,9.096425690567685
1977,215.0,269.5931488630674,484.5931488630674,1.0,1363.6657452317845,9.233472653954323
1978,215.0,272.7548380298701,487.7548380298701,1.0,1372.9150549118428,9.249309680058332
1979,215.0,276.282103452212,491.282103452212,1.0,1382.2998031495108,9.384748237667964
1980,215.0,279.7152927768357,494.7152927768357,1.0,1391.7735906972234,9.473787547712618
1981,215.0,281.48962262623303,496.48962262623303,1.0,1400.775690621887,9.002099924663526
1982,215.0,290.3138617386215,505.3138617386215,1.0,1411.6995550671554,10.923864445268464
1983,215.0,285.25634640067585,500.25634640067585,1.0,1419.72112863871,8.021573571554654
1984,215.0,288.3160050399723,503.3160050399723,1.0,1427.8603607335253,8.13923209481527
1985,215.0,290.7718115359584,505.7718115359584,1.0,1435.903592424695,8.043231691169694
1986,215.0,293.2029897176004,508.2029897176004,1.0,1443.8533960630168,7.949803638321782
1987,215.0,297.6636160553672,512.6636160553671,1.0,1452.394028969945,8.540632906928295
1988,215.0,297.990817919549,512.990817919549,1.0,1460.086999477787,7.692970507841892
1989,215.0,299.2419704961214,514.2419704961214,1.0,1467.333980988431,7.246981510643991
1990,200.3301288457454,302.9738366007256,503.303965446471,1.0,1470.1379942926706,2.804013304239561
1991,199.7503266400383,316.0443104403371,515.7946370803754,1.0,1476.7750638357131,6.637069543042571
1992,184.67510149951386,298.3385526293896,483.01365412890345,1.0,1471.7853799628801,-4.989683872832984
1993,197.36691793433434,298.32968740051797,495.6966053348523,1.0,1471.5652529663141,-0.22012699656602308
1994,206.86238646048096,306.8975623385286,513.7599487990095,1.0,1477.3669761088552,5.80172314254105
1995,201.7570917407637,295.94589077222037,497.7029825129841,1.0,1477.1880129433587,-0.17896316549649782
1996,213.15982548765285,293.32614251621055,506.4859680038634,1.0,1479.9451233521304,2.757110408771723
1997,219.11808678658687,315.2255,534.3435867865869,1.0,1491.6425148804672,11.697391528336766
1998,212.25503626636817,297.786,510.04103626636817,1.0,1493.9614681354237,2.3189532549565683
1999,221.87093317633915,290.18649999999997,512.0574331763391,1.0,1496.6902307088667,2.728762573442964
2000,227.84472784773624,286.167,514.0117278477362,1.0,1499.7622976253722,3.0720669165054915
2001,206.6473954472032,293.96279999999996,500.6101954472032,1.0,1498.0409478407025,-1.7213497846696555
2002,212.26455200956343,308.4886,520.7531520095635,1.0,1503.199991841839,5.159044001136408
2003,215.22835450612564,313.4844,528.7127545061256,1.0,1510.42404056838,7.224048726541014
2004,212.63153770421576,321.4202,534.0517377042158,1.0,1518.6118043631536,8.187763794773673
2005,212.49070626724972,328.966,541.4567062672497,1.0,1528.3413027023898,9.729498339236216
2006,213.71072289363457,339.5914,553.3021228936345,1.0,1540.9141783782352,12.572875675845353
2007,219.18200332427125,340.1068,559.2888033242713,1.0,1554.0669014589273,13.152723080692112
2008,228.68671106740234,344.2622,572.9489110674024,1.0,1570.2821974250126,16.21529596608525
2009,221.551417970207,353.1976,574.749017970207,1.0,1585.2795158182123,14.997318393199748
2010,221.69514826634378,359.223,580.9181482663438,1.0,1600.6457913300255,15.366275511813228
2011,227.28038439645948,364.4245,591.7048843964595,1.0,1617.8728009695224,17.227009639496828
2012,209.97597491597992,373.586,583.5619749159799,1.0,1630.4673748742118,12.594573904689469
2013,213.54435145588445,378.0775,591.6218514558844,1.0,1644.327687528248,13.860312654036079
2014,216.40412124879504,389.899,606.303121248795,1.0,1661.5103796568078,17.182692128559893
2015,206.32314747732138,401.9505,608.2736474773213,1.0,1677.423355494826,15.912975838018156
2016,201.11929681211606,399.27200000000005,600.3912968121161,1.0,1688.9375362653573,11.514180770531311
2017,215.0,406.7735,621.7735,1.0,1706.2615672697636,17.32403100440638
2018,215.0,413.58500000000004,628.585,1.0,1723.9073057449325,17.645738475168855
2019,215.0,427.4565,642.4565,1.0,1744.1827174326982,20.275411687765654
2020,215.0,427.918,642.918,1.0,1762.3411092281776,18.158391795479474
