,natemis,Antr+BB,Totemis,ch4lifetime_fact,Conc,Trend
1950,215.0,140.0104525128931,355.0104525128931,1.0,1148.2921671265242,
1951,215.0,155.2647590189582,370.2647590189582,1.0,1142.6490757852414,-5.643091341282798
1952,215.0,160.56519897750266,375.56519897750263,1.0,1139.3976392869768,-3.2514364982646384
1953,215.0,165.67239729952678,380.6723972995268,1.0,1138.2059054457936,-1.1917338411831224
1954,215.0,170.3596523094297,385.3596523094297,1.0,1138.703823714394,0.4979182686004151
1955,215.0,174.7266808075245,389.72668080752453,1.0,1140.595885116149,1.8920614017549724
1956,215.0,180.6573371490168,395.6573371490168,1.0,1144.2451265094755,3.6492413933265198
1957,215.0,186.04093508154867,401.0409350815487,1.0,1149.2731674507006,5.028040941225072
1958,215.0,188.36536028264797,403.365360282648,1.0,1154.509948900656,5.236781449955288
1959,215.0,192.664060295518,407.66406029551797,1.0,1160.5875762235828,6.077627322926901
1960,215.0,197.23630741186156,412.23630741186156,1.0,1167.5027199722417,6.91514374865892
1961,215.0,205.11807849022705,420.11807849022705,1.0,1176.260396798183,8.75767682594119
1962,215.0,207.1876477655343,422.1876477655343,1.0,1184.7245913836991,8.464194585516225
1963,215.0,216.17384055615415,431.1738405561541,1.0,1195.2245500359925,10.499958652293344
1964,215.0,216.530721226075,431.530721226075,1.0,1204.6673138021704,9.442763766177904
1965,215.0,222.6427900199044,437.6427900199044,1.0,1215.082034424504,10.414720622333562
1966,215.0,226.28509422379705,441.28509422379705,1.0,1225.5398962590723,10.457861834568348
1967,215.0,232.3092249518556,447.30922495185564,1.0,1236.8268579188905,11.28696165981819
1968,215.0,235.30852018679144,450.30852018679144,1.0,1247.8458106543333,11.018952735442781
1969,215.0,239.15630983176808,454.1563098317681,1.0,1258.9084717277492,11.062661073415939
1970,215.0,244.39032168242014,459.3903216824201,1.0,1270.4701861127298,11.561714384980633
1971,215.0,249.2500236569801,464.2500236569801,1.0,1282.3508002482222,11.880614135492351
1972,215.0,257.1728277174416,472.1728277174416,1.0,1295.5315859934315,13.180785745209278
1973,215.0,260.25257580258824,475.25257580258824,1.0,1308.2590220299608,12.727436036529298
1974,215.0,261.75608614159665,476.75608614159665,1.0,1320.0605440450217,11.801522015060982
1975,215.0,262.9879199985267,477.9879199985267,1.0,1330.949627649278,10.889083604256257
1976,215.0,269.88077697352765,484.88077697352765,1.0,1342.9079524898002,11.95832484052221
1977,215.0,273.963154930751,488.963154930751,1.0,1354.8826895266109,11.974737036810666
1978,215.0,276.2604287421843,491.2604287421843,1.0,1366.2793294646717,11.396639938060844
1979,215.0,281.5334355614996,496.5334355614996,1.0,1378.1505737293603,11.871244264688585
1980,215.0,283.2799933041633,498.2799933041633,1.0,1389.2724660114977,11.121892282137424
1981,215.0,279.7228833024812,494.7228833024812,1.0,1397.9680430947417,8.695577083243961
1982,215.0,287.61463066683257,502.61463066683257,1.0,1408.3101099661012,10.34206687135952
1983,215.0,281.5577046073275,496.5577046073275,1.0,1415.48321606544,7.173106099338838
1984,215.0,284.9536362831875,499.9536362831875,1.0,1422.9806296355312,7.497413570091112
1985,215.0,285.63759742417085,500.63759742417085,1.0,1429.8656377903958,6.885008154864636
1986,215.0,290.77781253724584,505.77781253724584,1.0,1437.686330558982,7.820692768586241
1987,215.0,295.02494838641707,510.02494838641707,1.0,1446.041428288314,8.355097729331874
1988,215.0,298.6755905767461,513.6755905767461,1.0,1454.6730519484772,8.631623660163314
1989,215.0,302.17109081824873,517.1710908182488,1.0,1463.4987302622226,8.825678313745357
1990,213.229158495527,305.2999200711051,518.529078566632,1.0,1471.787060334006,8.28833007178332
1991,230.46401973376058,318.81183287573293,549.2758526094935,1.0,1489.3555667729077,17.56850643890175
1992,187.08466023758422,299.49068782266335,486.57534806024756,1.0,1484.1397576110066,-5.2158091619010065
1993,201.07742439463695,299.5481852918242,500.6256096864612,1.0,1484.1727847361274,0.03302712512072503
1994,209.91391164352387,310.39650696329267,520.3104186068165,1.0,1490.7376582884747,6.564873552347308
1995,200.85765603448098,305.56039716107193,506.41805319555294,1.0,1491.955063568539,1.217405280064213
1996,212.4591393800404,307.45705920620384,519.9161985862443,1.0,1497.5176688412544,5.562605272715473
1997,217.02081046246136,331.457796516877,548.4786069793383,1.0,1511.9404202365813,14.42275139532694
1998,202.568436978653,315.50915615703855,518.0775931356916,1.0,1514.6548261738149,2.7144059372335505
1999,215.78806866900686,309.5890972813972,525.3771659504041,1.0,1519.4888273418503,4.834001168035456
2000,226.5622479195188,310.3755556419565,536.9378035614753,1.0,1527.6198063878057,8.130979045955428
2001,215.0509626165587,313.1005194228316,528.1514820393903,1.0,1531.9232153013525,4.303408913546718
2002,216.04073174324364,322.47491151980734,538.515643263051,1.0,1539.1857710413142,7.262555739961726
2003,213.98055262609702,328.33133481161764,542.3118874377146,1.0,1546.8955261272981,7.709755085983943
2004,208.00169259421529,339.1599047856282,547.1615973798434,1.0,1555.3521682420117,8.456642114713532
2005,205.4572700159953,346.62478641877203,552.0820564347673,1.0,1564.4955576617258,9.14338941971414
2006,211.2339594451393,356.7053574534424,567.9393168985816,1.0,1577.879921615352,13.384363953626234
2007,223.672583039232,355.2617524896731,578.9343355289051,1.0,1593.416086547372,15.536164932020029
2008,228.03049543871128,360.75844432030715,588.7889397590184,1.0,1610.4844863620415,17.06839981466942
2009,235.04040686312868,364.45377111581536,599.494177978944,1.0,1629.1959749883174,18.711488626275923
2010,224.2663857353366,371.1593157300012,595.4257014653379,1.0,1644.4615610831197,15.265586094802302
2011,247.4109003803281,372.924998542445,620.3358989227731,1.0,1666.2882795113746,21.826718428254935
2012,216.66762554529598,381.0856580369786,597.7532835822745,1.0,1678.1734116084056,11.885132097030919
2013,222.88330630031555,381.87778643760544,604.761092737921,1.0,1691.0544223946533,12.88101078624777
2014,220.24898314608367,388.1687589286987,608.4177420747824,1.0,1703.7071860631195,12.65276366846615
2015,215.0,398.732,613.732,1.0,1716.7076013693104,13.000415306190916
2016,215.0,390.97880000000004,605.9788000000001,1.0,1725.6782209039698,8.970619534659363
2017,215.0,393.4056,608.4056,1.0,1734.4501189672442,8.77189806327442
2018,215.0,395.1424,610.1424,1.0,1742.8164598588585,8.3663408916143
2019,215.0,403.9392,618.9392,1.0,1753.166641302324,10.350181443465544
2020,215.0,399.326,614.326,1.0,1760.8262842175689,7.659642915244831
