,natemis,Antr+BB,Totemis,ch4lifetime_fact,Conc,Trend
1950,215.0,145.69132180652684,360.69132180652684,1.0247219712311393,1152.9186839871857,
1951,215.0,161.13354968984004,376.13354968984004,1.0244368393312933,1151.405409565321,-1.5132744218647076
1952,215.0,166.62191102563256,381.6219110256326,1.0241517074314475,1151.8518649009052,0.44645533558423267
1953,215.0,171.91703072490478,386.91703072490475,1.0238665755316017,1153.9786243284002,2.126759427495017
1954,215.0,176.79220711205573,391.79220711205573,1.0235814436317556,1157.4614519822023,3.4828276538021328
1955,215.0,181.34715698739865,396.34715698739865,1.0232963117319098,1162.044757083117,4.583305100914686
1956,215.0,187.46573470613905,402.4657347061391,1.023011179832064,1168.1271129713477,6.0823558882307225
1957,215.0,193.03725401591896,408.03725401591896,1.0227260479322182,1175.3616159793785,7.234503008030742
1958,215.0,195.54960059426637,410.5496005942664,1.0224409160323724,1182.604412645112,7.242796665733522
1959,215.0,200.03622198438438,415.0362219843844,1.0221557841325264,1190.5103890305136,7.905976385401573
1960,215.0,204.79639047797613,419.79639047797616,1.0218706522326806,1199.0970977870495,8.586708756535927
1961,215.0,212.86841715028493,427.8684171502849,1.0215855203328348,1209.389943240889,10.29284545383939
1962,215.0,215.12824201953555,430.12824201953555,1.021300388432989,1219.2688944016068,9.878951160717861
1963,215.0,224.30469040409875,439.3046904040988,1.021015256533143,1231.077746044811,11.808851643204207
1964,215.0,224.85182666796288,439.8518266679629,1.0207301246332972,1241.7354459574092,10.657699912598218
1965,215.0,231.1541510557357,446.1541510557357,1.0204449927334514,1253.2808644646643,11.545418507255135
1966,215.0,234.98671085357168,449.9867108535717,1.0201598608336055,1264.7947972425343,11.513932777869968
1967,215.0,241.20109717557358,456.2010971755736,1.0198747289337597,1277.0716492916636,12.276852049129275
1968,215.0,244.3906480044528,459.3906480044528,1.0195895970339137,1289.0214325185675,11.949783226903946
1969,215.0,248.42869324337278,463.4286932433728,1.019304465134068,1300.9615038298157,11.940071311248175
1970,215.0,253.8529606879682,468.8529606879682,1.0190193332342221,1313.3529476185706,12.391443788754941
1971,215.0,257.52620629587904,472.52620629587904,1.0199605556308,1325.7165489516904,12.363601333119732
1972,215.0,264.8182405958808,479.8182405958808,1.0209017780273781,1339.2600870082379,13.543538056547504
1973,215.0,267.14971892758393,482.14971892758393,1.021843000423956,1352.2071154796856,12.947028471447766
1974,215.0,268.7846400384715,483.7846400384715,1.0227842228205342,1364.3937943784244,12.186678898738819
1975,215.0,271.109550132768,486.109550132768,1.0237254452171123,1376.1349823143255,11.741187935901053
1976,215.0,275.151199176438,490.151199176438,1.0246666676136902,1388.0521317131665,11.917149398841048
1977,215.0,277.8837806829508,492.8837806829508,1.0256078900102683,1399.6926321098688,11.640500396702237
1978,215.0,279.1532573379765,494.1532573379765,1.0265491124068462,1410.6022375091377,10.909605399268912
1979,215.0,283.509905097283,498.509905097283,1.0274903348034243,1421.8890986081713,11.286861099033558
1980,215.0,282.39789700257745,497.39789700257745,1.0284315572000022,1431.695449293654,9.806350685482812
1981,215.0,277.70632086781643,492.70632086781643,1.0283999636415508,1438.8648286105356,7.169379316881532
1982,215.0,285.44898160510485,500.44898160510485,1.0283683700830994,1447.8198152110094,8.95498660047383
1983,215.0,279.2322937007664,494.2322937007664,1.0283367765246483,1453.7238212519642,5.904006040954755
1984,215.0,284.2736509570633,499.2736509570633,1.0283051829661969,1460.6536784939794,6.9298572420152595
1985,215.0,287.21176940850773,502.21176940850773,1.0282735894077457,1467.7978205066293,7.144142012649809
1986,215.0,291.2706380860499,506.2706380860499,1.028241995849294,1475.5053793792736,7.707558872644313
1987,215.0,295.5911049346384,510.5911049346384,1.0282104022908427,1483.8016320533027,8.29625267402912
1988,215.0,299.50593861356083,514.5059386135608,1.0281788087323915,1492.487246867583,8.68561481428037
1989,215.0,304.6665974459152,519.6665974459152,1.0281472151739401,1501.933768558684,9.446521691100997
1990,215.0,307.914041620146,522.914041620146,1.0281156216154888,1511.4217789444187,9.488010385734697
1991,215.0,320.68279532797294,535.6827953279729,1.0253040594539398,1523.7185477177052,12.29676877328643
1992,215.0,304.53940686846767,519.5394068684677,1.022492497292391,1528.8974570231524,5.178909305447178
1993,215.0,305.54609779725865,520.5460977972587,1.019680935130842,1533.435611578845,4.538154555692699
1994,215.0,317.597620646701,532.597620646701,1.0168693729692933,1541.069048751185,7.633437172339882
1995,215.0,312.19366926980626,527.1936692698063,1.0140578108077443,1545.6501161885988,4.581067437413822
1996,215.0,314.27731063372306,529.2773106337231,1.0112462486461955,1549.999260938386,4.349144749787229
1997,215.0,337.39423398689746,552.3942339868975,1.0084346864846467,1561.1237695960638,11.12450865767778
1998,215.0,318.3664476301497,533.3664476301497,1.0056231243230978,1564.2654356192618,3.141666023198013
1999,215.0,313.54878980346416,528.5487898034642,1.0028115621615488,1565.0284056635455,0.7629700442837475
2000,214.54182802451348,315.2590354804872,529.8008635050007,1.0,1565.6907758957727,0.6623702322272038
2001,214.1563307106119,315.6535417996881,529.8098725103,0.9972303853728057,1565.8548502230392,0.1640743272664622
2002,210.9910221949882,322.5524780298677,533.543500224856,0.9944607707456116,1566.8103379753686,0.9554877523294181
2003,216.58474794423114,328.93805732438307,545.5228052686142,0.9916911561184175,1571.2017688504527,4.391430875084097
2004,214.9715301815769,336.0629318005267,551.0344619821036,0.9889215414912234,1576.4908286739897,5.289059823536945
2005,211.68655777411277,342.20939793202444,553.8959557061372,0.9861519268640292,1581.6914442612906,5.200615587300945
2006,215.33501141148187,352.88884852886645,568.2238599403483,0.9833823122368349,1590.6119222862353,8.920478024944714
2007,221.73297175848361,350.1027628899805,571.8357346484642,0.9806126976096409,1599.2681959467484,8.65627366051308
2008,222.4890299842028,353.6885615404862,576.177591524689,0.9862691313599595,1609.3002508907055,10.032054943957064
2009,221.62496344052374,355.1745289722293,576.7994924127531,0.9919255651102782,1619.3186504888602,10.018399598154701
2010,229.6133484279244,360.86969570672267,590.4830441346471,0.9975819988605968,1633.661906388547,14.343255899686937
2011,225.50885967028023,366.86200176465536,592.3708614349356,0.9982952851331266,1647.138028963905,13.476122575357977
2012,223.21279795339362,372.93936189598577,596.1521598493794,0.9990085714056565,1660.4746011959107,13.336572232005665
2013,225.03624773381947,372.12612208235606,597.1623698161756,0.9997218576781862,1672.768953368668,12.294352172757272
2014,224.39070161600486,379.6360199266544,604.0267215426593,1.000435143950716,1686.083042337157,13.314088968488932
2015,218.5213862976749,386.38580047504416,604.9071867727191,0.99758407518491,1697.724414165695,11.641371828538013
2016,232.2276504805425,378.3196319917136,610.5472824722561,0.9947330064191041,1709.4512753180234,11.72686115232841
2017,232.8928815675776,383.4074474991411,616.3003290667186,0.9918819376532981,1721.2820993045377,11.83082398651436
2018,231.29149205397255,388.5484716668797,619.8399637208522,0.9952698352126487,1733.5360778278553,12.253978523317528
2019,231.55775716395522,399.41284493865857,630.9706021026138,0.9986577327719993,1748.690035139341,15.153957311485783
2020,236.7967217793075,396.9719628374015,633.768684616709,1.0208161755200762,1766.8273422193313,18.13730707999025
