,natemis,Antr+BB,Totemis,ch4lifetime_fact,Conc,Trend
1950,215.0,145.69132180652684,360.69132180652684,1.1198738170347002,1162.3888890371666,
1951,215.0,161.13354968984004,376.13354968984004,1.1198738170347002,1169.374921556607,6.986032519440414
1952,215.0,166.62191102563256,381.6219110256326,1.1198738170347002,1177.4804704530454,8.10554889643845
1953,215.0,171.91703072490478,386.91703072490475,1.1198738170347002,1186.526820451061,9.046349998015558
1954,215.0,176.79220711205573,391.79220711205573,1.1198738170347002,1196.2778076109516,9.750987159890656
1955,215.0,181.34715698739865,396.34715698739865,1.1198738170347002,1206.554648321571,10.276840710619354
1956,215.0,187.46573470613905,402.4657347061391,1.1198738170347002,1217.825685481299,11.271037159727939
1957,215.0,193.03725401591896,408.03725401591896,1.1198738170347002,1229.806873217068,11.981187735769026
1958,215.0,195.54960059426637,410.5496005942664,1.1198738170347002,1241.4045213960542,11.59764817898622
1959,215.0,200.03622198438438,415.0362219843844,1.1198738170347002,1253.3168294263605,11.912308030306349
1960,215.0,204.79639047797613,419.79639047797616,1.1198738170347002,1265.603016286403,12.286186860042562
1961,215.0,212.86841715028493,427.8684171502849,1.113564668769716,1278.6948037416494,13.091787455246276
1962,215.0,215.12824201953555,430.12824201953555,1.1159305993690851,1291.440676693961,12.745872952311629
1963,215.0,224.30469040409875,439.3046904040988,1.1175078864353312,1306.1076639230541,14.666987229093138
1964,215.0,224.85182666796288,439.8518266679629,1.1190851735015772,1319.6220081736292,13.51434425057505
1965,215.0,231.1541510557357,446.1541510557357,1.1175078864353312,1333.6954866797282,14.073478506099036
1966,215.0,234.98671085357168,449.9867108535717,1.1064668769716088,1346.4282827735994,12.73279609387123
1967,215.0,241.20109717557358,456.2010971755736,1.1056782334384858,1359.8365801710777,13.408297397478236
1968,215.0,244.3906480044528,459.3906480044528,1.1054131054131053,1372.8975718810848,13.060991710007102
1969,215.0,248.42869324337278,463.4286932433728,1.0962145110410093,1384.9258409761385,12.028269095053702
1970,215.0,253.8529606879682,468.8529606879682,1.1017350157728707,1398.1420637634408,13.216222787302286
1971,215.0,257.52620629587904,472.52620629587904,1.107312440645774,1411.8512126143785,13.709148850937709
1972,215.0,264.8182405958808,479.8182405958808,1.0949667616334284,1425.155984492725,13.304771878346628
1973,215.0,267.14971892758393,482.14971892758393,1.0864197530864197,1436.8412779331516,11.685293440426449
1974,215.0,268.7846400384715,483.7846400384715,1.092117758784425,1448.5328950220662,11.691617088914654
1975,215.0,271.109550132768,486.109550132768,1.0892687559354226,1459.4387099658468,10.90581494378057
1976,215.0,275.151199176438,490.151199176438,1.090218423551757,1470.669496713679,11.230786747832326
1977,215.0,277.8837806829508,492.8837806829508,1.0816714150047484,1480.5851572359136,9.915660522234475
1978,215.0,279.1532573379765,494.1532573379765,1.0721747388414056,1488.684393506888,8.099236270974416
1979,215.0,283.509905097283,498.509905097283,1.0796529968454258,1498.329843634116,9.64545012722806
1980,215.0,282.39789700257745,497.39789700257745,1.0978157644824313,1508.8626828007598,10.532839166643726
1981,215.0,277.70632086781643,492.70632086781643,1.0788224121557457,1514.3466024721836,5.483919671423791
1982,215.0,285.44898160510485,500.44898160510485,1.0858490566037737,1522.732026765091,8.385424292907373
1983,215.0,279.2322937007664,494.2322937007664,1.0683760683760681,1525.903544298513,3.1715175334220476
1984,215.0,284.2736509570633,499.2736509570633,1.0826210826210825,1532.2739081617192,6.370363863206194
1985,215.0,287.21176940850773,502.21176940850773,1.0759734093067426,1538.0915063472062,5.817598185486986
1986,215.0,291.2706380860499,506.2706380860499,1.0664767331433995,1543.3912824633853,5.299776116179146
1987,215.0,295.5911049346384,510.5911049346384,1.0597156398104266,1548.6559280199942,5.264645556608912
1988,215.0,299.50593861356083,514.5059386135608,1.056980056980057,1554.2888587268121,5.632930706817888
1989,215.0,304.6665974459152,519.6665974459152,1.0503323836657168,1560.118920415906,5.830061689093782
1990,203.46046503508242,307.914041620146,511.3745066552284,1.0556603773584907,1563.301205382765,3.182284966859015
1991,203.86480763910888,320.68279532797294,524.5476029670818,1.0797752808988763,1573.796613557649,10.495408174884005
1992,192.99593815610623,304.53940686846767,497.53534502457387,1.074688796680498,1573.5065554973837,-0.29005806026520986
1993,197.53013600762725,305.54609779725865,503.0762338048859,1.0382022471910113,1570.0271293617895,-3.479426135594167
1994,201.6702175992425,317.597620646701,519.2678382459435,1.053932584269663,1574.5356984231823,4.508569061392791
1995,198.42425222373905,312.19366926980626,510.6179214935453,1.0258426966292136,1571.6568091682586,-2.878889254923706
1996,207.98618316435926,314.27731063372306,522.2634937980823,1.0126182965299684,1570.9976781292366,-0.659131039021986
1997,214.82762962942098,337.39423398689746,552.2218636163184,1.0674157303370786,1588.2366069474333,17.238928818196655
1998,212.48904469996359,318.3664476301497,530.8554923301133,1.0443396226415094,1593.2845580966555,5.047951149222172
1999,217.9089641525754,313.54878980346416,531.4577539560396,1.0058091286307054,1592.236704606868,-1.0478534897874852
2000,223.84146230918932,315.2590354804872,539.1004977896765,1.0,1592.9401229941006,0.7034183872326594
2001,212.14445447990562,315.6535417996881,527.7979962795937,1.0141509433962264,1591.9946993844992,-0.9454236096014483
2002,212.8758216861255,322.5524780298677,535.4282997159933,1.02909796314258,1595.9329435709972,3.9382441864979683
2003,211.72546899530604,328.93805732438307,540.6635263196891,1.0404494382022471,1602.849171296958,6.91622772596088
2004,213.08436107609737,336.0629318005267,549.1472928766241,1.0337078651685394,1610.846868903148,7.997697606190059
2005,212.75712594098638,342.20939793202444,554.9665238730108,1.0112359550561796,1616.495340520047,5.64847161689886
2006,214.2753006005639,352.88884852886645,567.1641491294304,1.0146067415730338,1626.0927112266766,9.59737070662959
2007,219.2960049118257,350.1027628899805,569.3987678018062,1.0258426966292136,1637.1021966664728,11.009485439796208
2008,223.58951985494042,353.6885615404862,577.2780813954266,1.0,1645.4573382755998,8.355141609127031
2009,225.71980135560707,355.1745289722293,580.8943303278364,1.0078651685393258,1655.342737142874,9.885398867274262
2010,221.51078875464103,360.86969570672267,582.3804844613637,1.0024896265560168,1663.754369862175,8.411632719300997
2011,231.70388323857958,366.86200176465536,598.5658850032349,1.0024896265560168,1676.6004717076185,12.8461018454434
2012,214.9830507354091,372.93936189598577,587.9224126313949,1.0024896265560168,1684.4769616741978,7.876489966579356
2013,217.41204857078336,372.12612208235606,589.5381706531394,1.0024896265560168,1692.0098441086632,7.532882434465364
2014,224.21455529617825,379.6360199266544,603.8505752228326,1.0024896265560168,1703.4534562409003,11.44361213223715
2015,216.73377395544077,386.38580047504416,603.1195744304849,1.0024896265560168,1713.3756238332999,9.922167592399546
2016,211.4816056757864,378.3196319917136,589.8012376675,1.0024896265560168,1717.7667081960415,4.391084362741594
2017,219.41648958015332,383.4074474991411,602.8239370792944,1.0024896265560168,1725.991339511051,8.224631315009447
2018,220.87595683236208,388.5484716668797,609.4244284992418,1.0024896265560168,1735.4886507401866,9.497311229135676
2019,217.1260225955851,399.41284493865857,616.5388675342436,1.0024896265560168,1746.2870891905861,10.798438450399544
2020,215.0,396.9719628374015,611.9719628374015,1.0024896265560168,1754.3624569080926,8.075367717506424
