,natemis,Antr+BB,Totemis,ch4lifetime_fact,Conc,Trend
1950,215.0,165.44423622518232,380.4442362251823,1.0386734286208537,1160.9810871162724,
1951,215.0,181.5398843317661,396.5398843317661,1.0386734286208537,1166.8978171570557,5.91673004078325
1952,215.0,187.68166589082924,402.6816658908292,1.0386734286208537,1174.2154788835567,7.317661726501001
1953,215.0,193.63020581337207,408.6302058133721,1.0386734286208537,1182.7177639624829,8.502285078926207
1954,215.0,199.15880242379365,414.15880242379365,1.0386734286208537,1192.136427316632,9.418663354149203
1955,215.0,204.36717252240715,419.36717252240715,1.0386734286208537,1202.2655035842458,10.129076267613755
1956,215.0,211.13917046441813,426.13917046441816,1.0386734286208537,1213.5480266925501,11.282523108304304
1957,215.0,217.36410999746863,432.36410999746863,1.0386734286208537,1225.6768510664294,12.128824373879297
1958,215.0,220.52987679908665,435.52987679908665,1.0386734286208537,1237.5425289768411,11.865677910411705
1959,215.0,225.6699184124753,440.66991841247534,1.0386734286208537,1249.830342559921,12.287813583079924
1960,215.0,231.08350712933756,446.0835071293376,1.0386734286208537,1262.585475048501,12.755132488579875
1961,215.0,239.81707031491294,454.81707031491294,1.0273688805761167,1275.538332413185,12.95285736468395
1962,215.0,242.73843169743012,457.7384316974301,1.0286336117988735,1288.1949717709326,12.656639357747736
1963,215.0,252.57641659525984,467.57641659525984,1.0303815209511082,1302.9482329738792,14.753261202946533
1964,215.0,253.78508937239053,468.78508937239053,1.0388161109745009,1317.5075892509337,14.559356277054576
1965,215.0,260.7489502734299,475.7489502734299,1.0466500135860857,1333.7437649510414,16.23617570010765
1966,215.0,265.2430465845324,480.2430465845324,1.0309948094306236,1347.8092793522328,14.065514401191422
1967,215.0,272.1189694198009,487.1189694198009,1.0343317923476247,1363.0427532535346,15.23347390130175
1968,215.0,275.9700567619466,490.9700567619466,1.0390130401356572,1378.4857378070085,15.442984553473934
1969,215.0,280.66963851413317,495.66963851413317,1.03733064240917,1393.6036568715058,15.1179190644973
1970,215.0,286.7554424719951,501.7554424719951,1.044520863970062,1410.019069755376,16.415412883870204
1971,215.0,296.29479715759095,511.29479715759095,1.0311148875281522,1426.0975465473846,16.078476792008587
1972,215.0,309.7925504905967,524.7925504905967,1.0410234769727889,1446.2134138969268,20.115867349542214
1973,215.0,321.5097804752024,536.5097804752024,1.0237676802553786,1465.727802168068,19.514388271141115
1974,215.0,323.90781625487864,538.9078162548786,1.0255205419074267,1484.1384437432207,18.410641575152795
1975,215.0,317.6599241426396,532.6599241426396,1.0294434565934747,1498.9982581465206,14.859814403299879
1976,215.0,332.4310155097663,547.4310155097663,1.0411371895645516,1518.7646170348328,19.766358888312197
1977,215.0,331.86937666306744,546.8693766630674,1.04310064917037,1536.4751579078454,17.710540873012633
1978,215.0,341.8147800298701,556.8147800298701,1.038188476513601,1554.8891822714374,18.414024363592034
1979,215.0,343.8016532522121,558.8016532522121,1.0481297495588873,1573.3715462657037,18.48236399426628
1980,215.0,336.43435957683573,551.4343595768357,1.054811359742319,1588.3521376231133,14.980591357409594
1981,215.0,319.944026226233,534.9440262262331,1.0453494500609413,1594.892916092408,6.540778469294764
1982,215.0,325.4862880386215,540.4862880386215,1.0607031737894599,1604.7527200414045,9.859803948996387
1983,215.0,314.78340390067586,529.7834039006759,1.0432038431370887,1607.4948292083945,2.742109166990076
1984,215.0,313.6218524399723,528.6218524399724,1.0308940203039962,1607.742757028186,0.24792781979135725
1985,215.0,312.6892946359584,527.6892946359584,1.024425100745979,1606.6850909388486,-1.0576660893373173
1986,215.0,315.3279750176004,530.3279750176005,1.0354513129905416,1608.2638687126987,1.5787777738501063
1987,215.0,317.2485140553672,532.2485140553672,1.0403399650985459,1611.0283958608413,2.7645271481426335
1988,215.0,321.411691319549,536.4116913195489,1.0222870139004354,1612.1859717190393,1.1575758581980153
1989,215.0,324.1105786961214,539.1105786961214,1.0267543659990674,1614.7885851198728,2.602613400833434
1990,200.3301288457454,328.0908796007256,528.421008446471,1.030736205492146,1614.1497090941416,-0.6388760257311787
1991,199.7503266400383,341.6898806403371,541.4402072803754,1.0498448088618946,1620.719490960729,6.569781866587391
1992,184.67510149951386,321.75928362938964,506.4343851289035,1.0436593028024648,1614.0331777033975,-6.686313257331449
1993,197.36691793433434,320.736322800518,518.1032407348523,1.0224136274039968,1608.7942160020802,-5.238961701317294
1994,206.86238646048096,332.26831963852857,539.1307060990096,1.0257079106974367,1611.617747097065,2.8235310949846735
1995,201.7570917407637,324.2177472722203,525.974839012984,1.006485120188085,1606.8115711188082,-4.806175978256761
1996,213.15982548765285,327.5188030162106,540.6786285038635,1.0050644518952168,1607.2023388843625,0.39076776555430115
1997,219.11808678658687,350.5117382000001,569.629824986587,1.0260210342142024,1620.3866126679181,13.184273783555682
1998,212.25503626636817,330.2514803,542.5065165663682,1.0215154558941881,1622.4232379666198,2.036625298701665
1999,221.87093317633915,321.97082819999997,543.8417613763392,0.9979967817046644,1621.0010933321723,-1.422144634447477
2000,227.84472784773624,321.0746415,548.9193693477362,1.0,1621.7437158915338,0.7426225593615072
2001,206.6473954472032,322.0038254,528.6512208472031,1.004280591928866,1616.351730535168,-5.391985356365922
2002,212.26455200956343,329.2447249,541.5092769095634,1.0092659254714755,1616.6123714337907,0.26064089862279616
2003,215.22835450612564,336.95281180000006,552.1811663061258,1.0091672020984297,1620.3734637605971,3.76109232680642
2004,212.63153770421576,346.8821553,559.5136930042158,1.0045178825485648,1625.4207348794996,5.047271118902472
2005,212.49070626724972,351.53041470000005,564.0211209672498,1.001520616854982,1630.925236419842,5.5045015403422894
2006,213.71072289363457,361.5815305,575.2922533936346,0.9963837241195741,1638.7298647551174,7.804628335275538
2007,219.18200332427125,357.22785230000005,576.4098556242714,1.0019042846930941,1646.921213568044,8.191348812926663
2008,228.68671106740234,358.4336323,587.1203433674024,0.9845580445936346,1654.9011869632811,7.979973395237039
2009,221.551417970207,359.7836666,581.3350845702071,0.9914712628139848,1661.20934855411,6.308161590828831
2010,221.69514826634378,365.82240210000003,587.5175503663438,0.979929226472326,1666.9169537291605,5.707605175050503
2011,227.28038439645948,367.0318972,594.3122815964595,0.979929226472326,1674.2282331786691,7.311279449508675
2012,209.97597491597992,370.96316160000003,580.93913651598,0.979929226472326,1676.27165724196,2.043424063290786
2013,213.54435145588445,370.2459324,583.7902838558845,0.979929226472326,1679.0280302530969,2.7563730111369296
2014,216.40412124879504,377.00284780000004,593.4069690487951,0.979929226472326,1684.6600498547145,5.632019601617685
2015,206.32314747732138,381.5206772,587.8438246773214,0.979929226472326,1687.8057046798638,3.1456548251492222
2016,201.11929681211606,369.4090335000001,570.5283303121162,0.979929226472326,1684.8502840448482,-2.955420635015571
2017,215.0,370.1151464,585.1151464,0.979929226472326,1687.069277670506,2.218993625657731
2018,215.0,373.18654800000013,588.1865480000001,0.979929226472326,1690.0542795014821,2.9850018309762163
2019,215.0,381.5144058,596.5144058000001,0.979929226472326,1695.461439723316,5.407160221833919
2020,215.0,375.00440580000003,590.0044058000001,0.979929226472326,1698.0938016737407,2.632361950424638
