,natemis,Antr+BB,Totemis,ch4lifetime_fact,Conc,Trend
1950,215.0,145.72559245704448,360.7255924570445,1.0386734286208537,1154.421848611464,
1951,215.0,161.1689540027448,376.16895400274484,1.0386734286208537,1154.2741666882562,-0.14768192320775597
1952,215.0,166.6584490009245,381.6584490009245,1.0386734286208537,1155.9685447522895,1.6943780640333443
1953,215.0,171.95470236258384,386.9547023625838,1.0386734286208537,1159.2408035273456,3.272258775056116
1954,215.0,176.831012412122,391.831012412122,1.0386734286208537,1163.7800219154262,4.539218388080599
1955,215.0,181.387095949852,396.387095949852,1.0386734286208537,1169.3421897066976,5.562167791271349
1956,215.0,187.50680733097954,402.50680733097954,1.0386734286208537,1176.3364245813204,6.994234874622862
1957,215.0,193.07946030314662,408.0794603031466,1.0386734286208537,1184.4253452851506,8.088920703830127
1958,215.0,195.59294054388116,410.5929405438811,1.0386734286208537,1192.4725495654202,8.047204280269625
1959,215.0,200.08069559638636,415.08069559638636,1.0386734286208537,1201.1392901211004,8.666740555680235
1960,215.0,204.8419977523652,419.84199775236516,1.0386734286208537,1210.4493284060195,9.310038284919074
1961,215.0,212.9151721685548,427.9151721685548,1.0273688805761167,1220.1673804578813,9.718052051861832
1962,215.0,215.1761447816861,430.1761447816861,1.0286336117988735,1229.7171726233378,9.549792165456438
1963,215.0,224.35374091013003,439.35374091013,1.0303815209511082,1241.4741440766077,11.756971453269898
1964,215.0,224.902024917875,439.902024917875,1.0388161109745009,1253.0961020147352,11.62195793812748
1965,215.0,231.2054970495285,446.2054970495285,1.0466500135860857,1266.447202128474,13.351100113738767
1966,215.0,235.0392045912452,450.0392045912452,1.0309948094306236,1277.8171169070708,11.369914778596922
1967,215.0,241.25473865712786,456.25473865712786,1.0343317923476247,1290.4077501709423,12.590633263871496
1968,215.0,244.44543722988774,459.4454372298877,1.0390130401356572,1303.2443490282897,12.836598857347326
1969,215.0,248.48463021268853,463.48463021268856,1.03733064240917,1315.8307329610514,12.586383932761692
1970,215.0,253.9100454011647,468.91004540116467,1.044520863970062,1329.7183239752328,13.887591014181453
1971,215.0,257.57479257777885,472.57479257777885,1.0311148875281522,1341.6883547840212,11.970030808788351
1972,215.0,264.87815496199676,479.87815496199676,1.0410234769727889,1356.0051630328257,14.316808248804591
1973,215.0,267.174414913303,482.174414913303,1.0237676802553786,1367.3649698788358,11.359806846010088
1974,215.0,268.77272781252634,483.77272781252634,1.0255205419074267,1378.2339441652157,10.868974286379853
1975,215.0,271.02888398583644,486.02888398583644,1.0294434565934747,1389.1667188844556,10.932774719239887
1976,215.0,275.0518357547742,490.0518357547742,1.0411371895645516,1401.7397659505693,12.573047066113759
1977,215.0,277.72254164205543,492.72254164205543,1.04310064917037,1414.0901053513435,12.350339400774146
1978,215.0,279.07729251334416,494.07729251334416,1.038188476513601,1424.9217730910418,10.831667739698332
1979,215.0,283.36524243347924,498.36524243347924,1.0481297495588873,1437.2906504654025,12.368877374360636
1980,215.0,282.2371159769046,497.2371159769046,1.054811359742319,1448.8105451627546,11.519894697352129
1981,215.0,277.5286029825358,492.5286029825358,1.0453494500609413,1456.3010206133767,7.490475450622171
1982,215.0,285.26941946839,500.26941946839,1.0607031737894599,1467.5516369449663,11.250616331589526
1983,215.0,279.04267506764637,494.04267506764637,1.0432038431370887,1473.2380438791292,5.68640693416296
1984,215.0,284.0863192602393,499.0863192602393,1.0308940203039962,1478.3248746428787,5.086830763749504
1985,215.0,287.0049229958179,502.0049229958179,1.024425100745979,1482.9345227939937,4.609648151114925
1986,215.0,290.9973934447917,505.9973934447917,1.0354513129905416,1489.8849296002486,6.950406806254932
1987,215.0,295.28841803933904,510.28841803933904,1.0403399650985459,1498.1734890904327,8.28855949018407
1988,215.0,299.1743864512828,514.1743864512828,1.0222870139004354,1504.348382648998,6.174893558565373
1989,215.0,304.2999708971575,519.2999708971574,1.0267543659990674,1512.1792440852723,7.83086143627429
1990,196.74772668865427,307.58244894288526,504.33017563153953,1.030736205492146,1514.7355041752437,2.5562600899713743
1991,198.2364378165914,320.3405374138564,518.5769752304478,1.0498448088618946,1524.3897783009884,9.654274125744678
1992,187.79558900194488,304.1997961122732,491.99538511421804,1.0436593028024648,1523.3118073875341,-1.0779709134542372
1993,189.79585223160905,305.23302163145047,495.0288738630595,1.0224136274039968,1520.3772647766416,-2.9345426108925494
1994,197.35571953699662,317.2848254228341,514.6405449598308,1.0257079106974367,1524.7542220672099,4.376957290568271
1995,197.11477002867338,311.7473692430924,508.8621392717658,1.006485120188085,1523.9389344993838,-0.8152875678260898
1996,209.69448889653663,313.88494695523417,523.5794358517708,1.0050644518952168,1527.8917752155733,3.9528407161894847
1997,210.47768420635288,337.0204142930985,547.4980984994513,1.0260210342142024,1542.4126965664238,14.520921350850585
1998,209.4890943325314,317.9406473511351,527.4297416836665,1.0215154558941881,1548.0169732991903,5.604276732766493
1999,218.13505086211853,313.09385370096595,531.2289045630845,0.9979967817046644,1550.7527686814083,2.7357953822179297
2000,224.43379724003518,314.79158226734603,539.2253795073811,1.0,1556.1426144041184,5.389845722710106
2001,209.41124316982896,315.2928524514628,524.7040956212918,1.004280591928866,1556.759359355022,0.6167449509036942
2002,214.11349174689514,322.1007386331392,536.2142303800343,1.0092659254714755,1561.8831074021584,5.12374804713636
2003,210.067351186169,328.4756943824689,538.5430455686378,1.0091672020984297,1567.1961503035418,5.313042901383369
2004,215.94404838269085,335.7220642725255,551.6661126552164,1.0045178825485648,1575.5694979547666,8.373347651224776
2005,208.63713125161553,341.88187367125875,550.5190049228743,1.001520616854982,1582.165672443806,6.596174489039413
2006,219.32569205221733,352.4529993712408,571.7786914234582,0.9963837241195741,1594.2799668625976,12.114294418791587
2007,218.0672449705479,349.7789386288197,567.8461835993676,1.0019042846930941,1604.5970678877493,10.317101025151715
2008,221.76288071196748,353.30974763980123,575.0726283517687,0.9845580445936346,1613.380684995112,8.783617107362716
2009,224.22978858618197,355.2102928669951,579.4400814531771,0.9914712628139848,1623.7420473453835,10.36136235027152
2010,221.6122031167196,360.8548031390112,582.4670062557308,0.979929226472326,1632.0407089652276,8.298661619844097
2011,234.96775986419928,365.99466311704407,600.9624229812433,0.979929226472326,1645.5286998699803,13.487990904752678
2012,214.6834019506841,372.97725290758524,587.6606548582694,0.979929226472326,1653.0692105773257,7.540510707345447
2013,213.16365728260934,372.6442144644898,585.8078717470992,0.979929226472326,1659.136638447886,6.067427870560323
2014,219.12119513617802,380.3961968225409,599.5173919587189,0.979929226472326,1669.0601472126928,9.923508764806684
2015,212.69994127272804,387.4758223403408,600.1757636130689,0.979929226472326,1678.0720944016616,9.011947188968861
2016,204.5384273311009,379.4876497908962,584.0260771219971,0.979929226472326,1680.7016683458785,2.6295739442168724
2017,216.96409157036751,385.0082127080213,601.9723042783888,0.979929226472326,1688.9839243191511,8.28225597327264
2018,218.8718073210817,387.8058049137809,606.6776122348626,0.979929226472326,1697.8837139228465,8.899789603695353
2019,213.25609550943,394.70580491378087,607.9619004232109,0.979929226472326,1706.19609863665,8.312384713803567
2020,215.0,388.1958049137809,603.1958049137809,0.979929226472326,1711.9812759185954,5.78517728194538
