,natemis,Antr+BB,Totemis,ch4lifetime_fact,Conc,Trend
1950,215.0,148.86472757401697,363.86472757401697,1.0,1151.2318709737456,
1951,215.0,164.4119307263549,379.4119307263549,1.0,1148.2965686772102,-2.935302296535383
1952,215.0,170.00526733117223,385.00526733117226,1.0,1147.5469739725675,-0.7495947046427318
1953,215.0,175.4053622994692,390.4053622994692,1.0,1148.6741946328032,1.1272206602357073
1954,215.0,180.38551395564497,395.38551395564497,1.0,1151.3286580408785,2.654463408075344
1955,215.0,185.0454391000126,400.0454391000126,1.0,1155.233040232077,3.904382191198465
1956,215.0,191.26899208777778,406.26899208777775,1.0,1160.7665268969522,5.533486664875227
1957,215.0,196.94548666658253,411.9454866665825,1.0,1167.5650782356877,6.798551338735479
1958,215.0,199.56280851395465,414.5628085139547,1.0,1174.4713701279297,6.906291892242052
1959,215.0,204.15440517309747,419.1544051730975,1.0,1182.1288169250804,7.657446797150669
1960,215.0,209.0195489357139,424.01954893571394,1.0,1190.5441318972853,8.415314972204897
1961,215.0,217.19785480015165,432.1978548001516,1.0,1200.7324578253538,10.18832592806848
1962,215.0,219.56395886153115,434.56395886153115,1.0,1210.5655637987768,9.833105973423017
1963,215.0,228.84668643822317,443.8466864382232,1.0,1222.379608910172,11.814045111395217
1964,215.0,229.50010189421624,444.50010189421624,1.0,1233.087772965961,10.708164055788984
1965,215.0,235.90870547411788,450.9087054741179,1.0,1244.7246591095015,11.63688614354055
1966,215.0,239.84754446408272,454.8475444640827,1.0,1256.3662927033834,11.641633593881807
1967,215.0,246.1682099782135,461.1682099782135,1.0,1268.8029313185684,12.436638615185075
1968,215.0,249.46403999922154,464.46403999922154,1.0,1280.941283808116,12.138352489547515
1969,215.0,253.6083644302704,468.6083644302704,1.0,1293.0964575792461,12.155173771130194
1970,215.0,259.1389110669947,474.1389110669947,1.0,1305.7268081551576,12.630350575911507
1971,215.0,264.2792956760135,479.2792956760135,1.0,1318.6495923668356,12.922784211677936
1972,215.0,272.45721733515404,487.45721733515404,1.0,1332.8405576542305,14.190965287394874
1973,215.0,275.97436854007793,490.97436854007793,1.0,1346.6102852192453,13.769727565014819
1974,215.0,277.58300816315733,492.58300816315733,1.0,1359.3722970774443,12.762011858199003
1975,215.0,278.92569799309183,493.92569799309183,1.0,1371.1511295075538,11.77883243010956
1976,215.0,286.19073893967834,501.19073893967834,1.0,1384.0231464341657,12.872016926611877
1977,215.0,290.52582612135245,505.52582612135245,1.0,1396.8931711285873,12.870024694421545
1978,215.0,292.98308376747053,507.98308376747053,1.0,1409.1379693290774,12.244798200490095
1979,215.0,298.58114099630916,513.5811409963092,1.0,1421.8703232283858,12.732353899308464
1980,215.0,300.435685537013,515.435685537013,1.0,1433.7927591581454,11.922435929759558
1981,215.0,296.68287020073063,511.68287020073063,1.0,1443.1342668016557,9.34150764351034
1982,215.0,304.65710214976906,519.6571021497691,1.0,1454.0773249161907,10.943058114535006
1983,215.0,298.6784287123529,513.6784287123529,1.0,1461.8101097548333,7.732784838642601
1984,215.0,302.2370817851458,517.2370817851458,1.0,1469.85855977011,8.048450015276785
1985,215.0,302.9504467045176,517.9504467045176,1.0,1477.242667033544,7.384107263433862
1986,215.0,308.4034370412448,523.4034370412448,1.0,1485.6104190340864,8.367752000542396
1987,215.0,312.778527186872,527.778527186872,1.0,1494.4938037010033,8.883384666916982
1988,215.0,316.78079953316467,531.7807995331647,1.0,1503.7113064629702,9.217502761966898
1989,215.0,320.55968800249383,535.5596880024939,1.0,1513.1513504638567,9.440044000886473
1990,215.0,323.79183660072556,538.7918366007256,1.0,1522.6074948556522,9.456144391795533
1991,215.0,335.4818104403371,550.4818104403371,1.0,1534.8860155964283,12.278520740776003
1992,215.0,316.3955526293896,531.3955526293896,1.0,1539.4528878749009,4.5668722784726015
1993,215.0,315.00618740051794,530.006187400518,1.0,1543.0471239422384,3.5942360673375333
1994,215.0,322.1935623385285,537.1935623385285,1.0,1548.6251897013942,5.578065759155834
1995,215.0,309.8613907722203,524.8613907722204,1.0,1549.484279524359,0.8590898229647337
1996,215.0,309.1011425162106,524.1011425162105,1.0,1549.9947671925706,0.510487668211681
1997,215.0,332.86,547.86,1.0,1558.3362629419537,8.341495749383057
1998,215.0,317.28000000000003,532.28,1.0,1560.5710508472228,2.2347879052690587
1999,215.0,311.53999999999996,526.54,1.0,1560.649874263465,0.07882341624235778
2000,225.33464648533754,309.38,534.7146464853375,1.0,1563.4339324765028,2.7840582130377243
2001,213.90725818028523,313.65,527.5572581802852,1.0,1563.5299378352559,0.0960053587530183
2002,206.08713084067384,324.65000000000003,530.7371308406739,1.0,1564.6709415326688,1.141003697412998
2003,209.0015641978755,326.12,535.1215641978755,1.0,1567.1398605259665,2.4689189932976205
2004,211.85378132861666,330.53000000000003,542.3837813286167,1.0,1571.7434595333805,4.6035990074140045
2005,218.12985384089802,334.55,552.679853840898,1.0,1579.2499869143114,7.506527380930947
2006,219.0184620026358,340.45,559.4684620026358,1.0,1588.1698894932363,8.919902578924848
2007,216.66730312367744,336.24,552.9073031236775,1.0,1593.9126612384955,5.742771745259233
2008,219.12283847034666,335.67,554.7928384703466,1.0,1599.6384293059311,5.725768067435638
2009,222.3235176760374,339.88,562.2035176760373,1.0,1607.183498107808,7.545068801876823
2010,226.60960973237948,341.18,567.7896097323795,1.0,1615.7383797895582,8.554881681750203
2011,221.89235666632754,342.69,564.5823566663275,1.0,1622.2705308554284,6.532151065870266
2012,216.87255692976458,348.16,565.0325569297646,1.0,1628.220746317651,5.950215462222559
2013,225.04080496585394,348.96,574.000804965854,1.0,1636.482258811197,8.261512493545979
2014,224.25213535169536,357.09000000000003,581.3421353516953,1.0,1646.2561197088658,9.773860897668783
2015,222.68572023447146,365.45,588.1357202344715,1.0,1657.1911342917804,10.935014582914619
2016,227.65943387735993,358.0,585.6594338773599,1.0,1666.0796021808414,8.888467889061076
2017,230.3672479145878,360.73,591.0972479145878,1.0,1675.7782325411767,9.6986303603353
2018,230.83945968551512,362.77000000000004,593.6094596855152,1.0,1685.224983421475,9.446750880298168
2019,237.65747052156087,371.87,609.5274705215609,1.0,1698.8989110898738,13.673927668398846
2020,237.0142281363306,367.56,604.5742281363306,1.0,1709.397242317451,10.498331227577182
