,natemis,Antr+BB,Totemis,ch4lifetime_fact,Conc,Trend
1950,215.0,140.0104525128931,355.0104525128931,1.0247219712311393,1151.0302561552483,
1951,215.0,155.2647590189582,370.2647590189582,1.0244368393312933,1147.7733879284729,-3.2568682267753957
1952,215.0,160.56519897750266,375.56519897750263,1.0241517074314475,1146.6052796514655,-1.1681082770073772
1953,215.0,165.67239729952678,380.6723972995268,1.0238665755316017,1147.2324263851046,0.6271467336391652
1954,215.0,170.3596523094297,385.3596523094297,1.0235814436317556,1149.318049714765,2.085623329660393
1955,215.0,174.7266808075245,389.72668080752453,1.0232963117319098,1152.59538562074,3.277335905974951
1956,215.0,180.6573371490168,395.6573371490168,1.023011179832064,1157.4530542998452,4.857668679105245
1957,215.0,186.04093508154867,401.0409350815487,1.0227260479322182,1163.5352860557607,6.082231755915473
1958,215.0,188.36536028264797,403.365360282648,1.0224409160323724,1169.6903299966532,6.155043940892483
1959,215.0,192.664060295518,407.66406029551797,1.0221557841325264,1176.5660377344532,6.875707737799985
1960,215.0,197.23630741186156,412.23630741186156,1.0218706522326806,1184.1736963264175,7.607658591964309
1961,215.0,205.11807849022705,420.11807849022705,1.0215855203328348,1193.5323536643305,9.358657337912973
1962,215.0,207.1876477655343,422.1876477655343,1.021300388432989,1202.5170937688258,8.984740104495359
1963,215.0,216.17384055615415,431.1738405561541,1.021015256533143,1213.467360718501,10.950266949675097
1964,215.0,216.530721226075,431.530721226075,1.0207301246332972,1223.2982275672089,9.830866848707956
1965,215.0,222.6427900199044,437.6427900199044,1.0204449927334514,1234.0451138987867,10.746886331577798
1966,215.0,226.28509422379705,441.28509422379705,1.0201598608336055,1244.7857423314767,10.740628432690073
1967,215.0,232.3092249518556,447.30922495185564,1.0198747289337597,1256.3117812322137,11.526038900736921
1968,215.0,235.30852018679144,450.30852018679144,1.0195895970339137,1267.5308055370233,11.219024304809636
1969,215.0,239.15630983176808,454.1563098317681,1.019304465134068,1278.7580020937055,11.227196556682202
1970,215.0,244.39032168242014,459.3903216824201,1.0190193332342221,1290.4525229697108,11.6945208760053
1971,215.0,249.2500236569801,464.2500236569801,1.0199605556308,1302.5882726460527,12.135749676341902
1972,215.0,257.1728277174416,472.1728277174416,1.0209017780273781,1316.1366345120034,13.54836186595071
1973,215.0,260.25257580258824,475.25257580258824,1.021843000423956,1329.334608639279,13.197974127275529
1974,215.0,261.75608614159665,476.75608614159665,1.0227842228205342,1341.698937012471,12.364328373192166
1975,215.0,262.9879199985267,477.9879199985267,1.0237254452171123,1353.232909103135,11.533972090663838
1976,215.0,269.88077697352765,484.88077697352765,1.0246666676136902,1365.9113632041976,12.678454101062698
1977,215.0,273.963154930751,488.963154930751,1.0256078900102683,1378.6764201489812,12.76505694478351
1978,215.0,276.2604287421843,491.2604287421843,1.0265491124068462,1390.9271533147353,12.250733165754127
1979,215.0,281.5334355614996,496.5334355614996,1.0274903348034243,1403.7111721264234,12.784018811688156
1980,215.0,283.2799933041633,498.2799933041633,1.0284315572000022,1415.7996339640779,12.08846183765445
1981,215.0,279.7228833024812,494.7228833024812,1.0283999636415508,1425.3786691200426,9.579035155964675
1982,215.0,287.61463066683257,502.61463066683257,1.0283683700830994,1436.5292705923919,11.150601472349308
1983,215.0,281.5577046073275,496.5577046073275,1.0283367765246483,1444.441806135413,7.912535543021022
1984,215.0,284.9536362831875,499.9536362831875,1.0283051829661969,1452.6133836234997,8.171577488086768
1985,215.0,285.63759742417085,500.63759742417085,1.0282735894077457,1460.1139450834291,7.500561459929486
1986,215.0,290.77781253724584,505.77781253724584,1.028241995849294,1468.4984662240433,8.384521140614197
1987,215.0,295.02494838641707,510.02494838641707,1.0282104022908427,1477.3732429328525,8.874776708809122
1988,215.0,298.6755905767461,513.6755905767461,1.0281788087323915,1486.48625585491,9.113012922057578
1989,215.0,302.17109081824873,517.1710908182488,1.0281472151739401,1495.759799969273,9.273544114362949
1990,215.0,305.2999200711051,520.2999200711051,1.0281156216154888,1505.054344503379,9.29454453410608
1991,215.0,318.81183287573293,533.811832875733,1.0253040594539398,1517.4275604414995,12.373215938120438
1992,215.0,299.49068782266335,514.4906878226634,1.022492497292391,1521.6199502206216,4.192389779122095
1993,215.0,299.5481852918242,514.5481852918242,1.019680935130842,1524.9666346641627,3.3466844435411076
1994,215.0,310.39650696329267,525.3965069632927,1.0168693729692933,1531.142472924855,6.175838260692217
1995,215.0,305.56039716107193,520.5603971610719,1.0140578108077443,1534.618413487417,3.475940562562073
1996,215.0,307.45705920620384,522.4570592062039,1.0112462486461955,1537.925750323923,3.3073368365060105
1997,215.0,331.457796516877,546.457796516877,1.0084346864846467,1548.4209913896614,10.495241065738355
1998,215.0,315.50915615703855,530.5091561570385,1.0056231243230978,1552.0294989687907,3.6085075791293093
1999,215.0,309.5890972813972,524.5890972813972,1.0028115621615488,1552.8445117737078,0.8150128049171599
2000,225.33464648533754,310.3755556419565,535.710202127294,1.0,1556.833072115481,3.988560341773109
2001,213.90725818028523,313.1005194228316,527.0077776031169,0.9972303853728057,1557.0610304164106,0.22795830092968572
2002,206.08713084067384,322.47491151980734,528.5620423604812,0.9944607707456116,1557.3522724620832,0.2912420456725613
2003,209.0015641978755,328.33133481161764,537.3328990094931,0.9916911561184175,1560.0920878198854,2.739815357802172
2004,211.85378132861666,339.1599047856282,551.0136861142448,0.9889215414912234,1566.6297131620488,6.537625342163437
2005,218.12985384089802,346.62478641877203,564.75464025967,0.9861519268640292,1576.5498836126455,9.920170450596743
2006,219.0184620026358,356.7053574534424,575.7238194560782,0.9833823122368349,1588.542004538028,11.992120925382551
2007,216.66730312367744,355.2617524896731,571.9290556133506,0.9806126976096409,1597.464781199736,8.922776661707985
2008,219.12283847034666,360.75844432030715,579.8812827906538,0.9862691313599595,1608.9298729831644,11.465091783428306
2009,222.3235176760374,364.45377111581536,586.7772887918527,0.9919255651102782,1622.3013699910691,13.371497007904736
2010,226.60960973237948,371.1593157300012,597.7689254623807,0.9975819988605968,1638.7286642914548,16.42729430038571
2011,221.89235666632754,372.924998542445,594.8173552087726,0.9982952851331266,1652.4488490751037,13.720184783648847
2012,216.87255692976458,381.0856580369786,597.9582149667432,0.9990085714056565,1665.7898772597232,13.341028184619518
2013,225.04080496585394,381.87778643760544,606.9185914034593,0.9997218576781862,1680.728052707844,14.938175448120774
2014,224.25213535169536,388.1687589286987,612.4208942803941,1.000435143950716,1695.9382871851974,15.210234477353424
2015,222.68572023447146,398.732,621.4177202344715,0.99758407518491,1711.954934613759,16.016647428561555
2016,227.65943387735993,390.97880000000004,618.63823387736,0.9947330064191041,1724.766980269792,12.812045656032979
2017,230.3672479145878,393.4056,623.7728479145878,0.9918819376532981,1737.351222195243,12.584241925451124
2018,230.83945968551512,395.1424,625.9818596855151,0.9952698352126487,1749.8375481084054,12.486325913162318
2019,237.65747052156087,403.9392,641.5966705215609,0.9986577327719993,1766.6919136656,16.85436555719457
2020,237.0142281363306,399.326,636.3402281363306,1.0208161755200762,1783.70220585239,17.01029218679014
