,natemis,Antr+BB,Totemis,ch4lifetime_fact,Conc,Trend
1950,215.0,165.44423622518232,380.4442362251823,0.9900099900099899,1155.5888391151168,
1951,215.0,181.5398843317661,396.5398843317661,0.9900099900099899,1156.7064330402316,1.117593925114761
1952,215.0,187.68166589082924,402.6816658908292,0.9900099900099899,1159.7359270660077,3.0294940257761027
1953,215.0,193.63020581337207,408.6302058133721,0.9900099900099899,1164.3973365998527,4.661409533845017
1954,215.0,199.15880242379365,414.15880242379365,0.9900099900099899,1170.3670598356935,5.969723235840775
1955,215.0,204.36717252240715,419.36717252240715,0.9900099900099899,1177.3911205143427,7.024060678649221
1956,215.0,211.13917046441813,426.13917046441816,0.9900099900099899,1185.8693526276024,8.478232113259764
1957,215.0,217.36410999746863,432.36410999746863,0.9900099900099899,1195.4560405456505,9.586687918048028
1958,215.0,220.52987679908665,435.52987679908665,0.9900099900099899,1205.0108846107448,9.554844065094358
1959,215.0,225.6699184124753,440.66991841247534,0.9900099900099899,1215.1926206177188,10.181736006974006
1960,215.0,231.08350712933756,446.0835071293376,0.9900099900099899,1226.0212439633556,10.828623345636743
1961,215.0,239.81707031491294,454.81707031491294,0.9832246039142591,1237.6822799119345,11.661035948578956
1962,215.0,242.73843169743012,457.7384316974301,0.9828209764918625,1248.9373429670604,11.255063055125902
1963,215.0,252.57641659525984,467.57641659525984,0.9808988764044944,1261.931703200399,12.994360233338512
1964,215.0,253.78508937239053,468.78508937239053,0.9943820224719102,1275.5698626567125,13.638159456313588
1965,215.0,260.7489502734299,475.7489502734299,0.9990958408679929,1290.5831438178807,15.013281161168152
1966,215.0,265.2430465845324,480.2430465845324,0.9891500904159132,1304.1235329582773,13.540389140396655
1967,215.0,272.1189694198009,487.1189694198009,0.9945750452079567,1319.1258300731092,15.00229711483189
1968,215.0,275.9700567619466,490.9700567619466,0.9936708860759491,1333.5998124785951,14.473982405485913
1969,215.0,280.66963851413317,495.66963851413317,0.9850885368126747,1346.8504068927205,13.250594414125317
1970,215.0,286.7554424719951,501.7554424719951,1.0018083182640147,1362.8711294708037,16.020722578083223
1971,215.0,296.29479715759095,511.29479715759095,0.9891500904159132,1378.5478177591963,15.676688288392597
1972,215.0,309.7925504905967,524.7925504905967,0.9990958408679929,1398.3042056603097,19.756387901113385
1973,215.0,321.5097804752024,536.5097804752024,0.9850885368126747,1417.768148814642,19.463943154332355
1974,215.0,323.90781625487864,538.9078162548786,0.9898876404494381,1436.5105446510051,18.74239583636313
1975,215.0,317.6599241426396,532.6599241426396,0.9963833634719712,1451.9973178873504,15.486773236345243
1976,215.0,332.4310155097663,547.4310155097663,1.0081374321880652,1472.3287076619022,20.33138977455178
1977,215.0,331.86937666306744,546.8693766630674,1.0055917986952472,1489.8467065627642,17.51799890086204
1978,215.0,341.8147800298701,556.8147800298701,1.015370705244123,1510.1269126520729,20.28020608930865
1979,215.0,343.8016532522121,558.8016532522121,1.011754068716094,1528.299085287945,18.17217263587213
1980,215.0,336.43435957683573,551.4343595768357,1.014911463187325,1542.472656266749,14.173570978804037
1981,215.0,319.944026226233,534.9440262262331,1.011183597390494,1549.047475304115,6.574819037366069
1982,215.0,325.4862880386215,540.4862880386215,1.0195712954333644,1557.9761922218338,8.928716917718702
1983,215.0,314.78340390067586,529.7834039006759,1.0074557315936628,1560.5558378883452,2.5796456665113965
1984,215.0,313.6218524399723,528.6218524399724,1.0027958993476236,1561.7550825102762,1.1992446219310295
1985,215.0,312.6892946359584,527.6892946359584,0.9900542495479203,1560.5425761625268,-1.2125063477494677
1986,215.0,315.3279750176004,530.3279750176005,1.0027958993476236,1562.309831901505,1.7672557389782924
1987,215.0,317.2485140553672,532.2485140553672,1.0027124773960217,1564.504649624159,2.194817722653852
1988,215.0,321.411691319549,536.4116913195489,0.9953401677539611,1566.7005932548886,2.1959436307297437
1989,215.0,324.1105786961214,539.1105786961214,1.0041493775933612,1570.9033991415436,4.2028058866549145
1990,207.13777445155313,328.0908796007256,535.2286540522787,1.007233273056058,1573.819123305728,2.9157241641844394
1991,206.4189161040385,341.6898806403371,548.1087967443756,1.0144665461121156,1581.7857473704462,7.966624064718189
1992,194.53550769894048,321.75928362938964,516.2947913283301,1.011183597390494,1577.8036929773803,-3.982054393065937
1993,199.9311640200513,320.736322800518,520.6674868205694,1.0027958993476236,1574.4348392209472,-3.3688537564330545
1994,202.9940352402028,332.26831963852857,535.2623548787313,1.0009319664492078,1576.0012960349159,1.5664568139686708
1995,197.44693511447778,324.2177472722203,521.6646823866981,0.988245931283906,1570.8957400460179,-5.105555988898004
1996,207.20103192719466,327.5188030162106,534.7198349434052,0.9953401677539611,1571.811726549562,0.9159865035442181
1997,217.73968242650653,350.5117382000001,568.2514206265066,0.9981916817359855,1584.199694596601,12.38796804703884
1998,212.1138313815474,330.2514803,542.3653116815474,0.9960567823343849,1586.2705587258179,2.070864129216943
1999,216.99656031183122,321.97082819999997,538.9673885118311,0.985307621671258,1585.275326031163,-0.99523269465476
2000,224.30553653458136,321.0746415,545.3801780345814,1.0,1588.8431252958153,3.5677992646521943
2001,212.51997324232056,322.0038254,534.5237986423206,0.9924026590693258,1587.2129706943902,-1.6301546014251471
2002,212.1704320233259,329.2447249,541.4151569233259,0.9933523266856601,1588.2037720012177,0.9908013068275068
2003,211.94485638005466,336.95281180000006,548.8976681800548,0.9895536562203229,1590.9632708229697,2.759498821752004
2004,211.43839792487432,346.8821553,558.3205532248744,0.9925442684063377,1597.0143857982243,6.051114975254677
2005,214.9095743035305,351.53041470000005,566.4399890035305,0.9870129870129869,1604.1910760142312,7.1766902160068184
2006,211.9578219242644,361.5815305,573.5393524242644,0.986013986013986,1612.7488569443158,8.557780930084618
2007,220.7534076670482,357.22785230000005,577.9812599670482,0.986013986013986,1621.8108891665167,9.062032222200969
2008,226.26119336847543,358.4336323,584.6948256684755,0.9687203791469194,1629.184943307921,7.374054141404258
2009,227.79548429501534,359.7836666,587.5791508950153,0.9696969696969695,1636.8338718636012,7.648928555680186
2010,222.70559512358187,365.82240210000003,588.5279972235819,0.9658767772511849,1643.26276710137,6.4288952377687565
2011,231.1165900907369,367.0318972,598.148487290737,0.9658767772511849,1652.1391869535778,8.876419852207846
2012,214.23806968250926,370.96316160000003,585.2012312825093,0.9658767772511849,1655.7018882316013,3.5627012780234963
2013,219.16898297119255,370.2459324,589.4149153711926,0.9658767772511849,1660.2505146419935,4.548626410392217
2014,228.10570225698547,377.00284780000004,605.1085500569855,0.9658767772511849,1669.4760429096934,9.225528267699929
2015,219.00148484941846,381.5206772,600.5221620494185,0.9658767772511849,1676.1185114527798,6.642468543086352
2016,213.7915772904531,369.4090335000001,583.2006107904532,0.9658767772511849,1676.2549930851924,0.1364816324125968
2017,220.463654903922,370.1151464,590.578801303922,0.9658767772511849,1678.8209644547346,2.5659713695422397
2018,222.41348146598264,373.18654800000013,595.6000294659827,0.9658767772511849,1682.755345722364,3.9343812676293055
2019,219.24138085349597,381.5144058,600.755786653496,0.9658767772511849,1687.9450364194142,5.18969069705031
2020,215.0,375.00440580000003,590.0044058000001,0.9658767772511849,1688.973576745286,1.0285403258717452
