,natemis,Antr+BB,Totemis,ch4lifetime_fact,Conc,Trend
1950,215.0,163.598,378.598,1.1198738170347002,1168.3666863031083,
1951,215.0,178.6518045817319,393.6518045817319,1.1198738170347002,1180.5910350511845,12.224348748076181
1952,215.0,183.7517426159432,398.75174261594316,1.1198738170347002,1193.2708558697125,12.679820818528015
1953,215.0,188.65843901363414,403.65843901363417,1.1198738170347002,1206.295174681543,13.024318811830426
1954,215.0,193.14519209920383,408.1451920992038,1.1198738170347002,1219.4886582576503,13.193483576107383
1955,215.0,197.31171867296544,412.3117186729654,1.1198738170347002,1232.7271481700213,13.238489912371051
1956,215.0,203.04187309012457,418.04187309012457,1.1198738170347002,1246.5280400175448,13.800891847523417
1957,215.0,208.22496909832324,423.22496909832324,1.1198738170347002,1260.6513366110946,14.123296593549867
1958,215.0,210.34889237508935,425.34889237508935,1.1198738170347002,1274.042902960314,13.391566349219374
1959,215.0,214.44709046362615,429.4470904636262,1.1198738170347002,1287.436458474258,13.393555513943966
1960,215.0,218.81883565563655,433.8188356556366,1.1198738170347002,1300.9231186279558,13.486660153697812
1961,215.0,224.59797580858205,439.5979758085821,1.113564668769716,1314.309755975405,13.386637347449323
1962,215.0,224.56491415846932,439.5649141584693,1.1159305993690851,1326.5616699001398,12.251913924734708
1963,215.0,231.44847602366914,446.4484760236692,1.1175078864353312,1340.024230301124,13.462560400984103
1964,215.0,229.70272576816996,444.70272576816996,1.1190851735015772,1351.6959715788246,11.671741277700676
1965,215.0,233.7121636365794,448.71216363657936,1.1175078864353312,1363.3456755290342,11.649703950209641
1966,215.0,235.251836915052,450.25183691505197,1.1064668769716088,1373.112231184729,9.766555655694674
1967,215.0,239.17333671769057,454.1733367176906,1.1056782334384858,1383.093286764296,9.981055579567055
1968,215.0,240.0700010272064,455.0700010272064,1.1054131054131053,1392.314890910814,9.221604146518075
1969,215.0,241.81515974676304,456.815159746763,1.0962145110410093,1400.1217452201834,7.806854309369328
1970,215.0,244.94654067199508,459.9465406719951,1.1017350157728707,1408.7959050406675,8.674159820484192
1971,215.0,248.76207785759098,463.76207785759095,1.107312440645774,1418.4839142991318,9.688009258464263
1972,215.0,256.04497069059664,471.04497069059664,1.0949667616334284,1428.1737298817925,9.689815582660685
1973,215.0,255.60237187520235,470.6023718752024,1.0864197530864197,1435.6939817795594,7.5202518977669115
1974,215.0,258.8376989548787,473.8376989548787,1.092117758784425,1444.1883289011269,8.494347121567444
1975,215.0,261.71079484263964,476.71079484263964,1.0892687559354226,1452.4139599927237,8.225631091596824
1976,215.0,266.11259910976634,481.11259910976634,1.090218423551757,1461.3636878243408,8.94972783161711
1977,215.0,269.5931488630674,484.5931488630674,1.0816714150047484,1469.4928628480661,8.129175023725338
1978,215.0,272.7548380298701,487.7548380298701,1.0721747388414056,1476.6331378929253,7.140275044859209
1979,215.0,276.282103452212,491.282103452212,1.0796529968454258,1485.1366479223739,8.503510029448535
1980,215.0,279.7152927768357,494.7152927768357,1.0978157644824313,1496.142772779319,11.006124856945235
1981,215.0,281.48962262623303,496.48962262623303,1.0788224121557457,1504.2254363697728,8.082663590453649
1982,215.0,290.3138617386215,505.3138617386215,1.0858490566037737,1515.291527365943,11.06609099617026
1983,215.0,285.25634640067585,500.25634640067585,1.0683760683760681,1521.258555158768,5.9670277928250925
1984,215.0,288.3160050399723,503.3160050399723,1.0826210826210825,1529.4634406260693,8.20488546730121
1985,215.0,290.7718115359584,505.7718115359584,1.0759734093067426,1536.7635421633524,7.300101537283126
1986,215.0,293.2029897176004,508.2029897176004,1.0664767331433995,1542.847933955052,6.084391791699545
1987,215.0,297.6636160553672,512.6636160553671,1.0597156398104266,1548.8606546345568,6.01272067950481
1988,215.0,297.990817919549,512.990817919549,1.056980056980057,1553.9672642970784,5.106609662521578
1989,215.0,299.2419704961214,514.2419704961214,1.0503323836657168,1558.0264644988424,4.0592002017640425
1990,204.64647443295402,302.9738366007256,507.6203110336796,1.0556603773584907,1560.1830186318032,2.156554132960764
1991,202.84908478641162,316.0443104403371,518.8933952267487,1.0797752808988763,1569.1218284909626,8.938809859159392
1992,190.51506057038983,298.3385526293896,488.85361319977943,1.074688796680498,1566.432375559341,-2.689452931621645
1993,195.3330359213366,298.32968740051797,493.66272332185457,1.0382022471910113,1560.5896676488542,-5.842707910486752
1994,199.90276569546643,306.8975623385286,506.800328033995,1.053932584269663,1561.95999310274,1.3703254538859255
1995,196.32841195227857,295.94589077222037,492.27430272449897,1.0258426966292136,1554.361768538568,-7.598224564172142
1996,207.46436651190697,293.32614251621055,500.7905090281175,1.0126182965299684,1548.4854449952102,-5.876323543357785
1997,215.069403551697,315.2255,530.294903551697,1.0674157303370786,1560.8096321552152,12.324187160005067
1998,211.19685718568462,297.786,508.9828571856846,1.0443396226415094,1561.542944831099,0.7333126758837807
1999,218.01274748085203,290.18649999999997,508.199247480852,1.0058091286307054,1556.3079198532048,-5.235024977894227
2000,224.99476821169003,286.167,511.16176821169,1.0,1551.7583672214828,-4.549552631722008
2001,211.6541686142129,293.96279999999996,505.61696861421285,1.0141509433962264,1548.0013186946917,-3.7570485267910954
2002,212.44845349875482,308.4886,520.9370534987548,1.02909796314258,1551.9320911086334,3.9307724139416678
2003,211.15104048992268,313.4844,524.6354404899226,1.0404494382022471,1558.2844922345455,6.352401125912138
2004,213.4267447417675,321.4202,534.8469447417675,1.0337078651685394,1566.3816880149277,8.097195780382208
2005,212.36702568834235,328.966,541.3330256883423,1.0112359550561796,1572.4341872097905,6.052499194862776
2006,214.33253962675096,339.5914,553.923939626751,1.0146067415730338,1582.5072654988446,10.073078289054138
2007,219.6252591285588,340.1068,559.7320591285588,1.0258426966292136,1595.0817511518085,12.574485652963858
2008,225.0863228023433,344.2622,569.3485228023433,1.0,1605.5092421183776,10.427490966569167
2009,227.38941008758178,353.1976,580.5870100875818,1.0078651685393258,1619.7367149186925,14.2274728003149
2010,222.05416973076032,359.223,581.2771697307603,1.0024896265560168,1631.760623596867,12.023908678174394
2011,234.1365331595362,364.4245,598.5610331595362,1.0024896265560168,1648.1801104189078,16.41948682204088
2012,214.91072953742258,373.586,588.4967295374227,1.0024896265560168,1659.4230076040055,11.242897185097718
2013,217.65607902838656,378.0775,595.7335790283865,1.0024896265560168,1671.8126260196302,12.389618415624682
2014,225.58641103472286,389.899,615.4854110347228,1.0024896265560168,1689.376451028098,17.563825008467802
2015,217.07285443075872,401.9505,619.0233544307587,1.0024896265560168,1706.1524660104647,16.776014982366632
2016,210.38186013375284,399.27200000000005,609.6538601337529,1.0024896265560168,1717.94276531294,11.790299302475432
2017,219.85459889671557,406.7735,626.6280988967155,1.0024896265560168,1734.05193499978,16.109169686840005
2018,221.18675975116392,413.58500000000004,634.7717597511639,1.0024896265560168,1751.0651745763375,17.013239576557453
2019,217.3676024610999,427.4565,644.8241024610999,1.0024896265560168,1769.5152438028315,18.45006922649395
2020,215.0,427.918,642.918,1.0024896265560168,1785.2707692842591,15.75552548142764
