,natemis,Antr+BB,Totemis,ch4lifetime_fact,Conc,Trend
1950,215.0,140.0104525128931,355.0104525128931,1.0247219712311393,1151.0302561552483,
1951,215.0,155.2647590189582,370.2647590189582,1.0244368393312935,1147.7733879284729,-3.2568682267753957
1952,215.0,160.56519897750266,375.56519897750263,1.0241517074314475,1146.6052796514655,-1.1681082770073772
1953,215.0,165.67239729952678,380.6723972995268,1.0238665755316017,1147.2324263851046,0.6271467336391652
1954,215.0,170.3596523094297,385.3596523094297,1.0235814436317558,1149.318049714765,2.085623329660393
1955,215.0,174.7266808075245,389.72668080752453,1.02329631173191,1152.59538562074,3.277335905974951
1956,215.0,180.6573371490168,395.6573371490168,1.023011179832064,1157.4530542998452,4.857668679105245
1957,215.0,186.04093508154867,401.0409350815487,1.0227260479322182,1163.5352860557607,6.082231755915473
1958,215.0,188.36536028264797,403.365360282648,1.0224409160323724,1169.6903299966532,6.155043940892483
1959,215.0,192.664060295518,407.66406029551797,1.0221557841325266,1176.5660377344532,6.875707737799985
1960,215.0,197.23630741186156,412.23630741186156,1.0218706522326808,1184.1736963264175,7.607658591964309
1961,215.0,205.11807849022705,420.11807849022705,1.0215855203328348,1193.5323536643305,9.358657337912973
1962,215.0,207.1876477655343,422.1876477655343,1.021300388432989,1202.5170937688258,8.984740104495359
1963,215.0,216.17384055615415,431.1738405561541,1.021015256533143,1213.467360718501,10.950266949675097
1964,215.0,216.530721226075,431.530721226075,1.0207301246332974,1223.2982275672089,9.830866848707956
1965,215.0,222.6427900199044,437.6427900199044,1.0204449927334514,1234.0451138987867,10.746886331577798
1966,215.0,226.28509422379705,441.28509422379705,1.0201598608336055,1244.7857423314767,10.740628432690073
1967,215.0,232.3092249518556,447.30922495185564,1.0198747289337597,1256.3117812322137,11.526038900736921
1968,215.0,235.30852018679144,450.30852018679144,1.019589597033914,1267.5308055370235,11.219024304809864
1969,215.0,239.15630983176808,454.1563098317681,1.019304465134068,1278.7580020937055,11.227196556681974
1970,215.0,244.39032168242014,459.3903216824201,1.0190193332342221,1290.4525229697108,11.6945208760053
1971,215.0,249.2500236569801,464.2500236569801,1.0199605556308002,1302.5882726460527,12.135749676341902
1972,215.0,257.1728277174416,472.1728277174416,1.0209017780273784,1316.1366345120034,13.54836186595071
1973,215.0,260.25257580258824,475.25257580258824,1.0218430004239563,1329.334608639279,13.197974127275529
1974,215.0,261.75608614159665,476.75608614159665,1.0227842228205342,1341.698937012471,12.364328373192166
1975,215.0,262.9879199985267,477.9879199985267,1.0237254452171123,1353.232909103135,11.533972090663838
1976,215.0,269.88077697352765,484.88077697352765,1.0246666676136902,1365.9113632041976,12.678454101062698
1977,215.0,273.963154930751,488.963154930751,1.0256078900102683,1378.6764201489812,12.76505694478351
1978,215.0,276.2604287421843,491.2604287421843,1.0265491124068462,1390.9271533147353,12.250733165754127
1979,215.0,281.5334355614996,496.5334355614996,1.0274903348034243,1403.7111721264234,12.784018811688156
1980,215.0,283.2799933041633,498.2799933041633,1.0284315572000022,1415.7996339640779,12.08846183765445
1981,215.0,279.7228833024812,494.7228833024812,1.0283999636415508,1425.3786691200426,9.579035155964675
1982,215.0,287.61463066683257,502.61463066683257,1.0283683700830997,1436.5292705923919,11.150601472349308
1983,215.0,281.5577046073275,496.5577046073275,1.0283367765246483,1444.441806135413,7.912535543021022
1984,215.0,284.9536362831875,499.9536362831875,1.028305182966197,1452.6133836234997,8.171577488086768
1985,215.0,285.63759742417085,500.63759742417085,1.0282735894077455,1460.1139450834291,7.500561459929486
1986,215.0,290.77781253724584,505.77781253724584,1.028241995849294,1468.4984662240433,8.384521140614197
1987,215.0,295.02494838641707,510.02494838641707,1.028210402290843,1477.3732429328525,8.874776708809122
1988,215.0,298.6755905767461,513.6755905767461,1.0281788087323915,1486.48625585491,9.113012922057578
1989,215.0,302.17109081824873,517.1710908182488,1.0281472151739404,1495.759799969273,9.273544114362949
1990,203.46046503508242,305.2999200711051,508.7603851061875,1.0281156216154888,1501.2177548094528,5.457954840179809
1991,203.86480763910888,318.81183287573293,522.6766405148418,1.02530405945394,1510.3101324001204,9.092377590667638
1992,192.99593815610623,299.49068782266335,492.48662597876955,1.022492497292391,1507.9711933427143,-2.338939057406151
1993,197.53013600762725,299.5481852918242,497.07832129945143,1.0196809351308422,1507.0158582259378,-0.9553351167764959
1994,201.6702175992425,310.39650696329267,512.0667245625352,1.0168693729692933,1510.7447127324465,3.7288545065086964
1995,198.42425222373905,305.56039716107193,503.98464938481095,1.0140578108077443,1510.9712154631936,0.22650273074714278
1996,207.98618316435926,307.45705920620384,515.4432423705631,1.0112462486461955,1514.572016474673,3.6008010114794615
1997,214.82762962942098,331.457796516877,546.285426146298,1.0084346864846467,1527.6068503335248,13.034833858851698
1998,212.48904469996359,315.50915615703855,527.9982008570021,1.0056231243230978,1532.7012534876235,5.0944031540987
1999,217.9089641525754,309.5890972813972,527.4980614339726,1.002811562161549,1536.6413828114987,3.940129323875226
2000,223.84146230918932,310.3755556419565,534.2170179511459,1.0,1541.9484596593352,5.30707684783647
2001,212.14445447990562,313.1005194228316,525.2449739027372,0.995914002735031,1543.0609039646802,1.1124443053449795
2002,212.8758216861255,322.47491151980734,535.3507332059328,0.991828005470062,1546.7752860569071,3.7143820922269697
2003,211.72546899530604,328.33133481161764,540.0568038069237,0.987742008205093,1550.9984680965167,4.223182039609583
2004,213.08436107609737,339.1599047856282,552.2442658617256,0.9836560109401239,1558.1459478481374,7.147479751620722
2005,212.75712594098638,346.62478641877203,559.3819123597584,0.9795700136751548,1566.1997405555364,8.053792707398998
2006,214.2753006005639,356.7053574534424,570.9806580540063,0.9754840164101859,1576.5236811688653,10.323940613328887
2007,219.2960049118257,355.2617524896731,574.5577574014987,0.9713980191452168,1586.1848206097911,9.661139440925808
2008,223.58951985494042,360.75844432030715,584.3479641752476,0.977052169906687,1598.914082423111,12.729261813319908
2009,225.71980135560707,364.45377111581536,590.1735724714224,0.9827063206681571,1613.0502059622415,14.136123539130494
2010,221.51078875464103,371.1593157300012,592.6701044846423,0.9883604714296271,1627.3343609972674,14.284155035025833
2011,231.70388323857958,372.924998542445,604.6288817810246,0.9889882341230849,1644.0747450284239,16.74038403115651
2012,214.9830507354091,381.0856580369786,596.0687087723877,0.9896159968165429,1656.1869415052745,12.112196476850613
2013,217.41204857078336,381.87778643760544,599.2898350083888,0.9902437595100009,1668.1045947156333,11.917653210358822
2014,224.21455529617825,388.1687589286987,612.3833142248769,0.9908715222034588,1683.1272050525629,15.022610336929574
2015,216.73377395544077,398.732,615.4657739554408,0.9908600068687826,1697.4759126761487,14.348707623585824
2016,211.4816056757864,390.97880000000004,602.4604056757864,0.9908484915341064,1705.8879215484296,8.412008872280921
2017,219.41648958015332,393.4056,612.8220895801533,0.9908369761994302,1716.7874380200526,10.899516471622974
2018,220.87595683236208,395.1424,616.0183568323621,0.9924774178789595,1727.7999977158215,11.012559695768914
2019,217.1260225955851,403.9392,621.0652225955852,0.9941178595584886,1739.5297648481467,11.72976713232515
2020,215.0,399.326,614.326,0.9957583012380179,1747.9866868706006,8.45692202245391
