,natemis,Antr+BB,Totemis,ch4lifetime_fact,Conc,Trend
1950,215.0,165.44423622518232,380.4442362251823,1.0082976017871197,1157.67318869783,
1951,215.0,181.5398843317661,396.5398843317661,1.008017040016338,1160.6088225914166,2.935633893586555
1952,215.0,187.68166589082924,402.6816658908292,1.0077364782455562,1165.2263094274156,4.617486835998989
1953,215.0,193.63020581337207,408.6302058133721,1.0074559164747743,1171.274076867054,6.047767439638392
1954,215.0,199.15880242379365,414.15880242379365,1.0071753547039928,1178.4531342181533,7.179057351099345
1955,215.0,204.36717252240715,419.36717252240715,1.0068947929332108,1186.5307936690967,8.077659450943429
1956,215.0,211.13917046441813,426.13917046441816,1.006614231162429,1195.9258647699612,9.39507110086447
1957,215.0,217.36410999746863,432.36410999746863,1.0063336693916476,1206.3094220919027,10.383557321941453
1958,215.0,220.52987679908665,435.52987679908665,1.0060531076208656,1216.5547906919749,10.245368600072197
1959,215.0,225.6699184124753,440.66991841247534,1.005772545850084,1227.3324603237604,10.777669631785557
1960,215.0,231.08350712933756,446.0835071293376,1.0054919840793022,1238.6733517206646,11.340891396904226
1961,215.0,239.81707031491294,454.81707031491294,1.0052114223085205,1251.616603609818,12.943251889153316
1962,215.0,242.73843169743012,457.7384316974301,1.0049308605377387,1264.0526537262863,12.436050116468323
1963,215.0,252.57641659525984,467.57641659525984,1.0046502987669568,1278.3342928104748,14.281639084188555
1964,215.0,253.78508937239053,468.78508937239053,1.004369736996175,1291.3892113384445,13.054918527969676
1965,215.0,260.7489502734299,475.7489502734299,1.0040891752253935,1305.264712765485,13.87550142704049
1966,215.0,265.2430465845324,480.2430465845324,1.0038086134546116,1319.0483030796215,13.783590314136518
1967,215.0,272.1189694198009,487.1189694198009,1.0035280516838299,1333.5403982630678,14.492095183446281
1968,215.0,275.9700567619466,490.9700567619466,1.0032474899130481,1347.656643903558,14.116245640490206
1969,215.0,280.66963851413317,495.66963851413317,1.0029669281422664,1361.7199683826957,14.063324479137691
1970,215.0,286.7554424719951,501.7554424719951,1.0026863663714847,1376.1957933739352,14.475824991239506
1971,215.0,296.29479715759095,511.29479715759095,1.0036125027400429,1392.3471114783565,16.151318104421307
1972,215.0,309.7925504905967,524.7925504905967,1.0045386391086013,1411.3040888357457,18.956977357389178
1973,215.0,321.5097804752024,536.5097804752024,1.0054647754771595,1432.1656138382325,20.861525002486815
1974,215.0,323.90781625487864,538.9078162548786,1.006390911845718,1451.627843141866,19.46222930363342
1975,215.0,317.6599241426396,532.6599241426396,1.0073170482142761,1466.9782996966717,15.35045655480576
1976,215.0,332.4310155097663,547.4310155097663,1.0082431845828346,1485.6585523547974,18.68025265812571
1977,215.0,331.86937666306744,546.8693766630674,1.009169320951393,1502.2084035881132,16.54985123331585
1978,215.0,341.8147800298701,556.8147800298701,1.0100954573199512,1520.3575389191167,18.149135331003436
1979,215.0,343.8016532522121,558.8016532522121,1.0110215936885096,1537.2875743322668,16.930035413150108
1980,215.0,336.43435957683573,551.4343595768357,1.0119477300570678,1550.0290049098924,12.741430577625579
1981,215.0,319.944026226233,534.9440262262331,1.0119166428840465,1555.8748156329173,5.845810723024897
1982,215.0,325.4862880386215,540.4862880386215,1.0118855557110251,1562.9089789574236,7.03416332450638
1983,215.0,314.78340390067586,529.7834039006759,1.0118544685380038,1565.6029137751289,2.6939348177052125
1984,215.0,313.6218524399723,528.6218524399724,1.0118233813649828,1567.6075774169503,2.0046636418214803
1985,215.0,312.6892946359584,527.6892946359584,1.0117922941919613,1569.0754632736864,1.4678858567360749
1986,215.0,315.3279750176004,530.3279750176005,1.01176120701894,1571.2524754469828,2.1770121732963617
1987,215.0,317.2485140553672,532.2485140553672,1.0117301198459188,1573.821391682429,2.568916235446295
1988,215.0,321.411691319549,536.4116913195489,1.0116990326728972,1577.4837524068507,3.66236072442166
1989,215.0,324.1105786961214,539.1105786961214,1.011667945499876,1581.6318280613116,4.148075654460854
1990,207.13777445155313,328.0908796007256,535.2286540522787,1.0116368583268547,1584.0255504967545,2.3937224354428963
1991,206.4189161040385,341.6898806403371,548.1087967443756,1.009824235180017,1590.1558650770107,6.130314580256254
1992,194.53550769894048,321.75928362938964,516.2947913283301,1.0015337334334637,1583.7592414262288,-6.396623650781976
1993,199.9311640200513,320.736322800518,520.6674868205694,0.996844693397186,1578.800368428109,-4.958872998119659
1994,202.9940352402028,332.26831963852857,535.2623548787313,1.0084558263903243,1581.0351544158143,2.2347859877052088
1995,197.44693511447778,324.2177472722203,521.6646823866981,1.0030031148607326,1577.668393860545,-3.366760555269366
1996,207.20103192719466,327.5188030162106,534.7198349434052,1.0102506923191272,1580.12218555547,2.4537916949250302
1997,217.73968242650653,350.5117382000001,568.2514206265066,1.0119030530084048,1593.694212033914,13.572026478444059
1998,212.1138313815474,330.2514803,542.3653116815474,0.9861864069689835,1593.1262345278622,-0.567977506051875
1999,216.99656031183122,321.97082819999997,538.9673885118311,1.0063414517912073,1594.672388297181,1.5461537693188347
2000,224.30553653458136,321.0746415,545.3801780345814,1.0,1597.1879964368618,2.5156081396808077
2001,212.51997324232056,322.0038254,534.5237986423206,0.99386928520895,1594.8505575118224,-2.3374389250393506
2002,212.1704320233259,329.2447249,541.4151569233259,0.9928679555766652,1594.9045441528958,0.05398664107337936
2003,211.94485638005466,336.95281180000006,548.8976681800548,0.9864340504659566,1596.4066018732092,1.5020577203133598
2004,211.43839792487432,346.8821553,558.3205532248744,0.979133650893039,1599.6792634839594,3.2726616107502196
2005,214.9095743035305,351.53041470000005,566.4399890035305,0.9699646792990931,1603.754593108852,4.0753296248926745
2006,211.9578219242644,361.5815305,573.5393524242644,0.9658283605068321,1609.019704363238,5.265111254385829
2007,220.7534076670482,357.22785230000005,577.9812599670482,0.9597038162268151,1614.1061152455088,5.086410882270911
2008,226.26119336847543,358.4336323,584.6948256684755,0.9643339070369527,1621.6208524063409,7.5147371608320555
2009,227.79548429501534,359.7836666,587.5791508950153,0.9671398996221703,1629.703857075149,8.083004668808144
2010,222.70559512358187,365.82240210000003,588.5279972235819,0.9580604117459025,1635.6021911749929,5.898334099843851
2011,231.1165900907369,367.0318972,598.148487290737,0.9585228838411334,1644.0841647925631,8.481973617570247
2012,214.23806968250926,370.96316160000003,585.2012312825093,0.9675752373720371,1648.8684538533225,4.78428906075942
2013,219.16898297119255,370.2459324,589.4149153711926,0.9662389595250078,1654.2673557463677,5.398901893045149
2014,228.10570225698547,377.00284780000004,605.1085500569855,0.96907901809612,1664.739037251138,10.471681504770231
2015,219.00148484941846,381.5206772,600.5221620494185,0.9707424683795629,1672.7764819084177,8.03744465727982
2016,213.7915772904531,369.4090335000001,583.2006107904532,0.952027984493153,1670.829591874182,-1.946890034235821
2017,220.463654903922,370.1151464,590.578801303922,0.9603792558988442,1673.049229654747,2.219637780565108
2018,222.41348146598264,373.18654800000013,595.6000294659827,0.9619692714083327,1676.9580352708938,3.908805616146765
2019,219.24138085349597,381.5144058,600.755786653496,0.963559286917821,1682.405664508911,5.447629238017271
2020,215.0,375.00440580000003,590.0044058000001,0.9651493024273095,1683.943737478367,1.538072969455925
