,natemis,Antr+BB,Totemis,ch4lifetime_fact,Conc,Trend
1950,215.0,163.598,378.598,1.0,1156.1234580696766,
1951,215.0,178.6518045817319,393.6518045817319,1.0,1157.3682177523867,1.2447596827100824
1952,215.0,183.7517426159432,398.75174261594316,1.0,1160.1668295338286,2.7986117814418776
1953,215.0,188.65843901363414,403.65843901363417,1.0,1164.2811501852748,4.114320651446178
1954,215.0,193.14519209920383,408.1451920992038,1.0,1169.424434307104,5.143284121829311
1955,215.0,197.31171867296544,412.3117186729654,1.0,1175.37515037469,5.950716067585972
1956,215.0,203.04187309012457,418.04187309012457,1.0,1182.5620294269106,7.186879052220547
1957,215.0,208.22496909832324,423.22496909832324,1.0,1190.6650294087437,8.102999981833136
1958,215.0,210.34889237508935,425.34889237508935,1.0,1198.5658975074878,7.900868098744013
1959,215.0,214.44709046362615,429.4470904636262,1.0,1206.9427445592996,8.376847051811865
1960,215.0,218.81883565563655,433.8188356556366,1.0,1215.833095346065,8.890350786765339
1961,215.0,224.59797580858205,439.5979758085821,1.0,1225.6467213045075,9.813625958442572
1962,215.0,224.56491415846932,439.5649141584693,1.0,1234.3505366264258,8.703815321918228
1963,215.0,231.44847602366914,446.4484760236692,1.0,1244.3651920887514,10.014655462325663
1964,215.0,229.70272576816996,444.70272576816996,1.0,1252.678898629778,8.313706541026477
1965,215.0,233.7121636365794,448.71216363657936,1.0,1261.3928892724264,8.713990642648469
1966,215.0,235.251836915052,450.25183691505197,1.0,1269.6423586966077,8.24946942418137
1967,215.0,239.17333671769057,454.1733367176906,1.0,1278.270108589155,8.627749892547172
1968,215.0,240.0700010272064,455.0700010272064,1.0,1286.2295085428077,7.959399953652792
1969,215.0,241.81515974676304,456.815159746763,1.0,1293.8771020912006,7.647593548392933
1970,215.0,244.94654067199508,459.9465406719951,1.0,1301.7080412717762,7.8309391805755695
1971,215.0,248.76207785759098,463.76207785759095,1.0,1309.928943243553,8.220901971776811
1972,215.0,256.04497069059664,471.04497069059664,1.0,1319.6473389630787,9.718395719525688
1973,215.0,255.60237187520235,470.6023718752024,1.0,1328.1306167483374,8.483277785258679
1974,215.0,258.8376989548787,473.8376989548787,1.0,1336.7381795339015,8.607562785564141
1975,215.0,261.71079484263964,476.71079484263964,1.0,1345.3358468872625,8.597667353360976
1976,215.0,266.11259910976634,481.11259910976634,1.0,1354.4322725778302,9.096425690567685
1977,215.0,269.5931488630674,484.5931488630674,1.0,1363.6657452317845,9.233472653954323
1978,215.0,272.7548380298701,487.7548380298701,1.0,1372.9150549118428,9.249309680058332
1979,215.0,276.282103452212,491.282103452212,1.0,1382.2998031495108,9.384748237667964
1980,210.94999730878948,279.7152927768357,490.6652900856252,1.0,1390.428951140578,8.129147991067157
1981,207.46940093654123,281.48962262623303,488.9590235627743,1.0,1397.0813798720187,6.65242873144075
1982,196.9955325905592,290.3138617386215,487.3093943291807,1.0,1402.4412420442532,5.359862172234443
1983,201.33424834490552,285.25634640067585,486.59059474558137,1.0,1406.9623109486079,4.521068904354706
1984,214.1098013886646,288.3160050399723,502.4258064286369,1.0,1416.2345962240713,9.272285275463446
1985,211.68781958124762,290.7718115359584,502.4596311172061,1.0,1424.4798918011002,8.245295577028855
1986,211.8802949566715,293.2029897176004,505.0832846742719,1.0,1432.6730378497173,8.193146048617109
1987,203.0665267237203,297.6636160553672,500.7301427790875,1.0,1438.5035108702652,5.83047302054797
1988,213.4200979600624,297.990817919549,511.41091587961137,1.0,1447.2272631795527,8.72375230928742
1989,215.39297055815703,299.2419704961214,514.6349410542784,1.0,1456.04462216354,8.817358983987333
1990,213.067226438452,302.9738366007256,516.0410630391775,1.0,1464.3415454487786,8.296923285238563
1991,208.59217395984714,316.0443104403371,524.6364844001843,1.0,1474.5632223598968,10.221676911118266
1992,188.55869530114643,298.3385526293896,486.897247930536,1.0,1471.1105890793929,-3.45263328050396
1993,202.27256580009686,298.32968740051797,500.6022532006148,1.0,1472.5947404891695,1.4841514097765867
1994,205.68900371387048,306.8975623385286,512.5865660523991,1.0,1477.8916174142425,5.296876925073093
1995,201.59890198611336,295.94589077222037,497.54479275833376,1.0,1477.6013895379065,-0.2902278763360755
1996,211.8482157274342,293.32614251621055,505.17435824364475,1.0,1479.8767471170188,2.275357579112324
1997,205.35217180687872,315.2255,520.5776718068787,1.0,1487.0113795584768,7.134632441458052
1998,214.55891059798697,297.786,512.344910597987,1.0,1490.6137903240908,3.6024107656139677
1999,223.82980784756984,290.18649999999997,514.0163078475698,1.0,1494.367758208178,3.75396788408716
2000,220.46950858496152,286.167,506.63650858496146,1.0,1495.251229678033,0.883471469855067
2001,217.96732870445126,293.96279999999996,511.93012870445125,1.0,1497.7933110684205,2.542081390387466
2002,212.04069110285803,308.4886,520.529291102858,1.0,1502.9057590552115,5.1124479867910395
2003,215.0561386511653,313.4844,528.5405386511653,1.0,1510.1055757835697,7.199816728358201
2004,213.89326659131277,321.4202,535.3134665913128,1.0,1518.7479041857675,8.64232840219779
2005,205.11959739490823,328.966,534.0855973949083,1.0,1526.014884884418,7.266980698650514
2006,217.5182194951289,339.5914,557.109619495129,1.0,1540.1123752938736,14.097490409455531
2007,217.93524947521394,340.1068,558.042049475214,1.0,1552.9409422619854,12.828566968111772
2008,221.99327197373375,344.2622,566.2554719737337,1.0,1567.0600264488414,14.119084186856071
2009,219.24247806663436,353.1976,572.4400780666344,1.0,1581.6515419434697,14.591515494628311
2010,222.65891598040798,359.223,581.8819159804079,1.0,1597.744022568162,16.09248062469237
2011,222.8112923192852,364.4245,587.2357923192852,1.0,1613.81216265938,16.068140091217856
2012,213.70079121588887,373.586,587.2867912158889,1.0,1628.098081697491,14.285919038110933
2013,225.01673932935032,378.0775,603.0942393293503,1.0,1646.0326269232949,17.93454522580396
2014,216.49168415953494,389.899,606.3906841595349,1.0,1663.0534883357673,17.020861412472414
2015,210.13999677054736,401.9505,612.0904967705474,1.0,1680.0609123589527,17.007424023185422
2016,217.28564508315839,399.27200000000005,616.5576450831584,1.0,1696.6471472656376,16.586234906684922
2017,215.0,406.7735,621.7735,1.0,1713.107931433763,16.46078416812543
2018,215.0,413.58500000000004,628.585,1.0,1729.9870810104276,16.87914957666453
2019,215.0,427.4565,642.4565,1.0,1749.5817389269523,19.59465791652474
2020,215.0,427.918,642.918,1.0,1767.1356011004107,17.553862173458356
