,natemis,Antr+BB,Totemis,ch4lifetime_fact,Conc,Trend
1950,215.0,140.0104525128931,355.0104525128931,1.0386734286208537,1152.5207561011043,
1951,215.0,155.2647590189582,370.2647590189582,1.0386734286208537,1150.6153993874425,-1.9053567136618312
1952,215.0,160.56519897750266,375.56519897750263,1.0386734286208537,1150.6799567876135,0.06455740017099743
1953,215.0,165.67239729952678,380.6723972995268,1.0386734286208537,1152.4363743826332,1.756417595019684
1954,215.0,170.3596523094297,385.3596523094297,1.0386734286208537,1155.5613620985253,3.1249877158920754
1955,215.0,174.7266808075245,389.72668080752453,1.0386734286208537,1159.799883022328,4.238520923802753
1956,215.0,180.6573371490168,395.6573371490168,1.0386734286208537,1165.5512247413906,5.751341719062566
1957,215.0,186.04093508154867,401.0409350815487,1.0386734286208537,1172.4692426637364,6.918017922345825
1958,215.0,188.36536028264797,403.365360282648,1.0386734286208537,1179.4097221902186,6.94047952648225
1959,215.0,192.664060295518,407.66406029551797,1.0386734286208537,1187.0269514639408,7.61722927372216
1960,215.0,197.23630741186156,412.23630741186156,1.0386734286208537,1195.3384831717228,8.311531707782024
1961,215.0,205.11807849022705,420.11807849022705,1.0273688805761167,1204.118977586647,8.780494414924078
1962,215.0,207.1876477655343,422.1876477655343,1.0286336117988735,1212.7682987715518,8.64932118490492
1963,215.0,216.17384055615415,431.1738405561541,1.0303815209511082,1223.6568425867958,10.88854381524402
1964,215.0,216.530721226075,431.530721226075,1.0388161109745009,1234.427441639592,10.770599052796115
1965,215.0,222.6427900199044,437.6427900199044,1.0466500135860857,1246.9423477980347,12.514906158442727
1966,215.0,226.28509422379705,441.28509422379705,1.0309948094306236,1257.5309852607236,10.588637462688894
1967,215.0,232.3092249518556,447.30922495185564,1.0343317923476247,1269.3556325739075,11.82464731318396
1968,215.0,235.30852018679144,450.30852018679144,1.0390130401356572,1281.4368113741277,12.081178800220187
1969,215.0,239.15630983176808,454.1563098317681,1.03733064240917,1293.2894695130913,11.852658138963534
1970,215.0,244.39032168242014,459.3903216824201,1.044520863970062,1306.444410964299,13.154941451207833
1971,215.0,249.2500236569801,464.2500236569801,1.0311148875281522,1318.1871934480557,11.742782483756628
1972,215.0,257.1728277174416,472.1728277174416,1.0410234769727889,1332.4861921021582,14.298998654102434
1973,215.0,260.25257580258824,475.25257580258824,1.0237676802553786,1344.1280115377983,11.641819435640173
1974,215.0,261.75608614159665,476.75608614159665,1.0255205419074267,1355.2127184813667,11.084706943568335
1975,215.0,262.9879199985267,477.9879199985267,1.0294434565934747,1365.9886076937057,10.775889212339052
1976,215.0,269.88077697352765,484.88077697352765,1.0411371895645516,1379.3517144739587,13.36310678025302
1977,215.0,273.963154930751,488.963154930751,1.04310064917037,1392.872303805385,13.520589331426208
1978,215.0,276.2604287421843,491.2604287421843,1.038188476513601,1405.0704148474902,12.19811104210521
1979,215.0,281.5334355614996,496.5334355614996,1.0481297495588873,1418.9679229713963,13.897508123906164
1980,213.46581505527286,283.2799933041633,496.7458083594362,1.054811359742319,1432.2875534911254,13.319630519729117
1981,209.98540094753466,279.7228833024812,489.7082842500158,1.0453494500609413,1440.6232057980044,8.335652306878956
1982,207.34999122653096,287.61463066683257,494.9646218933635,1.0607031737894599,1451.7796267844997,11.156420986495277
1983,218.54420775574664,281.5577046073275,500.1019123630741,1.0432038431370887,1461.1874605728037,9.40783378830406
1984,216.13469029654325,284.9536362831875,501.08832657973073,1.0308940203039962,1468.25584310811,7.0683825353062275
1985,218.52747499561326,285.63759742417085,504.1650724197841,1.024425100745979,1474.688751743269,6.432908635159038
1986,212.30288822600457,290.77781253724584,503.08070076325043,1.0354513129905416,1481.5662132672269,6.877461523957891
1987,207.81014213019827,295.02494838641707,502.8350905166153,1.0403399650985459,1488.276841574491,6.710628307264187
1988,212.7546727496052,298.6755905767461,511.43026332635134,1.0222870139004354,1494.6277940854309,6.3509525109398055
1989,213.67497455693982,302.17109081824873,515.8460653751886,1.0267543659990674,1502.3753534182501,7.7475593328192645
1990,211.0981294964029,305.2999200711051,516.398049567508,1.030736205492146,1510.0150273282645,7.6396739100143805
1991,210.3200561502018,318.81183287573293,529.1318890259347,1.0498448088618946,1523.6899112932451,13.674883964980609
1992,198.5903912967187,299.49068782266335,498.081079119382,1.0436593028024648,1524.712420365099,1.0225090718538468
1993,204.7145815055273,299.5481852918242,504.2627667973515,1.0224136274039968,1524.6930686750482,-0.01935169005082571
1994,209.4666853834006,310.39650696329267,519.8631923466933,1.0257079106974367,1530.3329929706965,5.63992429564837
1995,208.72207755746624,305.56039716107193,514.2824747185382,1.006485120188085,1530.6965706460599,0.36357767536333085
1996,212.42838392700475,307.45705920620384,519.8854431332086,1.0050644518952168,1532.6691516290496,1.9725809829897116
1997,213.7837374978066,331.457796516877,545.2415340146836,1.0260210342142024,1545.916199719087,13.247048090037424
1998,222.52660466748551,315.50915615703855,538.035760824524,1.0215154558941881,1554.6601106580606,8.743910938973613
1999,211.56664678013686,309.5890972813972,521.155744061534,0.9979967817046644,1553.3067963936064,-1.353314264454184
2000,213.03076329180558,310.3755556419565,523.4063189337621,1.0,1553.1585879462932,-0.14820844731320904
2001,218.326681874013,313.1005194228316,531.4272012968446,1.004280591928866,1556.3408992508619,3.182311304568657
2002,215.21438848920863,322.47491151980734,537.6893000090159,1.0092659254714755,1562.0011136320172,5.660214381155356
2003,219.3222811019477,328.33133481161764,547.6536159135653,1.0091672020984297,1570.3272421010943,8.326128469077048
2004,213.74190559747325,339.1599047856282,552.9018103831015,1.0045178825485648,1578.7616613349644,8.43441923387013
2005,210.64634497280224,346.62478641877203,557.2711313915743,1.001520616854982,1587.242801182321,8.481139847356644
2006,215.9673626952097,356.7053574534424,572.672720148652,0.9963837241195741,1599.0836752343873,11.840874052066283
2007,213.7502719775399,355.2617524896731,569.012024467213,1.0019042846930941,1609.2508564971176,10.16718126273031
2008,213.86740129847342,360.75844432030715,574.6258456187805,0.9845580445936346,1617.3584240960756,8.107567598957985
2009,219.93302684681524,364.45377111581536,584.3867979626306,0.9914712628139848,1628.912870431172,11.554446335096372
2010,226.5508334795578,371.1593157300012,597.710149209559,0.979929226472326,1641.678348249959,12.765477818787076
2011,214.3442849622741,372.924998542445,587.269283504719,0.979929226472326,1649.5274676605545,7.849119410595449
2012,208.27865941393227,381.0856580369786,589.3643174509109,0.979929226472326,1657.1777085333408,7.6502408727862985
2013,214.6454746446745,381.87778643760544,596.52326108228,0.979929226472326,1666.3312253121494,9.15351677880858
2014,215.03869450780837,388.1687589286987,603.2074534365071,0.979929226472326,1676.6593934859102,10.328168173760787
2015,214.13512546060713,398.732,612.8671254606072,0.979929226472326,1689.0153193085623,12.355925822652125
2016,220.7529320933497,390.97880000000004,611.7317320933497,0.979929226472326,1699.5877968397454,10.57247753118304
2017,215.0,393.4056,608.4056,0.979929226472326,1707.853308406292,8.265511566546593
2018,215.0,395.1424,610.1424,0.979929226472326,1715.7537170331907,7.900408626898752
2019,215.0,403.9392,618.9392,0.979929226472326,1725.672132495856,9.91841546266528
2020,215.0,399.326,614.326,0.979929226472326,1732.931183037479,7.259050541623083
