,natemis,Antr+BB,Totemis,ch4lifetime_fact,Conc,Trend
1950,215.0,163.17450659965715,378.17450659965715,1.0247219712311393,1158.7304235375464,
1951,215.0,179.19507276100282,394.19507276100285,1.0244368393312935,1162.5831540560823,3.8527305185359637
1952,215.0,185.26177237482784,400.26177237482784,1.0241517074314475,1167.9985168845446,5.415362828462321
1953,215.0,191.13523035213254,406.13523035213257,1.0238665755316017,1174.740416089009,6.741899204464289
1954,215.0,196.588745017316,411.588745017316,1.0235814436317558,1182.5232161819058,7.782800092896878
1955,215.0,201.72203317069142,416.7220331706914,1.02329631173191,1191.125712640535,8.602496458629275
1956,215.0,208.41894916746426,423.41894916746423,1.023011179832064,1200.9771101462013,9.851397505666228
1957,215.0,214.5688067552767,429.5688067552767,1.0227260479322182,1211.7577907181362,10.780680571934909
1958,215.0,217.6594916116566,432.65949161165656,1.0224409160323724,1222.3482056645692,10.59041494643293
1959,215.0,222.72445127980714,437.7244512798071,1.0221557841325266,1233.4248899507454,11.07668428617626
1960,215.0,228.0629580514313,443.06295805143134,1.0218706522326808,1245.02467893571,11.599788984964562
1961,215.0,236.72050668084023,451.72050668084023,1.0215855203328348,1258.1925392188111,13.167860283101163
1962,215.0,239.56585350719098,454.565853507191,1.021300388432989,1270.823473629261,12.630934410449754
1963,215.0,249.3278238488543,464.32782384885434,1.021015256533143,1285.274666449781,14.451192820520191
1964,215.0,250.4604820698185,465.4604820698185,1.0207301246332974,1298.4769901693835,13.202323719602418
1965,215.0,257.3483284146914,472.3483284146914,1.0204449927334514,1312.4799349580946,14.002944788711147
1966,215.0,261.76641016962753,476.76641016962753,1.0201598608336055,1326.3737539944386,13.893819036343984
1967,215.0,268.56631844872953,483.56631844872953,1.0198747289337597,1340.9612744184174,14.58752042397873
1968,215.0,272.34139123470885,487.34139123470885,1.019589597033914,1355.1600080460155,14.19873362759813
1969,215.0,276.9649584307289,491.9649584307289,1.019304465134068,1369.2939902579074,14.133982211891862
1970,215.0,282.9747478324244,497.9747478324244,1.0190193332342221,1383.8302522849233,14.536262027015937
1971,215.0,292.39338546227265,507.39338546227265,1.0199605556308002,1400.018017996976,16.187765712052624
1972,215.0,305.77288904383573,520.7728890438357,1.0209017780273784,1418.9944303113855,18.976412314409572
1973,215.0,317.30180353705,532.30180353705,1.0218430004239563,1439.840581102687,20.846150791301625
1974,215.0,319.6737152945646,534.6737152945645,1.0227842228205342,1459.310602842959,19.47002174027193
1975,215.0,313.4687162301143,528.4687162301143,1.0237254452171123,1474.7079653143442,15.397362471385122
1976,215.0,328.0681369115893,543.0681369115894,1.0246666676136902,1493.3981937734795,18.69022845913537
1977,215.0,327.50971043294277,542.5097104329427,1.0256078900102683,1509.9840060964407,16.585812322961146
1978,215.0,337.29152495073333,552.2915249507333,1.0265491124068462,1528.1364431308257,18.152437034385002
1979,215.0,339.2625001945196,554.2625001945196,1.0274903348034243,1545.0899657491047,16.953522618279067
1980,215.0,331.9744129863428,546.9744129863428,1.0284315572000022,1557.9001337091777,12.810167960072931
1981,215.0,315.6808105870111,530.6808105870111,1.0283999636415508,1563.88689068245,5.98675697327235
1982,215.0,321.2350753555989,536.2350753555988,1.0283683700830997,1571.06068970268,7.173799020230035
1983,215.0,310.5807537196765,525.5807537196765,1.0283367765246483,1573.9026252581264,2.841935555446298
1984,215.0,309.44370211114114,524.4437021111412,1.028305182966197,1576.0509311635528,2.1483059054264686
1985,215.0,308.5329440305821,523.532944030582,1.0282735894077455,1577.6567288270912,1.6057976635383966
1986,215.0,311.14209539675954,526.1420953967595,1.028241995849294,1579.9496552200924,2.292926393001153
1987,215.0,313.06531577001317,528.0653157700132,1.028210402290843,1582.626452031569,2.6767968114766063
1988,215.0,317.1635669480235,532.1635669480236,1.0281788087323915,1586.368239178234,3.7417871466650467
1989,215.0,319.83132361261084,534.8313236126108,1.0281472151739404,1590.5828487825381,4.214609604304087
1990,196.74772668865427,323.79183660072556,520.5395632893799,1.0281156216154888,1589.5799227241246,-1.00292605841355
1991,198.2364378165914,335.4818104403371,533.7182482569285,1.02530405945394,1592.6508957167775,3.070972992652969
1992,187.79558900194488,316.3955526293896,504.1911416313345,1.022492497292391,1585.1503654823296,-7.500530234447979
1993,189.79585223160905,315.00618740051794,504.802039632127,1.0196809351308422,1578.2580732602141,-6.8922922221154295
1994,197.35571953699662,322.1935623385285,519.5492818755251,1.0168693729692933,1576.6057285376169,-1.6523447225972632
1995,197.11477002867338,309.8613907722203,506.9761608008937,1.0140578108077443,1570.53619128642,-6.069537251196834
1996,209.69448889653663,309.1011425162106,518.7956314127472,1.0112462486461955,1568.64245880565,-1.8937324807700406
1997,210.47768420635288,332.86,543.3376842063528,1.0084346864846467,1574.6857698736867,6.043311068036701
1998,209.4890943325314,317.28000000000003,526.7690943325315,1.0056231243230978,1574.1249030207898,-0.5608668528968792
1999,218.13505086211853,311.53999999999996,529.6750508621185,1.002811562161549,1574.1604467034865,0.03554368269669794
2000,224.43379724003518,309.38,533.8137972400352,1.0,1575.1326326049273,0.9721859014407528
2001,209.41124316982896,313.65,523.0612431698289,0.995914002735031,1571.7919788646539,-3.34065374027341
2002,214.11349174689514,324.65000000000003,538.7634917468952,0.991828005470062,1573.400039753933,1.6080608892791588
2003,210.067351186169,326.12,536.187351186169,0.987742008205093,1573.3276158840818,-0.07242386985126359
2004,215.94404838269085,330.53000000000003,546.4740483826909,0.9836560109401239,1576.0264629280937,2.698847044011927
2005,208.63713125161553,334.55,543.1871312516155,0.9795700136751548,1576.672610859839,0.6461479317454177
2006,219.32569205221733,340.45,559.7756920522173,0.9754840164101859,1582.0841998038654,5.4115889440263345
2007,218.0672449705479,336.24,554.3072449705479,0.9713980191452168,1584.3943378338906,2.3101380300252004
2008,221.76288071196748,335.67,557.4328807119675,0.977052169906687,1588.4026072807235,4.0082694468328555
2009,224.22978858618197,339.88,564.1097885861819,0.9827063206681571,1595.0871433538455,6.68453607312199
2010,221.6122031167196,341.18,562.7922031167196,0.9883604714296271,1601.4883960528744,6.401252699028873
2011,234.96775986419928,342.69,577.6577598641993,0.9889882341230849,1612.1997817358408,10.711385682966466
2012,214.6834019506841,348.16,562.8434019506841,0.9896159968165429,1616.8867349253317,4.6869531894908505
2013,213.16365728260934,348.96,562.1236572826093,0.9902437595100009,1620.9073184616025,4.020583536270806
2014,219.12119513617802,357.09000000000003,576.211195136178,0.9908715222034588,1629.250977767879,8.34365930627655
2015,212.69994127272804,365.45,578.149941272728,0.9908600068687826,1637.2947875067528,8.043809738873733
2016,204.5384273311009,358.0,562.5384273311009,0.9908484915341064,1639.2484518036194,1.953664296866691
2017,216.96409157036751,360.73,577.6940915703675,0.9908369761994302,1646.009257254231,6.760805450611542
2018,218.8718073210817,362.77000000000004,581.6418073210817,0.9924774178789595,1653.5875437114826,7.578286457251579
2019,213.25609550943,371.87,585.12609550943,0.9941178595584886,1661.7389726234078,8.151428911925223
2020,215.0,367.56,582.56,0.9957583012380179,1668.3924707602046,6.65349813679677
