,natemis,Antr+BB,Totemis,ch4lifetime_fact,Conc,Trend
1950,215.0,148.86472757401697,363.86472757401697,1.0,1151.2318709737456,
1951,215.0,164.4119307263549,379.4119307263549,1.0,1148.2965686772102,-2.935302296535383
1952,215.0,170.00526733117223,385.00526733117226,1.0,1147.5469739725675,-0.7495947046427318
1953,215.0,175.4053622994692,390.4053622994692,1.0,1148.6741946328032,1.1272206602357073
1954,215.0,180.38551395564497,395.38551395564497,1.0,1151.3286580408785,2.654463408075344
1955,215.0,185.0454391000126,400.0454391000126,1.0,1155.233040232077,3.904382191198465
1956,215.0,191.26899208777778,406.26899208777775,1.0,1160.7665268969522,5.533486664875227
1957,215.0,196.94548666658253,411.9454866665825,1.0,1167.5650782356877,6.798551338735479
1958,215.0,199.56280851395465,414.5628085139547,1.0,1174.4713701279297,6.906291892242052
1959,215.0,204.15440517309747,419.1544051730975,1.0,1182.1288169250804,7.657446797150669
1960,215.0,209.0195489357139,424.01954893571394,1.0,1190.5441318972853,8.415314972204897
1961,215.0,217.19785480015165,432.1978548001516,1.0,1200.7324578253538,10.18832592806848
1962,215.0,219.56395886153115,434.56395886153115,1.0,1210.5655637987768,9.833105973423017
1963,215.0,228.84668643822317,443.8466864382232,1.0,1222.379608910172,11.814045111395217
1964,215.0,229.50010189421624,444.50010189421624,1.0,1233.087772965961,10.708164055788984
1965,215.0,235.90870547411788,450.9087054741179,1.0,1244.7246591095015,11.63688614354055
1966,215.0,239.84754446408272,454.8475444640827,1.0,1256.3662927033834,11.641633593881807
1967,215.0,246.1682099782135,461.1682099782135,1.0,1268.8029313185684,12.436638615185075
1968,215.0,249.46403999922154,464.46403999922154,1.0,1280.941283808116,12.138352489547515
1969,215.0,253.6083644302704,468.6083644302704,1.0,1293.0964575792461,12.155173771130194
1970,215.0,259.1389110669947,474.1389110669947,1.0,1305.7268081551576,12.630350575911507
1971,215.0,264.2792956760135,479.2792956760135,1.0,1318.6495923668356,12.922784211677936
1972,215.0,272.45721733515404,487.45721733515404,1.0,1332.8405576542305,14.190965287394874
1973,215.0,275.97436854007793,490.97436854007793,1.0,1346.6102852192453,13.769727565014819
1974,215.0,277.58300816315733,492.58300816315733,1.0,1359.3722970774443,12.762011858199003
1975,215.0,278.92569799309183,493.92569799309183,1.0,1371.1511295075538,11.77883243010956
1976,215.0,286.19073893967834,501.19073893967834,1.0,1384.0231464341657,12.872016926611877
1977,215.0,290.52582612135245,505.52582612135245,1.0,1396.8931711285873,12.870024694421545
1978,215.0,292.98308376747053,507.98308376747053,1.0,1409.1379693290774,12.244798200490095
1979,215.0,298.58114099630916,513.5811409963092,1.0,1421.8703232283858,12.732353899308464
1980,215.0,300.435685537013,515.435685537013,1.0,1433.7927591581454,11.922435929759558
1981,215.0,296.68287020073063,511.68287020073063,1.0,1443.1342668016557,9.34150764351034
1982,215.0,304.65710214976906,519.6571021497691,1.0,1454.0773249161907,10.943058114535006
1983,215.0,298.6784287123529,513.6784287123529,1.0,1461.8101097548333,7.732784838642601
1984,215.0,302.2370817851458,517.2370817851458,1.0,1469.85855977011,8.048450015276785
1985,215.0,302.9504467045176,517.9504467045176,1.0,1477.242667033544,7.384107263433862
1986,215.0,308.4034370412448,523.4034370412448,1.0,1485.6104190340864,8.367752000542396
1987,215.0,312.778527186872,527.778527186872,1.0,1494.4938037010033,8.883384666916982
1988,215.0,316.78079953316467,531.7807995331647,1.0,1503.7113064629702,9.217502761966898
1989,215.0,320.55968800249383,535.5596880024939,1.0,1513.1513504638567,9.440044000886473
1990,203.46046503508242,323.79183660072556,527.252301635808,1.0,1518.7762590856619,5.624908621805162
1991,203.86480763910888,335.4818104403371,539.346618079446,1.0,1527.7867739713038,9.010514885641896
1992,192.99593815610623,316.3955526293896,509.3914907854959,1.0,1525.8429913001867,-1.9437826711171056
1993,197.53013600762725,315.00618740051794,512.5363234081452,1.0,1525.1609688542144,-0.6820224459722795
1994,201.6702175992425,322.1935623385285,523.863779937771,1.0,1528.3161363161269,3.1551674619124697
1995,198.42425222373905,309.8613907722203,508.2856429959594,1.0,1525.945928803992,-2.3702075121348116
1996,207.98618316435926,309.1011425162106,517.0873256805698,1.0,1526.7633566234979,0.8174278195058378
1997,214.82762962942098,332.86,547.687629629421,1.0,1537.648849906002,10.885493282504058
1998,212.48904469996359,317.28000000000003,529.7690446999636,1.0,1541.3663508603224,3.717500954320485
1999,217.9089641525754,311.53999999999996,529.4489641525754,1.0,1544.5613326192747,3.194981758952281
2000,223.84146230918932,309.38,533.2214623091893,1.0,1548.6510769712208,4.089744351946138
2001,212.14445447990562,313.65,525.7944544799057,1.0,1549.8170542493012,1.1659772780803905
2002,212.8758216861255,324.65000000000003,537.5258216861255,1.0,1554.747402700995,4.930348451693817
2003,211.72546899530604,326.12,537.8454689953061,1.0,1559.2318249122827,4.484422211287665
2004,213.08436107609737,330.53000000000003,543.6143610760973,1.0,1565.1294526273402,5.897627715057524
2005,212.75712594098638,334.55,547.3071259409865,1.0,1571.5927548603208,6.463302232980595
2006,214.2753006005639,340.45,554.7253006005639,1.0,1579.7952645275525,8.202509667231652
2007,219.2960049118257,336.24,555.5360049118257,1.0,1587.3484989572426,7.553234429690065
2008,223.58951985494042,335.67,559.2595198549404,1.0,1595.292238577069,7.943739619826374
2009,225.71980135560707,339.88,565.599801355607,1.0,1604.4515499131082,9.159311336039309
2010,221.51078875464103,341.18,562.6907887546411,1.0,1611.619471193727,7.167921280618657
2011,231.70388323857958,342.69,574.3938832385795,1.0,1621.8703378466166,10.250866652889727
2012,214.9830507354091,348.16,563.1430507354091,1.0,1627.2380289132857,5.367691066669067
2013,217.41204857078336,348.96,566.3720485707834,1.0,1633.0767565396118,5.83872762632609
2014,224.21455529617825,357.09000000000003,581.3045552961783,1.0,1643.2194553370919,10.14269879748008
2015,216.73377395544077,365.45,582.1837739554408,1.0,1652.5183829117693,9.298927574677464
2016,211.4816056757864,358.0,569.4816056757863,1.0,1656.5588663949009,4.040483483131538
2017,219.41648958015332,360.73,580.1464895801533,1.0,1663.687779323444,7.128912928543059
2018,220.87595683236208,362.77000000000004,583.6459568323621,1.0,1671.1803228415213,7.492543518077355
2019,217.1260225955851,371.87,588.9960225955851,1.0,1679.6101975245006,8.429874682979289
2020,215.0,367.56,582.56,1.0,1684.9593563455924,5.349158821091805
