,natemis,Antr+BB,Totemis,ch4lifetime_fact,Conc,Trend
1950,215.0,165.44423622518232,380.4442362251823,1.0247219712311393,1159.4849243673082,
1951,215.0,181.5398843317661,396.5398843317661,1.0244368393312933,1164.0342888531711,4.549364485862952
1952,215.0,187.68166589082924,402.6816658908292,1.0241517074314475,1170.0947330370348,6.060444183863638
1953,215.0,193.63020581337207,408.6302058133721,1.0238665755316017,1177.4357862058175,7.341053168782764
1954,215.0,199.15880242379365,414.15880242379365,1.0235814436317556,1185.7768241111858,8.341037905368239
1955,215.0,204.36717252240715,419.36717252240715,1.0232963117319098,1194.9011063773323,9.124282266146565
1956,215.0,211.13917046441813,426.13917046441816,1.023011179832064,1205.2418143558991,10.340707978566797
1957,215.0,217.36410999746863,432.36410999746863,1.0227260479322182,1216.4828723916314,11.241058035732294
1958,215.0,220.52987679908665,435.52987679908665,1.0224409160323724,1227.5078871250353,11.02501473340385
1959,215.0,225.6699184124753,440.66991841247534,1.0221557841325264,1238.9962040594633,11.488316934427985
1960,215.0,231.08350712933756,446.0835071293376,1.0218706522326806,1250.9871619040766,11.990957844613376
1961,215.0,239.81707031491294,454.81707031491294,1.0215855203328348,1264.528266902543,13.54110499846638
1962,215.0,242.73843169743012,457.7384316974301,1.021300388432989,1277.5164736283498,12.988206725806776
1963,215.0,252.57641659525984,467.57641659525984,1.021015256533143,1292.3107046379564,14.79423100960662
1964,215.0,253.78508937239053,468.78508937239053,1.0207301246332972,1305.8433805278823,13.53267588992594
1965,215.0,260.7489502734299,475.7489502734299,1.0204449927334514,1320.165370174412,14.321989646529573
1966,215.0,265.2430465845324,480.2430465845324,1.0201598608336055,1334.3681545629017,14.202784388489818
1967,215.0,272.1189694198009,487.1189694198009,1.0198747289337597,1349.2556542256302,14.887499662728487
1968,215.0,275.9700567619466,490.9700567619466,1.0195895970339137,1363.746354643672,14.490700418041797
1969,215.0,280.66963851413317,495.66963851413317,1.019304465134068,1378.1651582211139,14.41880357744185
1970,215.0,286.7554424719951,501.7554424719951,1.0190193332342221,1392.979868228538,14.814710007424083
1971,215.0,296.29479715759095,511.29479715759095,1.0199605556308,1409.4563306247421,16.47646239620417
1972,215.0,309.7925504905967,524.7925504905967,1.0209017780273781,1428.7297891421347,19.273458517392555
1973,215.0,321.5097804752024,536.5097804752024,1.021843000423956,1449.9037556556582,21.17396651352351
1974,215.0,323.90781625487864,538.9078162548786,1.0227842228205342,1469.6751243158226,19.7713686601644
1975,215.0,317.6599241426396,532.6599241426396,1.0237254452171123,1485.3273842618803,15.652259946057711
1976,215.0,332.4310155097663,547.4310155097663,1.0246666676136902,1504.302530233996,18.975145972115797
1977,215.0,331.86937666306744,546.8693766630674,1.0256078900102683,1521.1418972132217,16.839366979225588
1978,215.0,341.8147800298701,556.8147800298701,1.0265491124068462,1539.5754609005035,18.433563687281776
1979,215.0,343.8016532522121,558.8016532522121,1.0274903348034243,1556.785606683679,17.21014578317545
1980,213.46581505527286,336.43435957683573,549.9001746321086,1.0284315572000022,1569.2889166111188,12.503309927439886
1981,209.98540094753466,319.944026226233,529.9294271737676,1.0283999636415508,1573.7797854914127,4.490868880293874
1982,207.34999122653096,325.4862880386215,532.8362792651525,1.0283683700830994,1578.741132166924,4.961346675511322
1983,218.54420775574664,314.78340390067586,533.3276116564225,1.0283367765246483,1583.3183451044067,4.577212937482727
1984,216.13469029654325,313.6218524399723,529.7565427365156,1.0283051829661969,1586.2027748761463,2.884429771739633
1985,218.52747499561326,312.6892946359584,531.2167696315717,1.0282735894077457,1589.2524143750852,3.049639498938859
1986,212.30288822600457,315.3279750176004,527.630863243605,1.028241995849294,1590.7714517501242,1.5190373750390336
1987,207.81014213019827,317.2485140553672,525.0586561855655,1.0282104022908427,1591.2643948810005,0.49294313087625596
1988,212.7546727496052,321.411691319549,534.1663640691542,1.0281788087323915,1594.7267987953078,3.4624039143072878
1989,213.67497455693982,324.1105786961214,537.7855532530613,1.0281472151739401,1599.008900869593,4.282102074285149
1990,211.0981294964029,328.0908796007256,539.1890090971285,1.0281156216154888,1603.2843000458665,4.275399176273595
1991,210.3200561502018,341.6898806403371,552.0099367905389,1.0253040594539398,1610.9327908387615,7.648490792895018
1992,198.5903912967187,321.75928362938964,520.3496749261084,1.022492497292391,1606.7932932474334,-4.139497591328109
1993,204.7145815055273,320.736322800518,525.4509043060452,1.019680935130842,1604.3786980240934,-2.4145952233400294
1994,209.4666853834006,332.26831963852857,541.7350050219292,1.0168693729692933,1607.2138539995933,2.8351559754999016
1995,208.72207755746624,324.2177472722203,532.9398248296866,1.0140578108077443,1606.382685411565,-0.8311685880282766
1996,212.42838392700475,327.5188030162106,539.9471869432153,1.0112462486461955,1607.538618361642,1.1559329500769309
1997,213.7837374978066,350.5117382000001,564.2954756978068,1.0084346864846467,1616.2179842484557,8.679365886813684
1998,222.52660466748551,330.2514803,552.7780849674855,1.0056231243230978,1619.6659337070876,3.4479494586319106
1999,211.56664678013686,321.97082819999997,533.5374749801368,1.0028115621615488,1615.8965961823176,-3.7693375247699805
2000,213.03076329180558,321.0746415,534.1054047918055,1.0,1612.2923927548,-3.604203427517632
2001,218.326681874013,322.0038254,540.3305072740129,0.9972303853728057,1610.7189591065753,-1.5734336482246363
2002,215.21438848920863,329.2447249,544.4591133892086,0.9944607707456116,1610.2509506097572,-0.46800849681812906
2003,219.3222811019477,336.95281180000006,556.2750929019478,0.9916911561184175,1613.3130089052306,3.0620582954734346
2004,213.74190559747325,346.8821553,560.6240608974733,0.9889215414912234,1617.0252688650683,3.7122599598376382
2005,210.64634497280224,351.53041470000005,562.1767596728023,0.9861519268640292,1620.3819553422984,3.3566864772301415
2006,215.9673626952097,361.5815305,577.5488931952096,0.9833823122368349,1628.003152584641,7.621197242342532
2007,213.7502719775399,357.22785230000005,570.97812427754,0.9806126976096409,1632.1199620665323,4.116809481891323
2008,213.86740129847342,358.4336323,572.3010335984734,0.9862691313599595,1637.145180793751,5.025218727218771
2009,219.93302684681524,359.7836666,579.7166934468153,0.9919255651102782,1644.9929556054724,7.847774811721365
2010,226.5508334795578,365.82240210000003,592.3732355795578,0.9975819988605968,1657.0831820465246,12.09022644105221
2011,214.3442849622741,367.0318972,581.3761821622741,0.9982952851331266,1664.283099668148,7.199917621623399
2012,208.27865941393227,370.96316160000003,579.2418210139323,0.9990085714056565,1670.084251230687,5.801151562538962
2013,214.6454746446745,370.2459324,584.8914070446745,0.9997218576781862,1677.2283425500184,7.144091319331437
2014,215.03869450780837,377.00284780000004,592.0415423078084,1.000435143950716,1686.064009875124,8.835667325105533
2015,214.13512546060713,381.5206772,595.6558026606072,0.99758407518491,1694.636348922061,8.572339046937032
2016,220.7529320933497,369.4090335000001,590.1619655933498,0.9947330064191041,1699.9442029158674,5.307853993806475
2017,215.0,370.1151464,585.1151464,0.9918819376532981,1702.4972772168294,2.5530743009619528
2018,215.0,373.18654800000013,588.1865480000001,0.9952698352126487,1706.3561661064095,3.8588888895801574
2019,215.0,381.5144058,596.5144058000001,0.9986577327719993,1713.1178420015187,6.761675895109192
2020,215.0,375.00440580000003,590.0044058000001,1.0208161755200762,1720.6257087519416,7.507866750422863
