,natemis,Antr+BB,Totemis,ch4lifetime_fact,Conc,Trend
1950,215.0,140.0104525128931,355.0104525128931,1.0488608866700293,1153.5853040466884,
1951,215.0,155.2647590189582,370.2647590189582,1.0455466626386185,1152.2824775013407,-1.3028265453476706
1952,215.0,160.56519897750266,375.56519897750263,1.0435105097854591,1152.6722595505257,0.38978204918498705
1953,215.0,165.67239729952678,380.6723972995268,1.0405455939203825,1154.409114303927,1.7368547534013032
1954,215.0,170.3596523094297,385.3596523094297,1.044295794488673,1157.909791902503,3.500677598575976
1955,215.0,174.7266808075245,389.72668080752453,1.037508489961066,1161.7700723590856,3.8602804565825863
1956,215.0,180.6573371490168,395.6573371490168,1.028116236302615,1166.175144828591,4.405072469505512
1957,215.0,186.04093508154867,401.0409350815487,1.0421601616543277,1173.3962950821392,7.221150253548103
1958,215.0,188.36536028264797,403.365360282648,1.048657602665344,1181.29831463125,7.902019549110719
1959,215.0,192.664060295518,407.66406029551797,1.036391182649435,1188.4633611448749,7.1650465136249295
1960,215.0,197.23630741186156,412.23630741186156,1.0366828171259594,1196.4020573214398,7.9386961765649176
1961,215.0,205.11807849022705,420.11807849022705,1.0360169714873653,1206.0261575478462,9.624100226406426
1962,215.0,207.1876477655343,422.1876477655343,1.0483804322861743,1216.6489293407592,10.622771792913
1963,215.0,216.17384055615415,431.1738405561541,1.0443546910580446,1228.6755868447992,12.026657504040031
1964,215.0,216.530721226075,431.530721226075,1.0448466365780047,1239.5764914269962,10.900904582196972
1965,215.0,222.6427900199044,437.6427900199044,1.0416887487729276,1250.9782041707756,11.401712743779399
1966,215.0,226.28509422379705,441.28509422379705,1.045021997433171,1262.73615339346,11.757949222684374
1967,215.0,232.3092249518556,447.30922495185564,1.0453696087467055,1275.26875604832,12.532602654860057
1968,215.0,235.30852018679144,450.30852018679144,1.0399298066040126,1286.815399472815,11.54664342449496
1969,215.0,239.15630983176808,454.1563098317681,1.044521823964872,1298.9282445359593,12.112845063144277
1970,215.0,244.39032168242014,459.3903216824201,1.0439258467327728,1311.4039748070002,12.475730271040902
1971,215.0,249.2500236569801,464.2500236569801,1.0436193741341604,1324.1119048091773,12.707930002177136
1972,215.0,257.1728277174416,472.1728277174416,1.0520906785217377,1339.0936886478396,14.981783838662295
1973,215.0,260.25257580258824,475.25257580258824,1.0403958536106162,1352.0759599852531,12.982271337413522
1974,215.0,261.75608614159665,476.75608614159665,1.035825630675854,1363.584700177376,11.508740192122787
1975,215.0,262.9879199985267,477.9879199985267,1.0405937531705223,1374.8474475792257,11.262747401849765
1976,215.0,269.88077697352765,484.88077697352765,1.0471224324819541,1387.9976180295469,13.150170450321184
1977,215.0,273.963154930751,488.963154930751,1.0411935162013237,1400.3422360037628,12.344617974215907
1978,215.0,276.2604287421843,491.2604287421843,1.039175143440748,1411.8559650707411,11.513729066978385
1979,215.0,281.5334355614996,496.5334355614996,1.0376285224625028,1423.674639107016,11.818674036274842
1980,215.0,283.2799933041633,498.2799933041633,1.046993032958082,1436.0036411552278,12.329002048211805
1981,215.0,279.7228833024812,494.7228833024812,1.057235362607005,1447.1330998688213,11.129458713593522
1982,215.0,287.61463066683257,502.61463066683257,1.0571718977688278,1459.6915433512088,12.558443482387474
1983,215.0,281.5577046073275,496.5577046073275,1.059741846409663,1469.2212040300199,9.52966067881107
1984,215.0,284.9536362831875,499.9536362831875,1.0468082345506051,1477.1723790172935,7.951174987273589
1985,215.0,285.63759742417085,500.63759742417085,1.0438054769311433,1484.0932268564966,6.920847839203134
1986,215.0,290.77781253724584,505.77781253724584,1.049246969643094,1492.7043089936365,8.611082137139874
1987,215.0,295.02494838641707,510.02494838641707,1.040268768905054,1500.5899766005937,7.885667606957213
1988,215.0,298.6755905767461,513.6755905767461,1.0374802786999169,1508.4528276031563,7.862851002562593
1989,215.0,302.17109081824873,517.1710908182488,1.0428034452743942,1517.3568481393645,8.904020536208236
1990,203.46046503508242,305.2999200711051,508.7603851061875,1.0438158204508707,1522.6386231169859,5.281774977621353
1991,203.86480763910888,318.81183287573293,522.6766405148418,1.044515988674617,1532.0763528930638,9.437729776077958
1992,192.99593815610623,299.49068782266335,492.48662597876955,1.0373376907957834,1529.4512009407194,-2.6251519523443676
1993,197.53013600762725,299.5481852918242,497.07832129945143,1.0235051451726433,1526.6796115613104,-2.771589379409079
1994,201.6702175992425,310.39650696329267,512.0667245625352,1.025931824493182,1529.5418760458913,2.862264484580919
1995,198.42425222373905,305.56039716107193,503.98464938481095,1.0098251171866819,1527.066896410815,-2.4749796350763518
1996,207.98618316435926,307.45705920620384,515.4432423705631,1.0059472571608135,1528.1000116173332,1.0331152065182323
1997,214.82762962942098,331.457796516877,546.285426146298,1.0155065898427584,1540.671925767803,12.571914150469865
1998,212.48904469996359,315.50915615703855,527.9982008570021,1.0260604213678781,1547.3150121198823,6.643086352079308
1999,217.9089641525754,309.5890972813972,527.4980614339726,0.9977243350302163,1548.8493875604306,1.5343754405482741
2000,223.84146230918932,310.3755556419565,534.2170179511459,1.0,1552.7895314363648,3.9401438759341545
2001,212.14445447990562,313.1005194228316,525.2449739027372,0.9976712650532031,1552.9536785439282,0.16414710756339446
2002,212.8758216861255,322.47491151980734,535.3507332059328,0.9898186618728184,1555.2405306071598,2.286852063231663
2003,211.72546899530604,328.33133481161764,540.0568038069237,0.994865821953046,1559.6144505745185,4.373919967358688
2004,213.08436107609737,339.1599047856282,552.2442658617256,0.9830062724148221,1565.6809120100568,6.066461435538258
2005,212.75712594098638,346.62478641877203,559.3819123597584,0.9724656594085386,1571.7285360800524,6.047624069995663
2006,214.2753006005639,356.7053574534424,570.9806580540063,0.9697798027915692,1580.488231665656,8.759695585603595
2007,219.2960049118257,355.2617524896731,574.5577574014987,0.9645130934714374,1588.5526367278455,8.064405062189508
2008,223.58951985494042,360.75844432030715,584.3479641752476,0.9627371565534859,1598.6321867283505,10.079550000504923
2009,225.71980135560707,364.45377111581536,590.1735724714224,0.9682589027181607,1610.4092624753434,11.777075746992978
2010,221.51078875464103,371.1593157300012,592.6701044846423,0.9741615880697929,1622.6515762356044,12.242313760260913
2011,231.70388323857958,372.924998542445,604.6288817810246,0.9620153522297454,1635.3869208551541,12.735344619549778
2012,214.9830507354091,381.0856580369786,596.0687087723877,0.9808702795232336,1647.0285206411447,11.641599785990593
2013,217.41204857078336,381.87778643760544,599.2898350083888,0.9678609782840504,1656.1929939235504,9.164473282405652
2014,224.21455529617825,388.1687589286987,612.3833142248769,0.9658128139938376,1668.2858434544487,12.09284953089832
2015,216.73377395544077,398.732,615.4657739554408,0.9658128139938376,1680.0066893891249,11.720845934676163
2016,211.4816056757864,390.97880000000004,602.4604056757864,0.9658128139938376,1686.0667291187247,6.060039729599794
2017,219.41648958015332,393.4056,612.8220895801533,0.9658128139938376,1694.862387322564,8.795658203839366
2018,220.87595683236208,395.1424,616.0183568323621,0.9658128139938376,1703.7037224692083,8.84133514664427
2019,217.1260225955851,403.9392,621.0652225955852,0.9658128139938376,1713.1987782052192,9.495055736010954
2020,215.0,399.326,614.326,0.9658128139938376,1719.366189741846,6.167411536626787
