,natemis,Antr+BB,Totemis,ch4lifetime_fact,Conc,Trend
1950,215.0,163.17450659965715,378.17450659965715,1.0082976017871197,1156.9193001069914,
1951,215.0,179.19507276100282,394.19507276100285,1.008017040016338,1159.1599761916104,2.2406760846190537
1952,215.0,185.26177237482784,400.26177237482784,1.0077364782455562,1163.1349186369084,3.974942445297984
1953,215.0,191.13523035213254,406.13523035213257,1.0074559164747743,1168.5867585359151,5.4518398990067
1954,215.0,196.588745017316,411.588745017316,1.0071753547039928,1175.2113498537778,6.624591317862723
1955,215.0,201.72203317069142,416.7220331706914,1.0068947929332108,1182.7714198594545,7.560070005676607
1956,215.0,208.41894916746426,423.41894916746423,1.006614231162429,1191.6817006078993,8.910280748444848
1957,215.0,214.5688067552767,429.5688067552767,1.0063336693916476,1201.609640545388,9.927939937488645
1958,215.0,217.6594916116566,432.65949161165656,1.0060531076208656,1211.425340100996,9.815699555608035
1959,215.0,222.72445127980714,437.7244512798071,1.005772545850084,1221.7964215243546,10.371081423358646
1960,215.0,228.0629580514313,443.06295805143134,1.0054919840793022,1232.7512556910308,10.954834166676164
1961,215.0,236.72050668084023,451.72050668084023,1.0052114223085205,1245.3264042767873,12.575148585756551
1962,215.0,239.56585350719098,454.565853507191,1.0049308605377387,1257.410323508809,12.083919232021572
1963,215.0,249.3278238488543,464.32782384885434,1.0046502987669568,1271.3540422720075,13.943718763198603
1964,215.0,250.4604820698185,465.4604820698185,1.004369736996175,1284.08368453574,12.729642263732558
1965,215.0,257.3483284146914,472.3483284146914,1.0040891752253935,1297.6451609778942,13.561476442154117
1966,215.0,261.76641016962753,476.76641016962753,1.0038086134546116,1311.1247393071355,13.479578329241349
1967,215.0,268.56631844872953,483.56631844872953,1.0035280516838299,1325.3217346180002,14.196995310864622
1968,215.0,272.34139123470885,487.34139123470885,1.0032474899130481,1339.1508137864134,13.829079168413273
1969,215.0,276.9649584307289,491.9649584307289,1.0029669281422664,1352.9340351242247,13.783221337811256
1970,215.0,282.9747478324244,497.9747478324244,1.0026863663714847,1367.136046839783,14.202011715558228
1971,215.0,292.39338546227265,507.39338546227265,1.0036125027400429,1383.0032256216214,15.867178781838447
1972,215.0,305.77288904383573,520.7728890438357,1.0045386391086013,1401.6676599578805,18.66443433625909
1973,215.0,317.30180353705,532.30180353705,1.0054647754771595,1422.2058555780545,20.538195620174065
1974,215.0,319.6737152945646,534.6737152945645,1.006390911845718,1441.371210864824,19.165355286769454
1975,215.0,313.4687162301143,528.4687162301143,1.0073170482142761,1456.4711732073029,15.099962342478875
1976,215.0,328.0681369115893,543.0681369115894,1.0082431845828346,1474.8708392275878,18.39966602028494
1977,215.0,327.50971043294277,542.5097104329427,1.009169320951393,1491.1713994356774,16.300560208089564
1978,215.0,337.29152495073333,552.2915249507333,1.0100954573199512,1509.0436108110132,17.872211375335837
1979,215.0,339.2625001945196,554.2625001945196,1.0110215936885096,1525.7211723929963,16.677561581983127
1980,215.0,331.9744129863428,546.9744129863428,1.0119477300570678,1538.2634177341938,12.542245341197486
1981,215.0,315.6808105870111,530.6808105870111,1.0119166428840465,1543.99751957784,5.734101843646158
1982,215.0,321.2350753555989,536.2350753555988,1.0118855557110251,1550.9363834061774,6.938863828337389
1983,215.0,310.5807537196765,525.5807537196765,1.0118544685380038,1553.5617545419188,2.6253711357414886
1984,215.0,309.44370211114114,524.4437021111412,1.0118233813649828,1555.5136323085594,1.951877766640564
1985,215.0,308.5329440305821,523.532944030582,1.0117922941919613,1556.9418638333218,1.4282315247623956
1986,215.0,311.14209539675954,526.1420953967595,1.01176120701894,1559.0738455326218,2.131981699300013
1987,215.0,313.06531577001317,528.0653157700132,1.0117301198459188,1561.6036520826287,2.5298065500069242
1988,215.0,317.1635669480235,532.1635669480236,1.0116990326728972,1565.209707981932,3.6060558993033283
1989,215.0,319.83132361261084,534.8313236126108,1.011667945499876,1569.2974179443277,4.087709962395593
1990,203.46046503508242,323.79183660072556,527.252301635808,1.0116368583268547,1570.4093135713692,1.1118956270415765
1991,203.86480763910888,335.4818104403371,539.346618079446,1.009824235180017,1575.1414089653574,4.732095393988175
1992,192.99593815610623,316.3955526293896,509.3914907854959,1.0015337334334637,1568.131689296195,-7.00971966916245
1993,197.53013600762725,315.00618740051794,512.5363234081452,0.996844693397186,1562.2280240534312,-5.903665242763736
1994,201.6702175992425,322.1935623385285,523.863779937771,1.0084558263903243,1562.5195032502127,0.2914791967814381
1995,198.42425222373905,309.8613907722203,508.2856429959594,1.0030031148607326,1556.7781673596078,-5.741335890604887
1996,207.98618316435926,309.1011425162106,517.0873256805698,1.0102506923191272,1555.6942293682146,-1.0839379913932135
1997,214.82762962942098,332.86,547.687629629421,1.0119030530084048,1565.143386026358,9.449156658143465
1998,212.48904469996359,317.28000000000003,529.7690446999636,0.9861864069689835,1563.6301253425374,-1.5132606838205902
1999,217.9089641525754,311.53999999999996,529.4489641525754,1.0063414517912073,1565.3005411455279,1.6704158029904193
2000,223.84146230918932,309.38,533.2214623091893,1.0,1567.0681117656716,1.7675706201437151
2001,212.14445447990562,313.65,525.7944544799057,0.99386928520895,1565.2230709989522,-1.8450407667194213
2002,212.8758216861255,324.65000000000003,537.5258216861255,0.9928679555766652,1567.3233101858389,2.1002391868867107
2003,211.72546899530604,326.12,537.8454689953061,0.9864340504659566,1568.2818465533219,0.9585363674830205
2004,213.08436107609737,330.53000000000003,543.6143610760973,0.979133650893039,1569.8817371844752,1.5998906311533574
2005,212.75712594098638,334.55,547.3071259409865,0.9699646792990931,1571.036454967636,1.154717783160777
2006,214.2753006005639,340.45,554.7253006005639,0.9658283605068321,1573.8367311449683,2.8002761773323073
2007,219.2960049118257,336.24,555.5360049118257,0.9597038162268151,1575.5628529990024,1.7261218540340906
2008,223.58951985494042,335.67,559.2595198549404,0.9643339070369527,1579.096060795325,3.5332077963225856
2009,225.71980135560707,339.88,565.599801355607,0.9671398996221703,1584.7892816176482,5.6932208223231555
2010,221.51078875464103,341.18,562.6907887546411,0.9580604117459025,1587.3391147285859,2.5498331109376977
2011,231.70388323857958,342.69,574.3938832385795,0.9585228838411334,1593.5485094579528,6.209394729366977
2012,214.9830507354091,348.16,563.1430507354091,0.9675752373720371,1596.8366580519603,3.2881485940074526
2013,217.41204857078336,348.96,566.3720485707834,0.9662389595250078,1600.592617795187,3.75595974322664
2014,224.21455529617825,357.09000000000003,581.3045552961783,0.96907901809612,1609.3421386592738,8.74952086408689
2015,216.73377395544077,365.45,582.1837739554408,0.9707424683795629,1617.6574283460125,8.315289686738652
2016,211.4816056757864,358.0,569.4816056757863,0.952027984493153,1617.5953332425038,-0.06209510350868186
2017,219.41648958015332,360.73,580.1464895801533,0.9603792558988442,1622.5219993450398,4.926666102536046
2018,220.87595683236208,362.77000000000004,583.6459568323621,0.9619692714083327,1628.31188357589,5.789884230850248
2019,217.1260225955851,371.87,588.9960225955851,0.963559286917821,1635.4794548022794,7.167571226389327
2020,215.0,367.56,582.56,0.9651493024273095,1639.9612514774512,4.481796675171836
