,natemis,Antr+BB,Totemis,ch4lifetime_fact,Conc,Trend
1950,215.0,163.17450659965715,378.17450659965715,1.0488608866700293,1161.294311058155,
1951,215.0,179.19507276100282,394.19507276100285,1.0455466626386185,1167.1222295352352,5.827918477080175
1952,215.0,185.26177237482784,400.26177237482784,1.0435105097854591,1174.1247407581436,7.002511222908424
1953,215.0,191.13523035213254,406.13523035213257,1.0405455939203825,1182.0077815994678,7.883040841324146
1954,215.0,196.588745017316,411.588745017316,1.044295794488673,1191.2539532507874,9.246171651319628
1955,215.0,201.72203317069142,416.7220331706914,1.037508489961066,1200.4716785265605,9.217725275773091
1956,215.0,208.41894916746426,423.41894916746423,1.028116236302615,1209.8713680628928,9.39968953633229
1957,215.0,214.5688067552767,429.5688067552767,1.0421601616543277,1221.8548212286041,11.983453165711353
1958,215.0,217.6594916116566,432.65949161165656,1.048657602665344,1234.2884301684635,12.433608939859369
1959,215.0,222.72445127980714,437.7244512798071,1.036391182649435,1245.690843395353,11.402413226889621
1960,215.0,228.0629580514313,443.06295805143134,1.0366828171259594,1257.6626824749342,11.97183907958106
1961,215.0,236.72050668084023,451.72050668084023,1.0360169714873653,1271.1357318642386,13.473049389304379
1962,215.0,239.56585350719098,454.565853507191,1.0483804322861743,1285.5220200628817,14.386288198643115
1963,215.0,249.3278238488543,464.32782384885434,1.0443546910580446,1301.1394637587066,15.617443695824932
1964,215.0,250.4604820698185,465.4604820698185,1.0448466365780047,1315.5046521018362,14.365188343129603
1965,215.0,257.3483284146914,472.3483284146914,1.0416887487729276,1330.2324900993726,14.727837997536426
1966,215.0,261.76641016962753,476.76641016962753,1.045021997433171,1345.2389616084706,15.006471509097992
1967,215.0,268.56631844872953,483.56631844872953,1.0453696087467055,1360.9300924814368,15.691130872966141
1968,215.0,272.34139123470885,487.34139123470885,1.0399298066040126,1375.5094795543569,14.579387072920099
1969,215.0,276.9649584307289,491.9649584307289,1.044521823964872,1390.621903439473,15.112423885116186
1970,215.0,282.9747478324244,497.9747478324244,1.0439258467327728,1406.0263141755095,15.404410736036425
1971,215.0,292.39338546227265,507.39338546227265,1.0436193741341604,1422.860611025109,16.83429684959947
1972,215.0,305.77288904383573,520.7728890438357,1.0520906785217377,1443.415455513963,20.554844488854087
1973,215.0,317.30180353705,532.30180353705,1.0403958536106162,1464.0707260022175,20.655270488254473
1974,215.0,319.6737152945646,534.6737152945645,1.035825630675854,1482.6615457180662,18.59081971584874
1975,215.0,313.4687162301143,528.4687162301143,1.0405937531705223,1497.8153332304837,15.153787512417466
1976,215.0,328.0681369115893,543.0681369115894,1.0471224324819541,1517.073068033316,19.257734802832374
1977,215.0,327.50971043294277,542.5097104329427,1.0411935162013237,1533.2523657581837,16.179297724867638
1978,215.0,337.29152495073333,552.2915249507333,1.039175143440748,1550.6504704212598,17.398104663076083
1979,215.0,339.2625001945196,554.2625001945196,1.0376285224625028,1566.5968933335057,15.946422912245907
1980,215.0,331.9744129863428,546.9744129863428,1.046993032958082,1579.7217614127708,13.12486807926507
1981,215.0,315.6808105870111,530.6808105870111,1.057235362607005,1587.452251153546,7.730489740775283
1982,215.0,321.2350753555989,536.2350753555988,1.0571718977688278,1596.1962503077114,8.743999154165294
1983,215.0,310.5807537196765,525.5807537196765,1.059741846409663,1600.8190991401705,4.622848832459113
1984,215.0,309.44370211114114,524.4437021111412,1.0468082345506051,1602.730351994096,1.911252853925589
1985,215.0,308.5329440305821,523.532944030582,1.0438054769311433,1603.6987234256653,0.9683714315692669
1986,215.0,311.14209539675954,526.1420953967595,1.049246969643094,1606.2154759240211,2.5167524983557996
1987,215.0,313.06531577001317,528.0653157700132,1.040268768905054,1607.7999805669026,1.584504642881484
1988,215.0,317.1635669480235,532.1635669480236,1.0374802786999169,1610.1669719109143,2.3669913440116943
1989,215.0,319.83132361261084,534.8313236126108,1.0428034452743942,1613.9447357983809,3.7777638874665627
1990,215.0,323.79183660072556,538.7918366007256,1.0438158204508707,1618.779539171719,4.834803373338218
1991,215.0,335.4818104403371,550.4818104403371,1.044515988674617,1627.083912420256,8.304373248536876
1992,215.0,316.3955526293896,531.3955526293896,1.0373376907957834,1627.0795705414223,-0.004341878833656665
1993,215.0,315.00618740051794,530.006187400518,1.0235051451726433,1624.5293513795577,-2.550219161864561
1994,215.0,322.1935623385285,537.1935623385285,1.025931824493182,1625.0175716265644,0.4882202470066659
1995,215.0,309.8613907722203,524.8613907722204,1.0098251171866819,1618.8728516302392,-6.144719996325193
1996,215.0,309.1011425162106,524.1011425162105,1.0059472571608135,1612.5520301314355,-6.3208214988037525
1997,215.0,332.86,547.86,1.0155065898427584,1616.310398309787,3.758368178351475
1998,215.0,317.28000000000003,532.28,1.0260604213678781,1616.0856149423528,-0.2247833674341564
1999,215.0,311.53999999999996,526.54,0.9977243350302163,1609.5871744560948,-6.498440486258005
2000,215.0,309.38,524.38,1.0,1603.4605111304352,-6.126663325659592
2001,215.0,313.65,528.65,0.9976712650532031,1599.0704445334036,-4.390066597031591
2002,215.0,324.65000000000003,539.6500000000001,0.9898186618728184,1597.5763842227086,-1.4940603106949766
2003,215.0,326.12,541.12,0.994865821953046,1597.5426428788196,-0.03374134388900529
2004,215.0,330.53000000000003,545.53,0.9830062724148221,1597.0744439848268,-0.46819889399284875
2005,215.0,334.55,549.55,0.9724656594085386,1596.26525004092,-0.8091939439068483
2006,215.0,340.45,555.45,0.9697798027915692,1597.0588178479045,0.7935678069845835
2007,215.0,336.24,551.24,0.9645130934714374,1595.4843272208527,-1.5744906270517731
2008,215.0,335.67,550.6700000000001,0.9627371565534859,1593.603625958733,-1.8807012621198282
2009,215.0,339.88,554.88,0.9682589027181607,1594.2607591246685,0.6571331659356474
2010,215.0,341.18,556.1800000000001,0.9741615880697929,1596.2521176245616,1.9913584998930673
2011,215.0,342.69,557.69,0.9620153522297454,1596.486854629714,0.23473700515228302
2012,215.0,348.16,563.1600000000001,0.9808702795232336,1601.6390765239005,5.152221894186596
2013,215.0,348.96,563.96,0.9678609782840504,1604.3150168995487,2.6759403756482243
2014,215.0,357.09000000000003,572.09,0.9658128139938376,1609.032590399879,4.717573500330218
2015,215.0,365.45,580.45,0.9658128139938376,1615.9771075936808,6.9445171938018575
2016,215.0,358.0,573.0,0.9658128139938376,1619.6523420107196,3.675234417038837
2017,215.0,360.73,575.73,0.9658128139938376,1623.8087978290446,4.156455818324957
2018,215.0,362.77000000000004,577.77,0.9658128139938376,1628.1623466901528,4.3535488611082656
2019,215.0,371.87,586.87,0.9658128139938376,1635.0300325326,6.867685842447145
2020,215.0,367.56,582.56,0.9658128139938376,1639.677917846174,4.647885313574079
