,natemis,Antr+BB,Totemis,ch4lifetime_fact,Conc,Trend
1950,215.0,140.0104525128931,355.0104525128931,1.1198738170347002,1160.492440987744,
1951,215.0,155.2647590189582,370.2647590189582,1.1198738170347002,1165.7127540376243,5.22031304988036
1952,215.0,160.56519897750266,375.56519897750263,1.1198738170347002,1172.1699760206084,6.457221982984038
1953,215.0,165.67239729952678,380.6723972995268,1.1198738170347002,1179.6734160862409,7.503440065632503
1954,215.0,170.3596523094297,385.3596523094297,1.1198738170347002,1187.9761563849609,8.302740298719982
1955,215.0,174.7266808075245,389.72668080752453,1.1198738170347002,1196.8897564351184,8.913600050157584
1956,215.0,180.6573371490168,395.6573371490168,1.1198738170347002,1206.8738873915975,9.98413095647902
1957,215.0,186.04093508154867,401.0409350815487,1.1198738170347002,1217.6367162690099,10.762828877412403
1958,215.0,188.36536028264797,403.365360282648,1.1198738170347002,1228.0775602094452,10.440843940435343
1959,215.0,192.664060295518,407.66406029551797,1.1198738170347002,1238.8883392452717,10.8107790358265
1960,215.0,197.23630741186156,412.23630741186156,1.1198738170347002,1250.1226335575677,11.234294312296015
1961,215.0,205.11807849022705,420.11807849022705,1.113564668769716,1262.2143155984684,12.09168204090065
1962,215.0,207.1876477655343,422.1876477655343,1.1159305993690851,1273.9958915328239,11.781575934355487
1963,215.0,216.17384055615415,431.1738405561541,1.1175078864353312,1287.7314953959676,13.735603863143751
1964,215.0,216.530721226075,431.530721226075,1.1190851735015772,1300.3437803870954,12.612284991127808
1965,215.0,222.6427900199044,437.6427900199044,1.1175078864353312,1313.5462208339034,13.202440446807941
1966,215.0,226.28509422379705,441.28509422379705,1.1064668769716088,1325.4516279364043,11.90540710250093
1967,215.0,232.3092249518556,447.30922495185564,1.1056782334384858,1338.055660965058,12.604033028653703
1968,215.0,235.30852018679144,450.30852018679144,1.1054131054131053,1350.332294880764,12.276633915706043
1969,215.0,239.15630983176808,454.1563098317681,1.0962145110410093,1361.610799929759,11.27850504899493
1970,215.0,244.39032168242014,459.3903216824201,1.1017350157728707,1374.080955282634,12.470155352875054
1971,215.0,249.2500236569801,464.2500236569801,1.107312440645774,1387.5060264049348,13.425071122300778
1972,215.0,257.1728277174416,472.1728277174416,1.0949667616334284,1400.7909091550705,13.284882750135694
1973,215.0,260.25257580258824,475.25257580258824,1.0864197530864197,1412.725095246036,11.934186090965568
1974,215.0,261.75608614159665,476.75608614159665,1.092117758784425,1424.5843876996453,11.859292453609214
1975,215.0,262.9879199985267,477.9879199985267,1.0892687559354226,1435.281621538726,10.697233839080809
1976,215.0,269.88077697352765,484.88077697352765,1.090218423551757,1447.2743198679036,11.992698329177529
1977,215.0,273.963154930751,488.963154930751,1.0816714150047484,1458.3387813369884,11.06446146908479
1978,215.0,276.2604287421843,491.2604287421843,1.0721747388414056,1467.8261800206046,9.48739868361622
1979,215.0,281.5334355614996,496.5334355614996,1.0796529968454258,1479.0055478917116,11.179367871106933
1980,215.0,283.2799933041633,498.2799933041633,1.0978157644824313,1491.8363199743442,12.83077208263262
1981,215.0,279.7228833024812,494.7228833024812,1.0788224121557457,1499.7831936448263,7.946873670482091
1982,215.0,287.61463066683257,502.61463066683257,1.0858490566037737,1510.414263698041,10.631070053214671
1983,215.0,281.5577046073275,496.5577046073275,1.0683760683760681,1515.6664234294815,5.252159731440543
1984,215.0,284.9536362831875,499.9536362831875,1.0826210826210825,1523.3371270639639,7.670703634482379
1985,215.0,285.63759742417085,500.63759742417085,1.0759734093067426,1529.5722636397343,6.235136575770412
1986,215.0,290.77781253724584,505.77781253724584,1.0664767331433995,1535.6125148675528,6.040251227818544
1987,215.0,295.02494838641707,510.02494838641707,1.0597156398104266,1541.5189726494261,5.906457781873314
1988,215.0,298.6755905767461,513.6755905767461,1.056980056980057,1547.6388963062716,6.119923656845458
1989,215.0,302.17109081824873,517.1710908182488,1.0503323836657168,1553.3534418275894,5.714545521317859
1990,213.229158495527,305.2999200711051,518.529078566632,1.0556603773584907,1559.6419627834655,6.288520955876038
1991,230.46401973376058,318.81183287573293,549.2758526094935,1.0797752808988763,1578.7630531507996,19.12109036733409
1992,187.08466023758422,299.49068782266335,486.57534806024756,1.074688796680498,1574.2971804749066,-4.465872675893024
1993,201.07742439463695,299.5481852918242,500.6256096864612,1.0382022471910113,1569.916763180437,-4.380417294469453
1994,209.91391164352387,310.39650696329267,520.3104186068165,1.053932584269663,1574.784218675839,4.867455495401828
1995,200.85765603448098,305.56039716107193,506.41805319555294,1.0258426966292136,1570.4818911806149,-4.302327495224063
1996,212.4591393800404,307.45705920620384,519.9161985862443,1.0126182965299684,1569.173140359938,-1.308750820676778
1997,217.02081046246136,331.457796516877,548.4786069793383,1.0674157303370786,1585.358855524068,16.185715164129988
1998,202.568436978653,315.50915615703855,518.0775931356916,1.0443396226415094,1586.4661084457264,1.1072529216583007
1999,215.78806866900686,309.5890972813972,525.3771659504041,1.0058091286307054,1584.1586656975253,-2.3074427482010833
2000,226.5622479195188,310.3755556419565,536.9378035614753,1.0,1585.0485487450792,0.8898830475538944
2001,215.0509626165587,313.1005194228316,528.1514820393903,1.0141509433962264,1585.0939973427728,0.045448597693621196
2002,216.04073174324364,322.47491151980734,538.515643263051,1.02909796314258,1590.8133475755005,5.71935023272772
2003,213.98055262609702,328.33133481161764,542.3118874377146,1.0404494382022471,1598.8327282892042,8.01938071370364
2004,208.00169259421529,339.1599047856282,547.1615973798434,1.0337078651685394,1606.6076434592485,7.7749151700443235
2005,205.4572700159953,346.62478641877203,552.0820564347673,1.0112359550561796,1611.768208254537,5.160564795288565
2006,211.2339594451393,356.7053574534424,567.9393168985816,1.0146067415730338,1622.1461294239195,10.377921169382489
2007,223.672583039232,355.2617524896731,578.9343355289051,1.0258426966292136,1636.758280387925,14.612150964005423
2008,228.03049543871128,360.75844432030715,588.7889397590184,1.0,1648.9736452428551,12.215364854930158
2009,235.04040686312868,364.45377111581536,599.494177978944,1.0078651685393258,1664.6456497367285,15.672004493873374
2010,224.2663857353366,371.1593157300012,595.4257014653379,1.0024896265560168,1676.3494564482496,11.70380671152111
2011,247.4109003803281,372.924998542445,620.3358989227731,1.0024896265560168,1695.0169464009514,18.66748995270177
2012,216.66762554529598,381.0856580369786,597.7532835822745,1.0024896265560168,1704.0999278132217,9.082981412270328
2013,222.88330630031555,381.87778643760544,604.761092737921,1.0024896265560168,1714.494927225782,10.39499941256031
2014,220.24898314608367,388.1687589286987,608.4177420747824,1.0024896265560168,1724.9425810104906,10.447653784708564
2015,215.0,398.732,613.732,1.0024896265560168,1735.9874172009752,11.044836190484602
2016,215.0,390.97880000000004,605.9788000000001,1.0024896265560168,1743.22363546582,7.236218264844865
2017,215.0,393.4056,608.4056,1.0024896265560168,1750.4570982778973,7.233462812077278
2018,215.0,395.1424,610.1424,1.0024896265560168,1757.4589978981212,7.001899620223867
2019,215.0,403.9392,618.9392,1.0024896265560168,1766.5994939145546,9.140496016433417
2020,215.0,399.326,614.326,1.0024896265560168,1773.186806022709,6.587312108154492
