,natemis,Antr+BB,Totemis,ch4lifetime_fact,Conc,Trend
1950,215.0,145.72559245704448,360.7255924570445,1.1198738170347002,1162.4003296292603,
1951,215.0,161.1689540027448,376.16895400274484,1.1198738170347002,1169.3970141020766,6.996684472816241
1952,215.0,166.6584490009245,381.6584490009245,1.1198738170347002,1177.5125067646306,8.115492662554061
1953,215.0,171.95470236258384,386.9547023625838,1.1198738170347002,1186.5681645858574,9.05565782122676
1954,215.0,176.831012412122,391.831012412122,1.1198738170347002,1196.327888500544,9.759723914686674
1955,215.0,181.387095949852,396.387095949852,1.1198738170347002,1206.612953153985,10.28506465344094
1956,215.0,187.50680733097954,402.50680733097954,1.1198738170347002,1217.8917537580837,11.278800604098706
1957,215.0,193.07946030314662,408.0794603031466,1.1198738170347002,1229.8802914166345,11.98853765855074
1958,215.0,195.59294054388116,410.5929405438811,1.1198738170347002,1241.4849181814195,11.604626764785053
1959,215.0,200.08069559638636,415.08069559638636,1.1198738170347002,1253.403871341767,11.918953160347428
1960,215.0,204.8419977523652,419.84199775236516,1.1198738170347002,1265.6964038929389,12.292532551171917
1961,215.0,212.9151721685548,427.9151721685548,1.113564668769716,1278.7942246260814,13.097820733142498
1962,215.0,215.1761447816861,430.1761447816861,1.1159305993690851,1291.5459148370528,12.751690210971447
1963,215.0,224.35374091013003,439.35374091013,1.1175078864353312,1306.218520768528,14.672605931475118
1964,215.0,224.902024917875,439.902024917875,1.1190851735015772,1319.7383068196496,13.519786051121628
1965,215.0,231.2054970495285,446.2054970495285,1.1175078864353312,1333.8170399865012,14.078733166851634
1966,215.0,235.0392045912452,450.0392045912452,1.1064668769716088,1346.554827421926,12.737787435424707
1967,215.0,241.25473865712786,456.25473865712786,1.1056782334384858,1359.9679766583897,13.413149236463823
1968,215.0,244.44543722988774,459.4454372298877,1.1054131054131053,1373.0337001181447,13.065723459754963
1969,215.0,248.48463021268853,463.48463021268856,1.0962145110410093,1385.0664922712494,12.032792153104765
1970,215.0,253.9100454011647,468.91004540116467,1.1017350157728707,1398.2872158162677,13.220723545018245
1971,215.0,257.57479257777885,472.57479257777885,1.107312440645774,1411.9976309831936,13.71041516692594
1972,215.0,264.87815496199676,479.87815496199676,1.0949667616334284,1425.3071688585424,13.309537875348724
1973,215.0,267.174414913303,482.174414913303,1.0864197530864197,1436.9848839106899,11.677715052147505
1974,215.0,268.77272781252634,483.77272781252634,1.092117758784425,1448.657574766906,11.67269085621615
1975,215.0,271.02888398583644,486.02888398583644,1.0892687559354226,1459.5234842220636,10.865909455157635
1976,215.0,275.0518357547742,490.0518357547742,1.090218423551757,1470.7123011443146,11.188816922250908
1977,215.0,277.72254164205543,492.72254164205543,1.0816714150047484,1480.5697291960573,9.857428051742772
1978,215.0,279.07729251334416,494.07729251334416,1.0721747388414056,1488.645288616148,8.075559420090713
1979,215.0,283.36524243347924,498.36524243347924,1.0796529968454258,1498.2466386776653,9.601350061517223
1980,210.94999730878948,282.2371159769046,493.18711328569407,1.0978157644824313,1507.3837060928959,9.137067415230604
1981,207.46940093654123,277.5286029825358,484.99800391907706,1.0788224121557457,1510.4543881754385,3.0706820825425893
1982,196.9955325905592,285.26941946839,482.26495205894923,1.0858490566037737,1513.1853353914812,2.7309472160427504
1983,201.33424834490552,279.04267506764637,480.3769234125519,1.0683760683760681,1512.7539122952965,-0.4314230961847443
1984,214.1098013886646,284.0863192602393,498.1961206489039,1.0826210826210825,1520.1442963967115,7.390384101415066
1985,211.68781958124762,287.0049229958179,498.6927425770655,1.0759734093067426,1526.0679602213188,5.923663824607274
1986,211.8802949566715,290.9973934447917,502.8776884014632,1.0664767331433995,1531.5143779333223,5.446417712003495
1987,203.0665267237203,295.28841803933904,498.35494476305934,1.0597156398104266,1533.9725594489207,2.458181515598426
1988,213.4200979600624,299.1743864512828,512.5944844113452,1.056980056980057,1540.5397919087188,6.567232459798106
1989,215.39297055815703,304.2999708971575,519.6929414553146,1.0503323836657168,1547.8570084467635,7.317216538044704
1990,213.067226438452,307.58244894288526,520.6496753813373,1.0556603773584907,1555.4400418287391,7.583033381975611
1991,208.59217395984714,320.3405374138564,528.9327113737036,1.0797752808988763,1568.2231369933356,12.783095164596489
1992,188.55869530114643,304.1997961122732,492.7584914134196,1.074688796680498,1566.92958005775,-1.2935569355856842
1993,202.27256580009686,305.23302163145047,507.5055874315473,1.0382022471910113,1565.6375034598425,-1.292076597907453
1994,205.68900371387048,317.2848254228341,522.9738291367046,1.053932584269663,1571.8503900447847,6.2128865849422255
1995,201.59890198611336,311.7473692430924,513.3462712292057,1.0258426966292136,1570.1729137153673,-1.677476329417459
1996,211.8482157274342,313.88494695523417,525.7331626826683,1.0126182965299684,1570.8309195517802,0.65800583641294
1997,205.35217180687872,337.0204142930985,542.3725860999772,1.0674157303370786,1584.806921895293,13.976002343512846
1998,214.55891059798697,317.9406473511351,532.499557949122,1.0443396226415094,1590.7724263720154,5.965504476722344
1999,223.82980784756984,313.09385370096595,536.9236615485358,1.0058091286307054,1591.8197829883761,1.0473566163607302
2000,220.46950858496152,314.79158226734603,535.2610908523076,1.0,1591.2951644248353,-0.5246185635407983
2001,217.96732870445126,315.2928524514628,533.2601811559141,1.0141509433962264,1592.346592442015,1.05142801717966
2002,212.04069110285803,322.1007386331392,534.1414297359972,1.02909796314258,1595.8184863644515,3.471893922436493
2003,215.0561386511653,328.4756943824689,543.5318330336341,1.0404494382022471,1603.701315288536,7.882828924084606
2004,213.89326659131277,335.7220642725255,549.6153308638383,1.0337078651685394,1611.7618249900665,8.060509701530464
2005,205.11959739490823,341.88187367125875,547.0014710661669,1.0112359550561796,1614.662815492268,2.9009905022014664
2006,217.5182194951289,352.4529993712408,569.9712188663698,1.0146067415730338,1625.39559146378,10.732775971511956
2007,217.93524947521394,349.7789386288197,567.7141881040336,1.0258426966292136,1635.9214904406988,10.525898976918825
2008,221.99327197373375,353.30974763980123,575.303019613535,1.0,1643.7530966187157,7.831606178016955
2009,219.24247806663436,355.2102928669951,574.4527709336294,1.0078651685393258,1651.6885775550086,7.935480936292834
2010,222.65891598040798,360.8548031390112,583.5137191194192,1.0024896265560168,1660.884820192374,9.196242637365458
2011,222.8112923192852,365.99466311704407,588.8059554363292,1.0024896265560168,1670.810766185995,9.925945993620871
2012,213.70079121588887,372.97725290758524,586.6780441234741,1.0024896265560168,1678.9210059222112,8.110239736216272
2013,225.01673932935032,372.6442144644898,597.6609537938401,1.0024896265560168,1689.771896927217,10.850891005005906
2014,216.49168415953494,380.3961968225409,596.8878809820758,1.0024896265560168,1699.1536042426833,9.381707315466201
2015,210.13999677054736,387.4758223403408,597.6158191108882,1.0024896265560168,1707.7287082862817,8.575104043598458
2016,217.28564508315839,379.4876497908962,596.7732948740546,1.0024896265560168,1715.0658646705099,7.3371563842281375
2017,215.0,385.0082127080213,600.0082127080213,1.0024896265560168,1722.6573235853778,7.5914589148678715
2018,215.0,387.8058049137809,602.8058049137809,1.0024896265560168,1730.329454454226,7.672130868848171
2019,215.0,394.70580491378087,609.7058049137809,1.0024896265560168,1739.435454209708,9.105999755482117
2020,215.0,388.1958049137809,603.1958049137809,1.0024896265560168,1745.3622891259515,5.926834916243479
