,natemis,Antr+BB,Totemis,ch4lifetime_fact,Conc,Trend
1950,215.0,148.86472757401697,363.86472757401697,1.0386734286208537,1155.4660551082777,
1951,215.0,164.4119307263549,379.4119307263549,1.0386734286208537,1156.283805127743,0.817750019465393
1952,215.0,170.00526733117223,385.00526733117226,1.0386734286208537,1158.8733891412887,2.5895840135456183
1953,215.0,175.4053622994692,390.4053622994692,1.0386734286208537,1162.9782487496582,4.104859608369452
1954,215.0,180.38551395564497,395.38551395564497,1.0386734286208537,1168.2942567194377,5.316007969779548
1955,215.0,185.0454391000126,400.0454391000126,1.0386734286208537,1174.5834594398177,6.28920272037999
1956,215.0,191.26899208777778,406.26899208777775,1.0386734286208537,1182.260373931981,7.676914492163178
1957,215.0,196.94548666658253,411.9454866665825,1.0386734286208537,1190.992432349995,8.732058418014049
1958,215.0,199.56280851395465,414.5628085139547,1.0386734286208537,1199.6475235015203,8.655091151525312
1959,215.0,204.15440517309747,419.1544051730975,1.0386734286208537,1208.8907254830015,9.243201981481207
1960,215.0,209.0195489357139,424.01954893571394,1.0386734286208537,1218.7492100162096,9.858484533208184
1961,215.0,217.19785480015165,432.1978548001516,1.0273688805761167,1228.9822311031348,10.233021086925191
1962,215.0,219.56395886153115,434.56395886153115,1.0286336117988735,1239.0266218443892,10.044390741254347
1963,215.0,228.84668643822317,443.8466864382232,1.0303815209511082,1251.2605915377221,12.233969693332938
1964,215.0,229.50010189421624,444.50010189421624,1.0388161109745009,1263.3501724212551,12.089580883533017
1965,215.0,235.90870547411788,450.9087054741179,1.0466500135860857,1277.1605658918181,13.810393470562985
1966,215.0,239.84754446408272,454.8475444640827,1.0309948094306236,1288.9596101549828,11.79904426316466
1967,215.0,246.1682099782135,461.1682099782135,1.0343317923476247,1301.9709738682232,13.011363713240371
1968,215.0,249.46403999922154,464.46403999922154,1.0390130401356572,1315.2224996831894,13.251525814966271
1969,215.0,253.6083644302704,468.6083644302704,1.03733064240917,1328.2118946407115,12.989394957522109
1970,215.0,259.1389110669947,474.1389110669947,1.044520863970062,1342.5019055420767,14.290010901365122
1971,215.0,264.2792956760135,479.2792956760135,1.0311148875281522,1355.305687600052,12.80378205797524
1972,215.0,272.45721733515404,487.45721733515404,1.0410234769727889,1370.6688911463577,15.36320354630584
1973,215.0,275.97436854007793,490.97436854007793,1.0237676802553786,1383.343460460146,12.674569313788197
1974,215.0,277.58300816315733,492.58300816315733,1.0255205419074267,1395.388966168426,12.045505708279961
1975,215.0,278.92569799309183,493.92569799309183,1.0294434565934747,1407.0719939582089,11.683027789782955
1976,215.0,286.19073893967834,501.19073893967834,1.0411371895645516,1421.411453755801,14.339459797592099
1977,215.0,290.52582612135245,505.52582612135245,1.04310064917037,1435.894293665049,14.482839909248014
1978,215.0,292.98308376747053,507.98308376747053,1.038188476513601,1448.9844116347572,13.090117969708217
1979,215.0,298.58114099630916,513.5811409963092,1.0481297495588873,1463.825131453266,14.840719818508887
1980,215.0,300.435685537013,515.435685537013,1.054811359742319,1478.5600014403071,14.734869987041066
1981,215.0,296.68287020073063,511.68287020073063,1.0453494500609413,1489.2125830634554,10.652581623148308
1982,215.0,304.65710214976906,519.6571021497691,1.0607031737894599,1503.4085741500944,14.19599108663897
1983,215.0,298.6784287123529,513.6784287123529,1.0432038431370887,1511.7507969268659,8.34222277677145
1984,215.0,302.2370817851458,517.2370817851458,1.0308940203039962,1518.6677320288436,6.916935101977742
1985,215.0,302.9504467045176,517.9504467045176,1.024425100745979,1524.149784957653,5.48205292880948
1986,215.0,308.4034370412448,523.4034370412448,1.0354513129905416,1532.405160585477,8.255375627823923
1987,215.0,312.778527186872,527.778527186872,1.0403399650985459,1541.903937665487,9.498777080010086
1988,215.0,316.78079953316467,531.7807995331647,1.0222870139004354,1549.1226216804562,7.218684014969085
1989,215.0,320.55968800249383,535.5596880024939,1.0267543659990674,1557.4537401638318,8.331118483375576
1990,196.74772668865427,323.79183660072556,520.5395632893799,1.030736205492146,1560.4555576070509,3.0018174432191245
1991,198.2364378165914,335.4818104403371,533.7182482569285,1.0498448088618946,1570.2310941067867,9.775536499735836
1992,187.79558900194488,316.3955526293896,504.1911416313345,1.0436593028024648,1568.2558066519275,-1.975287454859199
1993,189.79585223160905,315.00618740051794,504.802039632127,1.0224136274039968,1563.6285382751985,-4.627268376729035
1994,197.35571953699662,322.1935623385285,519.5492818755251,1.0257079106974367,1564.894882967214,1.2663446920155366
1995,197.11477002867338,309.8613907722203,506.9761608008937,1.006485120188085,1558.9826009126793,-5.912282054534671
1996,209.69448889653663,309.1011425162106,518.7956314127472,1.0050644518952168,1557.4392559419932,-1.543344970686121
1997,210.47768420635288,332.86,543.3376842063528,1.0260210342142024,1567.3380616108645,9.898805668871319
1998,209.4890943325314,317.28000000000003,526.7690943325315,1.0215154558941881,1569.9804785745275,2.6424169636629813
1999,218.13505086211853,311.53999999999996,529.6750508621185,0.9979967817046644,1569.73709638299,-0.24338219153742102
2000,224.43379724003518,309.38,533.8137972400352,1.0,1571.2045657909255,1.4674694079353685
2001,209.41124316982896,313.65,523.0612431698289,1.004280591928866,1569.595199281771,-1.6093665091543699
2002,214.11349174689514,324.65000000000003,538.7634917468952,1.0092659254714755,1574.1393976043923,4.5441983226212415
2003,210.067351186169,326.12,536.187351186169,1.0091672020984297,1577.3079288826011,3.168531278208775
2004,215.94404838269085,330.53000000000003,546.4740483826909,1.0045178825485648,1582.8290555657484,5.5211266831472585
2005,208.63713125161553,334.55,543.1871312516155,1.001520616854982,1586.178954717533,3.3498991517847116
2006,219.32569205221733,340.45,559.7756920522173,0.9963837241195741,1593.858161846464,7.6792071289310115
2007,218.0672449705479,336.24,554.3072449705479,1.0019042846930941,1599.7269252274555,5.868763380991368
2008,221.76288071196748,335.67,557.4328807119675,0.9845580445936346,1603.2110355924249,3.4841103649694105
2009,224.22978858618197,339.88,564.1097885861819,0.9914712628139848,1609.6316154005146,6.420579808089769
2010,221.6122031167196,341.18,562.7922031167196,0.979929226472326,1613.01153399212,3.3799185916052465
2011,234.96775986419928,342.69,577.6577598641993,0.979929226472326,1620.9369550147594,7.925421022639512
2012,214.6834019506841,348.16,562.8434019506841,0.979929226472326,1623.046596321558,2.109641306798494
2013,213.16365728260934,348.96,562.1236572826093,0.979929226472326,1624.677315482734,1.6307191611761027
2014,219.12119513617802,357.09000000000003,576.211195136178,0.979929226472326,1630.79466609467,6.11735061193599
2015,212.69994127272804,365.45,578.149941272728,0.979929226472326,1636.858487449671,6.063821355000982
2016,204.5384273311009,358.0,562.5384273311009,0.979929226472326,1637.054109246144,0.19562179647300582
2017,216.96409157036751,360.73,577.6940915703675,0.979929226472326,1642.2540243474325,5.199915101288525
2018,218.8718073210817,362.77000000000004,581.6418073210817,0.979929226472326,1648.1711721324561,5.917147785023644
2019,213.25609550943,371.87,585.12609550943,0.979929226472326,1654.5701848531799,6.399012720723704
2020,215.0,367.56,582.56,0.979929226472326,1659.389509873419,4.819325020239148
