,natemis,Antr+BB,Totemis,ch4lifetime_fact,Conc,Trend
1950,215.0,140.0104525128931,355.0104525128931,1.0386734286208537,1152.5207561011043,
1951,215.0,155.2647590189582,370.2647590189582,1.0386734286208537,1150.6153993874425,-1.9053567136618312
1952,215.0,160.56519897750266,375.56519897750263,1.0386734286208537,1150.6799567876135,0.06455740017099743
1953,215.0,165.67239729952678,380.6723972995268,1.0386734286208537,1152.4363743826332,1.756417595019684
1954,215.0,170.3596523094297,385.3596523094297,1.0386734286208537,1155.5613620985253,3.1249877158920754
1955,215.0,174.7266808075245,389.72668080752453,1.0386734286208537,1159.799883022328,4.238520923802753
1956,215.0,180.6573371490168,395.6573371490168,1.0386734286208537,1165.5512247413906,5.751341719062566
1957,215.0,186.04093508154867,401.0409350815487,1.0386734286208537,1172.4692426637364,6.918017922345825
1958,215.0,188.36536028264797,403.365360282648,1.0386734286208537,1179.4097221902186,6.94047952648225
1959,215.0,192.664060295518,407.66406029551797,1.0386734286208537,1187.0269514639408,7.61722927372216
1960,215.0,197.23630741186156,412.23630741186156,1.0386734286208537,1195.3384831717228,8.311531707782024
1961,215.0,205.11807849022705,420.11807849022705,1.0273688805761167,1204.118977586647,8.780494414924078
1962,215.0,207.1876477655343,422.1876477655343,1.0286336117988735,1212.7682987715518,8.64932118490492
1963,215.0,216.17384055615415,431.1738405561541,1.0303815209511082,1223.6568425867958,10.88854381524402
1964,215.0,216.530721226075,431.530721226075,1.0388161109745009,1234.427441639592,10.770599052796115
1965,215.0,222.6427900199044,437.6427900199044,1.0466500135860857,1246.9423477980347,12.514906158442727
1966,215.0,226.28509422379705,441.28509422379705,1.0309948094306236,1257.5309852607236,10.588637462688894
1967,215.0,232.3092249518556,447.30922495185564,1.0343317923476247,1269.3556325739075,11.82464731318396
1968,215.0,235.30852018679144,450.30852018679144,1.0390130401356572,1281.4368113741277,12.081178800220187
1969,215.0,239.15630983176808,454.1563098317681,1.03733064240917,1293.2894695130913,11.852658138963534
1970,215.0,244.39032168242014,459.3903216824201,1.044520863970062,1306.444410964299,13.154941451207833
1971,215.0,249.2500236569801,464.2500236569801,1.0311148875281522,1318.1871934480557,11.742782483756628
1972,215.0,257.1728277174416,472.1728277174416,1.0410234769727889,1332.4861921021582,14.298998654102434
1973,215.0,260.25257580258824,475.25257580258824,1.0237676802553786,1344.1280115377983,11.641819435640173
1974,215.0,261.75608614159665,476.75608614159665,1.0255205419074267,1355.2127184813667,11.084706943568335
1975,215.0,262.9879199985267,477.9879199985267,1.0294434565934747,1365.9886076937057,10.775889212339052
1976,215.0,269.88077697352765,484.88077697352765,1.0411371895645516,1379.3517144739587,13.36310678025302
1977,215.0,273.963154930751,488.963154930751,1.04310064917037,1392.872303805385,13.520589331426208
1978,215.0,276.2604287421843,491.2604287421843,1.038188476513601,1405.0704148474902,12.19811104210521
1979,215.0,281.5334355614996,496.5334355614996,1.0481297495588873,1418.9679229713963,13.897508123906164
1980,215.0,283.2799933041633,498.2799933041633,1.054811359742319,1432.7982712293947,13.830348257998367
1981,215.0,279.7228833024812,494.7228833024812,1.0453494500609413,1442.7473801267406,9.949108897345923
1982,215.0,287.61463066683257,502.61463066683257,1.0607031737894599,1456.2245468880044,13.477166761263788
1983,215.0,281.5577046073275,496.5577046073275,1.0432038431370887,1463.972544856338,7.747997968333493
1984,215.0,284.9536362831875,499.9536362831875,1.0308940203039962,1470.3595086441378,6.386963787799914
1985,215.0,285.63759742417085,500.63759742417085,1.024425100745979,1475.3889327286963,5.029424084558514
1986,215.0,290.77781253724584,505.77781253724584,1.0354513129905416,1483.0872502278908,7.698317499194445
1987,215.0,295.02494838641707,510.02494838641707,1.0403399650985459,1492.0248677825891,8.937617554698363
1988,215.0,298.6755905767461,513.6755905767461,1.0222870139004354,1498.710020524235,6.685152741645879
1989,215.0,302.17109081824873,517.1710908182488,1.0267543659990674,1506.4508519691826,7.7408314449476165
1990,207.13777445155313,305.2999200711051,512.4376945226581,1.030736205492146,1512.3285713197756,5.877719350592997
1991,206.4189161040385,318.81183287573293,525.2307489797714,1.0498448088618946,1524.45623291021,12.1276615904344
1992,194.53550769894048,299.49068782266335,494.0261955216038,1.0436593028024648,1524.0467692761506,-0.40946363405942066
1993,199.9311640200513,299.5481852918242,499.4793493118755,1.0224136274039968,1522.5106802385135,-1.5360890376371117
1994,202.9940352402028,310.39650696329267,513.3905422034954,1.0257079106974367,1526.2381668877415,3.7274866492280125
1995,197.44693511447778,305.56039716107193,503.00733227554974,1.006485120188085,1523.3131150756453,-2.9250518120961715
1996,207.20103192719466,307.45705920620384,514.6580911333986,1.0050644518952168,1524.3730034314583,1.0598883558129728
1997,217.73968242650653,331.457796516877,549.1974789433835,1.0260210342142024,1539.8445982263763,15.471594794918019
1998,212.1138313815474,315.50915615703855,527.6229875385859,1.0215154558941881,1545.7956450137815,5.951046787405176
1999,216.99656031183122,309.5890972813972,526.5856575932285,0.9979967817046644,1547.2391310601254,1.4434860463438781
2000,224.30553653458136,310.3755556419565,534.6810921765378,1.0,1551.5136527830107,4.274521722885311
2001,212.51997324232056,313.1005194228316,525.6204926651521,1.004280591928866,1552.951196852719,1.4375440697083377
2002,212.1704320233259,322.47491151980734,534.6453435431332,1.0092659254714755,1557.9769804056334,5.02578355291439
2003,211.94485638005466,328.33133481161764,540.2761911916723,1.0091672020984297,1564.2997971981617,6.322816792528329
2004,211.43839792487432,339.1599047856282,550.5983027105026,1.0045178825485648,1572.6416403544993,8.341843156337518
2005,214.9095743035305,346.62478641877203,561.5343607223025,1.001520616854982,1583.222723238534,10.581082884034686
2006,211.9578219242644,356.7053574534424,568.6631793777068,0.9963837241195741,1594.1841165262952,10.961393287761211
2007,220.7534076670482,355.2617524896731,576.0151601567213,1.0019042846930941,1607.2243744738753,13.04025794758013
2008,226.26119336847543,360.75844432030715,587.0196376887826,0.9845580445936346,1619.673349610271,12.448975136395802
2009,227.79548429501534,364.45377111581536,592.2492554108308,0.9914712628139848,1633.5760168966574,13.902667286386304
2010,222.70559512358187,371.1593157300012,593.8649108535831,0.979929226472326,1644.5352137968955,10.959196900238112
2011,231.1165900907369,372.924998542445,604.0415886331818,0.979929226472326,1657.6217891110225,13.086575314127003
2012,214.23806968250926,381.0856580369786,595.3237277194878,0.979929226472326,1666.326901234416,8.70511212339352
2013,219.16898297119255,381.87778643760544,601.046769408798,0.979929226472326,1675.9389436274905,9.61204239307449
2014,228.10570225698547,388.1687589286987,616.2744611856842,0.979929226472326,1689.5069878183795,13.56804419088894
2015,219.00148484941846,398.732,617.7334848494185,0.979929226472326,1702.0140396415268,12.507051823147322
2016,213.7915772904531,390.97880000000004,604.7703772904531,0.979929226472326,1708.7976248235354,6.783585182008665
2017,220.463654903922,393.4056,613.869254903922,0.979929226472326,1717.8265693791402,9.028944555604767
2018,222.41348146598264,395.1424,617.5558814659827,0.979929226472326,1727.050168942544,9.223599563403695
2019,219.24138085349597,403.9392,623.1805808534959,0.979929226472326,1737.0890458597744,10.038876917230482
2020,215.0,399.326,614.326,0.979929226472326,1743.0481342735147,5.959088413740346
