,natemis,Antr+BB,Totemis,ch4lifetime_fact,Conc,Trend
1950,215.0,148.86472757401697,363.86472757401697,1.0386734286208537,1155.4660551082777,
1951,215.0,164.4119307263549,379.4119307263549,1.0386734286208537,1156.283805127743,0.817750019465393
1952,215.0,170.00526733117223,385.00526733117226,1.0386734286208537,1158.8733891412887,2.5895840135456183
1953,215.0,175.4053622994692,390.4053622994692,1.0386734286208537,1162.9782487496582,4.104859608369452
1954,215.0,180.38551395564497,395.38551395564497,1.0386734286208537,1168.2942567194377,5.316007969779548
1955,215.0,185.0454391000126,400.0454391000126,1.0386734286208537,1174.5834594398177,6.28920272037999
1956,215.0,191.26899208777778,406.26899208777775,1.0386734286208537,1182.260373931981,7.676914492163178
1957,215.0,196.94548666658253,411.9454866665825,1.0386734286208537,1190.992432349995,8.732058418014049
1958,215.0,199.56280851395465,414.5628085139547,1.0386734286208537,1199.6475235015203,8.655091151525312
1959,215.0,204.15440517309747,419.1544051730975,1.0386734286208537,1208.8907254830015,9.243201981481207
1960,215.0,209.0195489357139,424.01954893571394,1.0386734286208537,1218.7492100162096,9.858484533208184
1961,215.0,217.19785480015165,432.1978548001516,1.0273688805761167,1228.9822311031348,10.233021086925191
1962,215.0,219.56395886153115,434.56395886153115,1.0286336117988735,1239.0266218443892,10.044390741254347
1963,215.0,228.84668643822317,443.8466864382232,1.0303815209511082,1251.2605915377221,12.233969693332938
1964,215.0,229.50010189421624,444.50010189421624,1.0388161109745009,1263.3501724212551,12.089580883533017
1965,215.0,235.90870547411788,450.9087054741179,1.0466500135860857,1277.1605658918181,13.810393470562985
1966,215.0,239.84754446408272,454.8475444640827,1.0309948094306236,1288.9596101549828,11.79904426316466
1967,215.0,246.1682099782135,461.1682099782135,1.0343317923476247,1301.9709738682232,13.011363713240371
1968,215.0,249.46403999922154,464.46403999922154,1.0390130401356572,1315.2224996831894,13.251525814966271
1969,215.0,253.6083644302704,468.6083644302704,1.03733064240917,1328.2118946407115,12.989394957522109
1970,215.0,259.1389110669947,474.1389110669947,1.044520863970062,1342.5019055420767,14.290010901365122
1971,215.0,264.2792956760135,479.2792956760135,1.0311148875281522,1355.305687600052,12.80378205797524
1972,215.0,272.45721733515404,487.45721733515404,1.0410234769727889,1370.6688911463577,15.36320354630584
1973,215.0,275.97436854007793,490.97436854007793,1.0237676802553786,1383.343460460146,12.674569313788197
1974,215.0,277.58300816315733,492.58300816315733,1.0255205419074267,1395.388966168426,12.045505708279961
1975,215.0,278.92569799309183,493.92569799309183,1.0294434565934747,1407.0719939582089,11.683027789782955
1976,215.0,286.19073893967834,501.19073893967834,1.0411371895645516,1421.411453755801,14.339459797592099
1977,215.0,290.52582612135245,505.52582612135245,1.04310064917037,1435.894293665049,14.482839909248014
1978,215.0,292.98308376747053,507.98308376747053,1.038188476513601,1448.9844116347572,13.090117969708217
1979,215.0,298.58114099630916,513.5811409963092,1.0481297495588873,1463.825131453266,14.840719818508887
1980,210.94999730878948,300.435685537013,511.3856828458025,1.054811359742319,1477.2117883571677,13.386656903901667
1981,207.46940093654123,296.68287020073063,504.1522711372719,1.0453494500609413,1485.5041306048845,8.29234224771676
1982,196.9955325905592,304.65710214976906,501.65263474032827,1.0607031737894599,1494.1005127746994,8.596382169814888
1983,201.33424834490552,298.6784287123529,500.01267705725843,1.0432038431370887,1498.902458507675,4.801945732975582
1984,214.1098013886646,302.2370817851458,516.3468831738104,1.0308940203039962,1506.9263446229822,8.023886115307278
1985,211.68781958124762,302.9504467045176,514.6382662857652,1.024425100745979,1512.5961399588687,5.66979533588642
1986,211.8802949566715,308.4034370412448,520.2837319979162,1.0354513129905416,1521.070938679416,8.47479872054737
1987,203.0665267237203,312.778527186872,515.8450539105922,1.0403399650985459,1527.828193614572,6.75725493515597
1988,213.4200979600624,316.78079953316467,530.2008974932271,1.0222870139004354,1536.0693965439907,8.241202929418705
1989,215.39297055815703,320.55968800249383,535.9526585606509,1.0267543659990674,1545.9612253162766,9.891828772285862
1990,213.067226438452,323.79183660072556,536.8590630391775,1.030736205492146,1555.6445985568703,9.68337324059371
1991,208.59217395984714,335.4818104403371,544.0739844001843,1.0498448088618946,1569.3841884026515,13.739589845781211
1992,188.55869530114643,316.3955526293896,504.95424793053604,1.0436593028024648,1567.7543452153056,-1.6298431873458412
1993,202.27256580009686,315.00618740051794,517.2787532006148,1.0224136274039968,1567.3292351590883,-0.4251100562173633
1994,205.68900371387048,322.1935623385285,527.8825660523989,1.0257079106974367,1570.9600762941027,3.630841135014407
1995,201.59890198611336,309.8613907722203,511.4602927583337,1.006485120188085,1565.861553910557,-5.098522383545742
1996,211.8482157274342,309.1011425162106,520.9493582436448,1.0050644518952168,1564.2664201500918,-1.5951337604651599
1997,205.35217180687872,332.86,538.2121718068787,1.0260210342142024,1571.7129000413327,7.44647989124087
1998,214.55891059798697,317.28000000000003,531.838910597987,1.0215154558941881,1575.559037024119,3.8461369827864473
1999,223.82980784756984,311.53999999999996,535.3698078475697,0.9979967817046644,1576.5805066691157,1.021469644996614
2000,220.46950858496152,309.38,529.8495085849615,1.0,1575.9655362465178,-0.6149704225979349
2001,217.96732870445126,313.65,531.6173287044512,1.004280591928866,1576.6662807218286,0.7007444753107848
2002,212.04069110285803,324.65000000000003,536.6906911028581,1.0092659254714755,1579.73622428237,3.0699435605413328
2003,215.0561386511653,326.12,541.1761386511653,1.0091672020984297,1583.9398762805804,4.203651998210489
2004,213.89326659131277,330.53000000000003,544.4232665913128,1.0045178825485648,1588.0401466544001,4.10027037381974
2005,205.11959739490823,334.55,539.6695973949082,1.001520616854982,1589.6393453892117,1.59919873481158
2006,217.5182194951289,340.45,557.9682194951289,0.9963837241195741,1596.3299433096379,6.690597920426171
2007,217.93524947521394,336.24,554.175249475214,1.0019042846930941,1601.8785473856165,5.548604075978574
2008,221.99327197373375,335.67,557.6632719737338,0.9845580445936346,1605.1950519331583,3.3165045475418538
2009,219.24247806663436,339.88,559.1224780666344,0.9914712628139848,1609.736795238868,4.541743305709588
2010,222.65891598040798,341.18,563.838915980408,0.979929226472326,1613.4518932899045,3.715098051036648
2011,222.8112923192852,342.69,565.5012923192852,0.979929226472326,1617.2953278400387,3.843434550134134
2012,213.70079121588887,348.16,561.8607912158889,0.979929226472326,1619.4937198888188,2.1983920487800788
2013,225.01673932935032,348.96,573.9767393293503,0.979929226472326,1625.4602039187707,5.966484029951971
2014,216.49168415953494,357.09000000000003,573.5816841595349,0.979929226472326,1630.6163021253997,5.15609820662894
2015,210.13999677054736,365.45,575.5899967705474,0.979929226472326,1635.8513945989641,5.235092473564464
2016,217.28564508315839,358.0,575.2856450831584,0.979929226472326,1640.389462520562,4.538067921597758
2017,215.0,360.73,575.73,0.979929226472326,1644.5581890784017,4.168726557839818
2018,215.0,362.77000000000004,577.77,0.979929226472326,1648.928844361319,4.370655282917369
2019,215.0,371.87,586.87,0.979929226472326,1655.8199743115838,6.8911299502647125
2020,215.0,367.56,582.56,0.979929226472326,1660.4969947603531,4.677020448769326
