,natemis,Antr+BB,Totemis,ch4lifetime_fact,Conc,Trend
1950,215.0,145.72559245704448,360.7255924570445,1.0082976017871197,1151.1236594515142,
1951,215.0,161.1689540027448,376.16895400274484,1.008017040016338,1148.0217348117826,-3.1019246397315783
1952,215.0,166.6584490009245,381.6584490009245,1.0077364782455562,1147.0570131754764,-0.9647216363061943
1953,215.0,171.95470236258384,386.9547023625838,1.0074559164747743,1147.9275635786971,0.8705504032207045
1954,215.0,176.831012412122,391.831012412122,1.0071753547039928,1150.2896074547243,2.362043876027201
1955,215.0,181.387095949852,396.387095949852,1.0068947929332108,1153.8706247617822,3.5810173070578912
1956,215.0,187.50680733097954,402.50680733097954,1.006614231162429,1159.0540011506043,5.183376388822126
1957,215.0,193.07946030314662,408.0794603031466,1.0063336693916476,1165.4793086450998,6.425307494495428
1958,215.0,195.59294054388116,410.5929405438811,1.0060531076208656,1171.9918578244326,6.5125491793328365
1959,215.0,200.08069559638636,415.08069559638636,1.005772545850084,1179.237226537139,7.245368712706295
1960,215.0,204.8419977523652,419.84199775236516,1.0054919840793022,1187.2241832136356,7.986956676496675
1961,215.0,212.9151721685548,427.9151721685548,1.0052114223085205,1196.9694780298712,9.745294816235628
1962,215.0,215.1761447816861,430.1761447816861,1.0049308605377387,1206.3463340502294,9.376856020358218
1963,215.0,224.35374091013003,439.35374091013,1.0046502987669568,1217.6922356101413,11.345901559911908
1964,215.0,224.902024917875,439.902024917875,1.004369736996175,1227.9212639049354,10.229028294794034
1965,215.0,231.2054970495285,446.2054970495285,1.0040891752253935,1239.068622410619,11.147358505683542
1966,215.0,235.0392045912452,450.0392045912452,1.0038086134546116,1250.2110593627083,11.142436952089383
1967,215.0,241.25473865712786,456.25473865712786,1.0035280516838299,1262.1394266033974,11.928367240689113
1968,215.0,244.44543722988774,459.4454372298877,1.0032474899130481,1273.7608670030525,11.621440399655057
1969,215.0,248.48463021268853,463.48463021268856,1.0029669281422664,1285.390750071353,11.629883068300614
1970,215.0,253.9100454011647,468.91004540116467,1.0026863663714847,1297.4877778783696,12.097027807016502
1971,215.0,257.57479257777885,472.57479257777885,1.0036125027400429,1309.5680640210614,12.080286142691875
1972,215.0,264.87815496199676,479.87815496199676,1.0045386391086013,1322.8437762955812,13.27571227451972
1973,215.0,267.174414913303,482.174414913303,1.0054647754771595,1335.520868276703,12.677091981121748
1974,215.0,268.77272781252634,483.77272781252634,1.006390911845718,1347.4363290007602,11.915460724057311
1975,215.0,271.02888398583644,486.02888398583644,1.0073170482142761,1358.8954027637446,11.459073762984417
1976,215.0,275.0518357547742,490.0518357547742,1.0082431845828346,1370.537555458057,11.642152694312472
1977,215.0,277.72254164205543,492.72254164205543,1.009169320951393,1381.8951190514379,11.357563593380746
1978,215.0,279.07729251334416,494.07729251334416,1.0100954573199512,1392.5643917447787,10.669272693340872
1979,215.0,283.36524243347924,498.36524243347924,1.0110215936885096,1403.597874952317,11.033483207538211
1980,215.0,282.2371159769046,497.2371159769046,1.0119477300570678,1413.157618257793,9.559743305476104
1981,215.0,277.5286029825358,492.5286029825358,1.0119166428840465,1420.0889611910504,6.931342933257383
1982,215.0,285.26941946839,500.26941946839,1.0118855557110251,1428.819075381713,8.730114190662562
1983,215.0,279.04267506764637,494.04267506764637,1.0118544685380038,1434.5083170434696,5.689241661756569
1984,215.0,284.0863192602393,499.0863192602393,1.0118233813649828,1441.23795123372,6.729634190250408
1985,215.0,287.0049229958179,502.0049229958179,1.0117922941919613,1448.1866161780788,6.948664944358825
1986,215.0,290.9973934447917,505.9973934447917,1.01176120701894,1455.6867271843366,7.500111006257839
1987,215.0,295.28841803933904,510.28841803933904,1.0117301198459188,1463.7762685624903,8.089541378153626
1988,215.0,299.1743864512828,514.1743864512828,1.0116990326728972,1472.255263735676,8.478995173185695
1989,215.0,304.2999708971575,519.2999708971574,1.011667945499876,1481.4922782405952,9.237014504919216
1990,213.229158495527,307.58244894288526,520.8116074384122,1.0116368583268547,1490.2026201904355,8.710341949840313
1991,230.46401973376058,320.3405374138564,550.804557147617,1.009824235180017,1507.649294775908,17.446674585472465
1992,187.08466023758422,304.1997961122732,491.2844563498574,1.0015337334334637,1502.1749420812723,-5.474352694635627
1993,201.07742439463695,305.23302163145047,506.31044602608745,0.996844693397186,1501.609060491943,-0.5658815893293649
1994,209.91391164352387,317.2848254228341,527.198737066358,1.0084558263903243,1509.7487315454923,8.139671053549364
1995,200.85765603448098,311.7473692430924,512.6050252775734,1.0030031148607326,1511.3358279610732,1.5870964155808451
1996,212.4591393800404,313.88494695523417,526.3440863352746,1.0102506923191272,1518.3723294791444,7.036501518071191
1997,217.02081046246136,337.0204142930985,554.0412247555598,1.0119030530084048,1534.0705135127212,15.698184033576808
1998,202.568436978653,317.9406473511351,520.5090843297882,0.9861864069689835,1533.0045231010401,-1.065990411681014
1999,215.78806866900686,313.09385370096595,528.8819223699728,1.0063414517912073,1537.8979126934782,4.893389592438098
2000,226.5622479195188,314.79158226734603,541.3538301868648,1.0,1545.433785408076,7.5358727145976445
2001,215.0509626165587,315.2928524514628,530.3438150680215,0.99386928520895,1547.5334412562777,2.0996558482017917
2002,216.04073174324364,322.1007386331392,538.1414703763828,0.9928679555766652,1551.830468396246,4.29702713996835
2003,213.98055262609702,328.4756943824689,542.4562470085659,0.9864340504659566,1556.0731848023524,4.24271640610641
2004,208.00169259421529,335.7220642725255,543.7237568667408,0.979133650893039,1559.1004036178385,3.027218815486094
2005,205.4572700159953,341.88187367125875,547.339143687254,0.9699646792990931,1561.5037553251693,2.403351707330785
2006,211.2339594451393,352.4529993712408,563.6869588163802,0.9658283605068321,1568.3725396502155,6.868784325046136
2007,223.672583039232,349.7789386288197,573.4515216680517,0.9597038162268151,1576.6670555020225,8.294515851807091
2008,228.03049543871128,353.30974763980123,581.3402430785125,0.9643339070369527,1587.3900411120758,10.722985610053229
2009,235.04040686312868,355.2102928669951,590.2506997301238,0.9671398996221703,1600.2987153704853,12.908674258409519
2010,224.2663857353366,360.8548031390112,585.1211888743478,0.9580604117459025,1608.4797820407312,8.181066670245855
2011,247.4109003803281,365.99466311704407,613.4055634973722,0.9585228838411334,1625.1612997886405,16.68151774790931
2012,216.66762554529598,372.97725290758524,589.6448784528812,0.9675752373720371,1633.595755131515,8.434455342874571
2013,222.88330630031555,372.6442144644898,595.5275207648053,0.9662389595250078,1642.7798454675124,9.184090335997325
2014,220.24898314608367,380.3961968225409,600.6451799686246,0.96907901809612,1653.092165532827,10.31232006531468
2015,215.0,387.4758223403408,602.4758223403408,0.9707424683795629,1663.1137701721748,10.021604639347743
2016,215.0,379.4876497908962,594.4876497908963,0.952027984493153,1666.0315187277806,2.91774855560584
2017,215.0,385.0082127080213,600.0082127080213,0.9603792558988442,1671.9307393107852,5.899220583004535
2018,215.0,387.8058049137809,602.8058049137809,0.9619692714083327,1678.3564286531223,6.425689342337137
2019,215.0,394.70580491378087,609.7058049137809,0.963559286917821,1686.608358740972,8.251930087849814
2020,215.0,388.1958049137809,603.1958049137809,0.9651493024273095,1692.0334502732344,5.425091532262286
