,natemis,Antr+BB,Totemis,ch4lifetime_fact,Conc,Trend
1950,215.0,163.598,378.598,1.0,1156.1234580696766,
1951,215.0,178.6518045817319,393.6518045817319,1.0,1157.3682177523867,1.2447596827100824
1952,215.0,183.7517426159432,398.75174261594316,1.0,1160.1668295338286,2.7986117814418776
1953,215.0,188.65843901363414,403.65843901363417,1.0,1164.2811501852748,4.114320651446178
1954,215.0,193.14519209920383,408.1451920992038,1.0,1169.424434307104,5.143284121829311
1955,215.0,197.31171867296544,412.3117186729654,1.0,1175.37515037469,5.950716067585972
1956,215.0,203.04187309012457,418.04187309012457,1.0,1182.5620294269106,7.186879052220547
1957,215.0,208.22496909832324,423.22496909832324,1.0,1190.6650294087437,8.102999981833136
1958,215.0,210.34889237508935,425.34889237508935,1.0,1198.5658975074878,7.900868098744013
1959,215.0,214.44709046362615,429.4470904636262,1.0,1206.9427445592996,8.376847051811865
1960,215.0,218.81883565563655,433.8188356556366,1.0,1215.833095346065,8.890350786765339
1961,215.0,224.59797580858205,439.5979758085821,1.0,1225.6467213045075,9.813625958442572
1962,215.0,224.56491415846932,439.5649141584693,1.0,1234.3505366264258,8.703815321918228
1963,215.0,231.44847602366914,446.4484760236692,1.0,1244.3651920887514,10.014655462325663
1964,215.0,229.70272576816996,444.70272576816996,1.0,1252.678898629778,8.313706541026477
1965,215.0,233.7121636365794,448.71216363657936,1.0,1261.3928892724264,8.713990642648469
1966,215.0,235.251836915052,450.25183691505197,1.0,1269.6423586966077,8.24946942418137
1967,215.0,239.17333671769057,454.1733367176906,1.0,1278.270108589155,8.627749892547172
1968,215.0,240.0700010272064,455.0700010272064,1.0,1286.2295085428077,7.959399953652792
1969,215.0,241.81515974676304,456.815159746763,1.0,1293.8771020912006,7.647593548392933
1970,215.0,244.94654067199508,459.9465406719951,1.0,1301.7080412717762,7.8309391805755695
1971,215.0,248.76207785759098,463.76207785759095,1.0,1309.928943243553,8.220901971776811
1972,215.0,256.04497069059664,471.04497069059664,1.0,1319.6473389630787,9.718395719525688
1973,215.0,255.60237187520235,470.6023718752024,1.0,1328.1306167483374,8.483277785258679
1974,215.0,258.8376989548787,473.8376989548787,1.0,1336.7381795339015,8.607562785564141
1975,215.0,261.71079484263964,476.71079484263964,1.0,1345.3358468872625,8.597667353360976
1976,215.0,266.11259910976634,481.11259910976634,1.0,1354.4322725778302,9.096425690567685
1977,215.0,269.5931488630674,484.5931488630674,1.0,1363.6657452317845,9.233472653954323
1978,215.0,272.7548380298701,487.7548380298701,1.0,1372.9150549118428,9.249309680058332
1979,215.0,276.282103452212,491.282103452212,1.0,1382.2998031495108,9.384748237667964
1980,215.0,279.7152927768357,494.7152927768357,1.0,1391.7735906972234,9.473787547712618
1981,215.0,281.48962262623303,496.48962262623303,1.0,1400.775690621887,9.002099924663526
1982,215.0,290.3138617386215,505.3138617386215,1.0,1411.6995550671554,10.923864445268464
1983,215.0,285.25634640067585,500.25634640067585,1.0,1419.72112863871,8.021573571554654
1984,215.0,288.3160050399723,503.3160050399723,1.0,1427.8603607335253,8.13923209481527
1985,215.0,290.7718115359584,505.7718115359584,1.0,1435.903592424695,8.043231691169694
1986,215.0,293.2029897176004,508.2029897176004,1.0,1443.8533960630168,7.949803638321782
1987,215.0,297.6636160553672,512.6636160553671,1.0,1452.394028969945,8.540632906928295
1988,215.0,297.990817919549,512.990817919549,1.0,1460.086999477787,7.692970507841892
1989,215.0,299.2419704961214,514.2419704961214,1.0,1467.333980988431,7.246981510643991
1990,213.229158495527,302.9738366007256,516.2029950962526,1.0,1474.4205952763891,7.0866142879581275
1991,230.46401973376058,316.0443104403371,546.5083301740976,1.0,1490.7753803610449,16.35478508465576
1992,187.08466023758422,298.3385526293896,485.4232128669738,1.0,1485.0180744769996,-5.757305884045309
1993,201.07742439463695,298.32968740051797,499.40711179515495,1.0,1484.5482033375606,-0.46987113943896475
1994,209.91391164352387,306.8975623385286,516.8114739820525,1.0,1489.9093581687503,5.361154831189651
1995,200.85765603448098,295.94589077222037,496.8035468067013,1.0,1488.0274004895264,-1.8819576792238877
1996,212.4591393800404,293.32614251621055,505.7852818962509,1.0,1489.3381878182627,1.3107873287362963
1997,217.02081046246136,315.2255,532.2463104624613,1.0,1499.287520094997,9.949332276734367
1998,202.568436978653,297.786,500.354436978653,1.0,1497.534417001492,-1.753103093504933
1999,215.78806866900686,290.18649999999997,505.9745686690068,1.0,1497.8435466197707,0.30912961827857544
2000,226.5622479195188,286.167,512.7292479195188,1.0,1500.3606809212274,2.5171343014567356
2001,215.0509626165587,293.96279999999996,509.01376261655867,1.0,1501.3623945520426,1.0017136308151748
2002,216.04073174324364,308.4886,524.5293317432437,1.0,1507.4032631564214,6.040868604378829
2003,213.98055262609702,313.4844,527.464952626097,1.0,1513.7423885348232,6.339125378401832
2004,208.00169259421529,321.4202,529.4218925942153,1.0,1520.0214434041561,6.279054869332867
2005,205.4572700159953,328.966,534.4232700159953,1.0,1527.2579361707058,7.236492766549645
2006,211.2339594451393,339.5914,550.8253594451394,1.0,1539.1298075257396,11.871871355033818
2007,223.672583039232,340.1068,563.779383039232,1.0,1553.973242337008,14.84343481126848
2008,228.03049543871128,344.2622,572.2926954387112,1.0,1569.981155482279,16.007913145271004
2009,235.04040686312868,353.1976,588.2380068631287,1.0,1589.4906546923578,19.50949921007873
2010,224.2663857353366,359.223,583.4893857353366,1.0,1605.2390834458188,15.748428753460985
2011,247.4109003803281,364.4245,611.8354003803281,1.0,1628.6353046403774,23.39622119455862
2012,216.66762554529598,373.586,590.253625545296,1.0,1642.2464905366908,13.611185896313373
2013,222.88330630031555,378.0775,600.9608063003155,1.0,1657.8885151862462,15.642024649555424
2014,220.24898314608367,389.899,610.1479831460837,1.0,1674.8293293194713,16.940814133225103
2015,215.0,401.9505,616.9504999999999,1.0,1692.1317773103995,17.302447990928158
2016,215.0,399.27200000000005,614.272,1.0,1706.6075788310006,14.47580152060118
2017,215.0,406.7735,621.7735,1.0,1721.9530912900236,15.345512459022984
2018,215.0,413.58500000000004,628.585,1.0,1737.8418463757023,15.888755085678667
2019,215.0,427.4565,642.4565,1.0,1756.55700448983,18.71515811412769
2020,215.0,427.918,642.918,1.0,1773.3298446468525,16.77284015702253
