,natemis,Antr+BB,Totemis,ch4lifetime_fact,Conc,Trend
1950,215.0,145.72559245704448,360.7255924570445,1.0386734286208537,1154.421848611464,
1951,215.0,161.1689540027448,376.16895400274484,1.0386734286208537,1154.2741666882562,-0.14768192320775597
1952,215.0,166.6584490009245,381.6584490009245,1.0386734286208537,1155.9685447522895,1.6943780640333443
1953,215.0,171.95470236258384,386.9547023625838,1.0386734286208537,1159.2408035273456,3.272258775056116
1954,215.0,176.831012412122,391.831012412122,1.0386734286208537,1163.7800219154262,4.539218388080599
1955,215.0,181.387095949852,396.387095949852,1.0386734286208537,1169.3421897066976,5.562167791271349
1956,215.0,187.50680733097954,402.50680733097954,1.0386734286208537,1176.3364245813204,6.994234874622862
1957,215.0,193.07946030314662,408.0794603031466,1.0386734286208537,1184.4253452851506,8.088920703830127
1958,215.0,195.59294054388116,410.5929405438811,1.0386734286208537,1192.4725495654202,8.047204280269625
1959,215.0,200.08069559638636,415.08069559638636,1.0386734286208537,1201.1392901211004,8.666740555680235
1960,215.0,204.8419977523652,419.84199775236516,1.0386734286208537,1210.4493284060195,9.310038284919074
1961,215.0,212.9151721685548,427.9151721685548,1.0273688805761167,1220.1673804578813,9.718052051861832
1962,215.0,215.1761447816861,430.1761447816861,1.0286336117988735,1229.7171726233378,9.549792165456438
1963,215.0,224.35374091013003,439.35374091013,1.0303815209511082,1241.4741440766077,11.756971453269898
1964,215.0,224.902024917875,439.902024917875,1.0388161109745009,1253.0961020147352,11.62195793812748
1965,215.0,231.2054970495285,446.2054970495285,1.0466500135860857,1266.447202128474,13.351100113738767
1966,215.0,235.0392045912452,450.0392045912452,1.0309948094306236,1277.8171169070708,11.369914778596922
1967,215.0,241.25473865712786,456.25473865712786,1.0343317923476247,1290.4077501709423,12.590633263871496
1968,215.0,244.44543722988774,459.4454372298877,1.0390130401356572,1303.2443490282897,12.836598857347326
1969,215.0,248.48463021268853,463.48463021268856,1.03733064240917,1315.8307329610514,12.586383932761692
1970,215.0,253.9100454011647,468.91004540116467,1.044520863970062,1329.7183239752328,13.887591014181453
1971,215.0,257.57479257777885,472.57479257777885,1.0311148875281522,1341.6883547840212,11.970030808788351
1972,215.0,264.87815496199676,479.87815496199676,1.0410234769727889,1356.0051630328257,14.316808248804591
1973,215.0,267.174414913303,482.174414913303,1.0237676802553786,1367.3649698788358,11.359806846010088
1974,215.0,268.77272781252634,483.77272781252634,1.0255205419074267,1378.2339441652157,10.868974286379853
1975,215.0,271.02888398583644,486.02888398583644,1.0294434565934747,1389.1667188844556,10.932774719239887
1976,215.0,275.0518357547742,490.0518357547742,1.0411371895645516,1401.7397659505693,12.573047066113759
1977,215.0,277.72254164205543,492.72254164205543,1.04310064917037,1414.0901053513435,12.350339400774146
1978,215.0,279.07729251334416,494.07729251334416,1.038188476513601,1424.9217730910418,10.831667739698332
1979,215.0,283.36524243347924,498.36524243347924,1.0481297495588873,1437.2906504654025,12.368877374360636
1980,215.0,282.2371159769046,497.2371159769046,1.054811359742319,1448.8105451627546,11.519894697352129
1981,215.0,277.5286029825358,492.5286029825358,1.0453494500609413,1456.3010206133767,7.490475450622171
1982,215.0,285.26941946839,500.26941946839,1.0607031737894599,1467.5516369449663,11.250616331589526
1983,215.0,279.04267506764637,494.04267506764637,1.0432038431370887,1473.2380438791292,5.68640693416296
1984,215.0,284.0863192602393,499.0863192602393,1.0308940203039962,1478.3248746428787,5.086830763749504
1985,215.0,287.0049229958179,502.0049229958179,1.024425100745979,1482.9345227939937,4.609648151114925
1986,215.0,290.9973934447917,505.9973934447917,1.0354513129905416,1489.8849296002486,6.950406806254932
1987,215.0,295.28841803933904,510.28841803933904,1.0403399650985459,1498.1734890904327,8.28855949018407
1988,215.0,299.1743864512828,514.1743864512828,1.0222870139004354,1504.348382648998,6.174893558565373
1989,215.0,304.2999708971575,519.2999708971574,1.0267543659990674,1512.1792440852723,7.83086143627429
1990,204.64647443295402,307.58244894288526,512.2289233758393,1.030736205492146,1517.361960296795,5.182716211522575
1991,202.84908478641162,320.3405374138564,523.189622200268,1.0498448088618946,1528.2688741761372,10.906913879342255
1992,190.51506057038983,304.1997961122732,494.714856682663,1.0436593028024648,1527.6764252223666,-0.5924489537705995
1993,195.3330359213366,305.23302163145047,500.5660575527871,1.0224136274039968,1526.1024933378783,-1.5739318844882746
1994,199.90276569546643,317.2848254228341,517.1875911183006,1.0257079106974367,1530.698413206965,4.595919869086629
1995,196.32841195227857,311.7473692430924,508.07578119537095,1.006485120188085,1528.9599330592469,-1.7384801477180645
1996,207.46436651190697,313.88494695523417,521.3493134671412,1.0050644518952168,1531.612300021864,2.6523669626171795
1997,215.069403551697,337.0204142930985,552.0898178447956,1.0260210342142024,1547.2518434409922,15.639543419128131
1998,211.19685718568462,317.9406473511351,529.1375045368197,1.0215154558941881,1552.8913221213359,5.6394786803437
1999,218.01274748085203,313.09385370096595,531.106601181818,0.9979967817046644,1555.039828912199,2.1485067908631663
2000,224.99476821169003,314.79158226734603,539.7863504790361,1.0,1560.135899277552,5.0960703653529436
2001,211.6541686142129,315.2928524514628,526.9470210656757,1.004280591928866,1561.0519247949685,0.9160255174165286
2002,212.44845349875482,322.1007386331392,534.549192131894,1.0092659254714755,1565.1456128041095,4.093688009141033
2003,211.15104048992268,328.4756943824689,539.6267348723916,1.0091672020984297,1570.4560571172449,5.310444313135349
2004,213.4267447417675,335.7220642725255,549.148809014293,1.0045178825485648,1577.6297880782863,7.173730961041429
2005,212.36702568834235,341.88187367125875,554.2488993596011,1.001520616854982,1585.2340173721395,7.604229293853223
2006,214.33253962675096,352.4529993712408,566.7855389979918,0.9963837241195741,1595.3462514524394,10.112234080299913
2007,219.6252591285588,349.7789386288197,569.4041977573785,1.0019042846930941,1606.0614736186287,10.715222166189278
2008,225.0863228023433,353.30974763980123,578.3960704421445,0.9845580445936346,1615.7815294742213,9.72005585559259
2009,227.38941008758178,355.2102928669951,582.5997029545769,0.9914712628139848,1626.9207231411563,11.139193666934943
2010,222.05416973076032,360.8548031390112,582.9089728697716,0.979929226472326,1635.004035528427,8.08331238727078
2011,234.1365331595362,365.99466311704407,600.1311962765803,0.979929226472326,1647.8789268389783,12.87489131055122
2012,214.91072953742258,372.97725290758524,587.8879824450078,0.979929226472326,1655.2272301033786,7.348303264400329
2013,217.65607902838656,372.6442144644898,590.3002934928763,0.979929226472326,1662.5389081322319,7.311678028853294
2014,225.58641103472286,380.3961968225409,605.9826078572637,0.979929226472326,1674.2192952879298,11.680387155697872
2015,217.07285443075872,387.4758223403408,604.5486767710995,0.979929226472326,1684.0941390972823,9.87484380935257
2016,210.38186013375284,379.4876497908962,589.869509924649,0.979929226472326,1687.976074208707,3.881935111424582
2017,219.85459889671557,385.0082127080213,604.8628116047369,0.979929226472326,1696.3887189462125,8.412644737505616
2018,221.18675975116392,387.8058049137809,608.9925646649448,0.979929226472326,1705.2131608330674,8.824441886854856
2019,217.3676024610999,394.70580491378087,612.0734073748807,0.979929226472326,1714.0546271199848,8.841466286917466
2020,215.0,388.1958049137809,603.1958049137809,0.979929226472326,1718.9450100662295,4.890382946244699
