,natemis,Antr+BB,Totemis,ch4lifetime_fact,Conc,Trend
1950,215.0,163.598,378.598,1.0247219712311393,1158.87120071134,
1951,215.0,178.6518045817319,393.6518045817319,1.0244368393312935,1162.5278893401814,3.6566886288414935
1952,215.0,183.7517426159432,398.75174261594316,1.0241517074314475,1167.4473710965688,4.919481756387313
1953,215.0,188.65843901363414,403.65843901363417,1.0238665755316017,1173.4264945977843,5.979123501215554
1954,215.0,193.14519209920383,408.1451920992038,1.0235814436317558,1180.2089730995292,6.78247850174489
1955,215.0,197.31171867296544,412.3117186729654,1.02329631173191,1187.5997467541158,7.39077365458661
1956,215.0,203.04187309012457,418.04187309012457,1.023011179832064,1196.0513099918514,8.451563237735627
1957,215.0,208.22496909832324,423.22496909832324,1.0227260479322182,1205.2647908230865,9.213480831235074
1958,215.0,210.34889237508935,425.34889237508935,1.0224409160323724,1214.139120105746,8.874329282659573
1959,215.0,214.44709046362615,429.4470904636262,1.0221557841325266,1223.367293053906,9.228172948159909
1960,215.0,218.81883565563655,433.8188356556366,1.0218706522326808,1233.0008062166394,9.63351316273338
1961,215.0,224.59797580858205,439.5979758085821,1.0215855203328348,1243.4623144286843,10.461508212044919
1962,215.0,224.56491415846932,439.5649141584693,1.021300388432989,1252.7283841642989,9.266069735614565
1963,215.0,231.44847602366914,446.4484760236692,1.021015256533143,1263.2288424934723,10.500458329173398
1964,215.0,229.70272576816996,444.70272576816996,1.0207301246332974,1271.959257713453,8.730415219980841
1965,215.0,233.7121636365794,448.71216363657936,1.0204449927334514,1281.0267365845768,9.06747887112374
1966,215.0,235.251836915052,450.25183691505197,1.0201598608336055,1289.572842842466,8.54610625788905
1967,215.0,239.17333671769057,454.1733367176906,1.0198747289337597,1298.4460970477567,8.873254205290777
1968,215.0,240.0700010272064,455.0700010272064,1.019589597033914,1306.6047010806703,8.158604032913672
1969,215.0,241.81515974676304,456.815159746763,1.019304465134068,1314.4089238683773,7.804222787706976
1970,215.0,244.94654067199508,459.9465406719951,1.0190193332342221,1322.358060854885,7.94913698650771
1971,215.0,248.76207785759098,463.76207785759095,1.0199605556308002,1330.8169926608862,8.458931806001146
1972,215.0,256.04497069059664,471.04497069059664,1.0209017780273784,1340.883246812672,10.06625415178587
1973,215.0,255.60237187520235,470.6023718752024,1.0218430004239563,1349.8137264393968,8.930479626724718
1974,215.0,258.8376989548787,473.8376989548787,1.0227842228205342,1358.9572178080714,9.143491368674631
1975,215.0,261.71079484263964,476.71079484263964,1.0237254452171123,1368.171299822203,9.21408201413169
1976,215.0,266.11259910976634,481.11259910976634,1.0246666676136902,1377.957795966264,9.786496144060948
1977,215.0,269.5931488630674,484.5931488630674,1.0256078900102683,1387.9491358336165,9.991339867352508
1978,215.0,272.7548380298701,487.7548380298701,1.0265491124068462,1398.0183868801587,10.06925104654215
1979,215.0,276.282103452212,491.282103452212,1.0274903348034243,1408.280097288369,10.26171040821032
1980,210.94999730878948,279.7152927768357,490.6652900856252,1.0284315572000022,1417.3369507753528,9.056853486983755
1981,207.46940093654123,281.48962262623303,488.9590235627743,1.0283999636415508,1424.8314280131538,7.494477237800993
1982,196.9955325905592,290.3138617386215,487.3093943291807,1.0283683700830997,1430.953257968402,6.121829955248359
1983,201.33424834490552,285.25634640067585,486.59059474558137,1.0283367765246483,1436.1620717373025,5.208813768900427
1984,214.1098013886646,288.3160050399723,502.4258064286369,1.028305182966197,1446.0615590287357,9.89948729143316
1985,211.68781958124762,290.7718115359584,502.4596311172061,1.0282735894077455,1454.884823955987,8.82326492725133
1986,211.8802949566715,293.2029897176004,505.0832846742719,1.028241995849294,1463.6106326685515,8.725808712564458
1987,203.0665267237203,297.6636160553672,500.7301427790875,1.028210402290843,1469.9299875405225,6.3193548719709725
1988,213.4200979600624,297.990817919549,511.41091587961137,1.0281788087323915,1479.1045797408497,9.174592200327197
1989,215.39297055815703,299.2419704961214,514.6349410542784,1.0281472151739404,1488.3427276351867,9.23814789433709
1990,213.067226438452,302.9738366007256,516.0410630391775,1.0281156216154888,1497.033016825699,8.690289190512203
1991,208.59217395984714,316.0443104403371,524.6364844001843,1.02530405945394,1507.2359020806712,10.202885254972216
1992,188.55869530114643,298.3385526293896,486.897247930536,1.022492497292391,1503.3771099655519,-3.858792115119286
1993,202.27256580009686,298.32968740051797,500.6022532006148,1.0196809351308422,1504.099097467396,0.7219875018440689
1994,205.68900371387048,306.8975623385286,512.5865660523991,1.0168693729692933,1508.3228010346122,4.223703567216262
1995,201.59890198611336,295.94589077222037,497.54479275833376,1.0140578108077443,1506.67776991893,-1.6450311156822863
1996,211.8482157274342,293.32614251621055,505.17435824364475,1.0112462486461955,1507.3435855300863,0.665815611156404
1997,205.35217180687872,315.2255,520.5776718068787,1.0084346864846467,1512.6433277013018,5.299742171215485
1998,214.55891059798697,297.786,512.344910597987,1.0056231243230978,1514.2069319763505,1.5636042750486467
1999,223.82980784756984,290.18649999999997,514.0163078475698,1.002811562161549,1515.7363657146564,1.5294337383058974
2000,220.46950858496152,286.167,506.63650858496146,1.0,1514.2271895107137,-1.5091762039426158
2001,217.96732870445126,293.96279999999996,511.93012870445125,0.995914002735031,1514.0343790899876,-0.19281042072611854
2002,212.04069110285803,308.4886,520.529291102858,0.991828005470062,1516.1021900599899,2.067810970002256
2003,215.0561386511653,313.4844,528.5405386511653,0.987742008205093,1519.973946022362,3.8717559623721627
2004,213.89326659131277,321.4202,535.3134665913128,0.9836560109401239,1525.0264700417533,5.052524019391285
2005,205.11959739490823,328.966,534.0855973949083,0.9795700136751548,1528.4628024502663,3.4363324085129534
2006,217.5182194951289,339.5914,557.109619495129,0.9754840164101859,1538.5003589732532,10.03755652298696
2007,217.93524947521394,340.1068,558.042049475214,0.9713980191452168,1547.0472442389594,8.546885265706123
2008,221.99327197373375,344.2622,566.2554719737337,0.977052169906687,1558.243992220062,11.19674798110259
2009,219.24247806663436,353.1976,572.4400780666344,0.9827063206681571,1571.117696725432,12.873704505370142
2010,222.65891598040798,359.223,581.8819159804079,0.9883604714296271,1586.5630671554318,15.445370429999684
2011,222.8112923192852,364.4245,587.2357923192852,0.9889882341230849,1602.1392000983228,15.576132942891036
2012,213.70079121588887,373.586,587.2867912158889,0.9896159968165429,1616.0734913598574,13.934291261534554
2013,225.01673932935032,378.0775,603.0942393293503,0.9902437595100009,1633.7816594375581,17.708168077700748
2014,216.49168415953494,389.899,606.3906841595349,0.9908715222034588,1650.6879771460744,16.906317708516326
2015,210.13999677054736,401.9505,612.0904967705474,0.9908600068687826,1667.5764818988728,16.888504752798326
2016,217.28564508315839,399.27200000000005,616.5576450831584,0.9908484915341064,1684.04008106993,16.46359917105724
2017,215.0,406.7735,621.7735,0.9908369761994302,1700.375136728004,16.335055658073998
2018,215.0,413.58500000000004,628.585,0.9924774178789595,1717.4075195542598,17.032382826255798
2019,215.0,427.4565,642.4565,0.9941178595584886,1737.4065845364967,19.99906498223686
2020,215.0,427.918,642.918,0.9957583012380179,1755.5928287847846,18.18624424828795
