,natemis,Antr+BB,Totemis,ch4lifetime_fact,Conc,Trend
1950,215.0,148.86472757401697,363.86472757401697,1.0488608866700293,1156.5320105373567,
1951,215.0,164.4119307263549,379.4119307263549,1.0455466626386185,1157.9548544460163,1.4228439086596154
1952,215.0,170.00526733117223,385.00526733117226,1.0435105097854591,1160.8722995195392,2.917445073522913
1953,215.0,175.4053622994692,390.4053622994692,1.0405455939203825,1164.958484920999,4.086185401459716
1954,215.0,180.38551395564497,395.38551395564497,1.044295794488673,1170.6553318306335,5.696846909634587
1955,215.0,185.0454391000126,400.0454391000126,1.037508489961066,1176.5634528714345,5.9081210408010065
1956,215.0,191.26899208777778,406.26899208777775,1.028116236302615,1182.8776779084924,6.314225037057895
1957,215.0,196.94548666658253,411.9454866665825,1.0421601616543277,1191.9191804954767,9.04150258698428
1958,215.0,199.56280851395465,414.5628085139547,1.048657602665344,1201.55336397321,9.634183477733359
1959,215.0,204.15440517309747,419.1544051730975,1.036391182649435,1210.3381101418934,8.784746168683341
1960,215.0,209.0195489357139,424.01954893571394,1.0366828171259594,1219.8184430496785,9.480332907785169
1961,215.0,217.19785480015165,432.1978548001516,1.0360169714873653,1230.9137734181375,11.095330368458917
1962,215.0,219.56395886153115,434.56395886153115,1.0483804322861743,1242.9751193625602,12.061345944422783
1963,215.0,228.84668643822317,443.8466864382232,1.0443546910580446,1256.3743262704593,13.399206907899043
1964,215.0,229.50010189421624,444.50010189421624,1.0448466365780047,1268.5994257105244,12.22509944006515
1965,215.0,235.90870547411788,450.9087054741179,1.0416887487729276,1281.272523323904,12.673097613379468
1966,215.0,239.84754446408272,454.8475444640827,1.045021997433171,1294.272194300404,12.999670976500056
1967,215.0,246.1682099782135,461.1682099782135,1.0453696087467055,1308.0121191937064,13.739924893302486
1968,215.0,249.46403999922154,464.46403999922154,1.0399298066040126,1320.718004707365,12.705885513658586
1969,215.0,253.6083644302704,468.6083644302704,1.044521823964872,1333.977414869079,13.259410161713959
1970,215.0,259.1389110669947,474.1389110669947,1.0439258467327728,1347.5726099067829,13.595195037703888
1971,215.0,264.2792956760135,479.2792956760135,1.0436193741341604,1361.3713974520413,13.798787545258392
1972,215.0,272.45721733515404,487.45721733515404,1.0520906785217377,1377.439728201696,16.068330749654706
1973,215.0,275.97436854007793,490.97436854007793,1.0403958536106162,1391.4965356605655,14.05680745886957
1974,215.0,277.58300816315733,492.58300816315733,1.035825630675854,1403.9816721784996,12.485136517934052
1975,215.0,278.92569799309183,493.92569799309183,1.0405937531705223,1416.1692803698995,12.187608191399931
1976,215.0,286.19073893967834,501.19073893967834,1.0471224324819541,1430.2925781322085,14.123297762308994
1977,215.0,290.52582612135245,505.52582612135245,1.0411935162013237,1443.5666164261213,13.274038293912781
1978,215.0,292.98308376747053,507.98308376747053,1.039175143440748,1455.9543114988553,12.387695072734004
1979,215.0,298.58114099630916,513.5811409963092,1.0376285224625028,1468.6539857540401,12.699674255184846
1980,213.46581505527286,300.435685537013,513.9015005922859,1.046993032958082,1481.332219537772,12.678233783731912
1981,209.98540094753466,296.68287020073063,506.66827114826526,1.057235362607005,1491.5908307201164,10.258611182344339
1982,207.34999122653096,304.65710214976906,512.0070933763,1.0571718977688278,1502.521375882843,10.930545162726503
1983,218.54420775574664,298.6784287123529,517.2226364680996,1.059741846409663,1514.3601145677064,11.838738684863529
1984,216.13469029654325,302.2370817851458,518.3717720816891,1.0468082345506051,1523.5731970708975,9.213082503191117
1985,218.52747499561326,302.9504467045176,521.4779217001309,1.0438054769311433,1532.4130940158154,8.839896944917882
1986,212.30288822600457,308.4034370412448,520.7063252672493,1.049246969643094,1540.7923976487361,8.37930363292071
1987,207.81014213019827,312.778527186872,520.5886693170703,1.040268768905054,1546.9803691314619,6.187971482725743
1988,212.7546727496052,316.78079953316467,529.5354722827699,1.0374802786999169,1555.079552592585,8.099183461123175
1989,213.67497455693982,320.55968800249383,534.2346625594337,1.0428034452743942,1564.6173431843742,9.53779059178919
1990,211.0981294964029,323.79183660072556,534.8899660971284,1.0438158204508707,1573.4851512220553,8.867808037681016
1991,210.3200561502018,335.4818104403371,545.8018665905389,1.044515988674617,1585.12501117203,11.639859949974834
1992,198.5903912967187,316.3955526293896,514.9859439261083,1.0373376907957834,1584.2206802642452,-0.9043309077849244
1993,204.7145815055273,315.00618740051794,519.7207689060452,1.0235051451726433,1582.9593595040649,-1.261320760180297
1994,209.4666853834006,322.1935623385285,531.6602477219292,1.025931824493182,1586.1653702575861,3.206010753521241
1995,208.72207755746624,309.8613907722203,518.5834683296865,1.0098251171866819,1582.2505887843529,-3.9147814732332336
1996,212.42838392700475,309.1011425162106,521.5295264432153,1.0059472571608135,1579.1562768390077,-3.0943119453452255
1997,213.7837374978066,332.86,546.6437374978066,1.0155065898427584,1586.2026399325612,7.046363093553509
1998,222.52660466748551,317.28000000000003,539.8066046674855,1.0260604213678781,1591.780346456549,5.577706523987899
1999,211.56664678013686,311.53999999999996,523.1066467801368,0.9977243350302163,1586.8687263652641,-4.911620091284931
2000,213.03076329180558,309.38,522.4107632918056,1.0,1582.6320472736304,-4.236679091633732
2001,218.326681874013,313.65,531.9766818740129,0.9976712650532031,1581.6830035746348,-0.9490436989956379
2002,215.21438848920863,324.65000000000003,539.8643884892086,0.9898186618728184,1582.223495670671,0.5404920960361324
2003,219.3222811019477,326.12,545.4422811019477,0.994865821953046,1585.3508083659874,3.1273126953165047
2004,213.74190559747325,330.53000000000003,544.2719055974733,0.9830062724148221,1585.8498799428671,0.4990715768797145
2005,210.64634497280224,334.55,545.1963449728023,0.9724656594085386,1584.8834905060266,-0.9663894368404726
2006,215.9673626952097,340.45,556.4173626952097,0.9697798027915692,1587.3048952396057,2.4214047335790383
2007,213.7502719775399,336.24,549.9902719775399,0.9645130934714374,1586.441543443342,-0.8633517962637143
2008,213.86740129847342,335.67,549.5374012984735,0.9627371565534859,1585.2303842228112,-1.211159220530817
2009,219.93302684681524,339.88,559.8130268468152,0.9682589027181607,1588.4854928969064,3.255108674095254
2010,226.5508334795578,341.18,567.7308334795578,0.9741615880697929,1594.967458168966,6.481965272059597
2011,214.3442849622741,342.69,557.0342849622741,0.9620153522297454,1595.1334558709882,0.16599770202219588
2012,208.27865941393227,348.16,556.4386594139323,0.9808702795232336,1598.21032843131,3.076872560321817
2013,214.6454746446745,348.96,563.6054746446745,0.9678609782840504,1601.1631938196376,2.9528653883276093
2014,215.03869450780837,357.09000000000003,572.1286945078084,0.9658128139938376,1606.2568026068602,5.093608787222593
2015,214.13512546060713,365.45,579.5851254606071,0.9658128139938376,1613.234569244483,6.977766637622835
2016,220.7529320933497,358.0,578.7529320933497,0.9658128139938376,1619.1324307104594,5.897861465976348
2017,215.0,360.73,575.73,0.9658128139938376,1623.3488003543441,4.216369643884718
2018,215.0,362.77000000000004,577.77,0.9658128139938376,1627.755358658493,4.406558304148803
2019,215.0,371.87,586.87,0.9658128139938376,1634.6699452125067,6.914586554013795
2020,215.0,367.56,582.56,0.9658128139938376,1639.359326467545,4.68938125503837
