,natemis,Antr+BB,Totemis,ch4lifetime_fact,Conc,Trend
1950,215.0,163.598,378.598,1.0386734286208537,1160.366952397902,
1951,215.0,178.6518045817319,393.6518045817319,1.0386734286208537,1165.3896328478274,5.022680449925474
1952,215.0,183.7517426159432,398.75174261594316,1.0386734286208537,1171.563706282357,6.174073434529646
1953,215.0,188.65843901363414,403.65843901363417,1.0386734286208537,1178.6999441381392,7.136237855782156
1954,215.0,193.14519209920383,408.1451920992038,1.0386734286208537,1186.5542424297141,7.854298291574878
1955,215.0,197.31171867296544,412.3117186729654,1.0386734286208537,1194.9421571122286,8.38791468251452
1956,215.0,203.04187309012457,418.04187309012457,1.0386734286208537,1204.3259079511572,9.383750838928563
1957,215.0,208.22496909832324,423.22496909832324,1.0386734286208537,1214.4154531755278,10.089545224370568
1958,215.0,210.34889237508935,425.34889237508935,1.0386734286208537,1224.1165927672623,9.701139591734545
1959,215.0,214.44709046362615,429.4470904636262,1.0386734286208537,1234.1282019022476,10.011609134985292
1960,215.0,218.81883565563655,433.8188356556366,1.0386734286208537,1244.5075817456495,10.37937984340192
1961,215.0,224.59797580858205,439.5979758085821,1.0273688805761167,1254.3802511958486,9.872669450199055
1962,215.0,224.56491415846932,439.5649141584693,1.0286336117988735,1263.309040789733,8.928789593884403
1963,215.0,231.44847602366914,446.4484760236692,1.0303815209511082,1273.7555559005618,10.446515110828841
1964,215.0,229.70272576816996,444.70272576816996,1.0388161109745009,1283.4716763617018,9.716120461140008
1965,215.0,233.7121636365794,448.71216363657936,1.0466500135860857,1294.381278334033,10.909601972331075
1966,215.0,235.251836915052,450.25183691505197,1.0309948094306236,1302.7719171358874,8.390638801854493
1967,215.0,239.17333671769057,454.1733367176906,1.0343317923476247,1311.9528917414113,9.180974605523943
1968,215.0,240.0700010272064,455.0700010272064,1.0390130401356572,1320.9965812297664,9.043689488355085
1969,215.0,241.81515974676304,456.815159746763,1.03733064240917,1329.4360494845275,8.439468254761096
1970,215.0,244.94654067199508,459.9465406719951,1.044520863970062,1338.8715578297526,9.435508345225116
1971,215.0,248.76207785759098,463.76207785759095,1.0311148875281522,1346.9118716509242,8.040313821171594
1972,215.0,256.04497069059664,471.04497069059664,1.0410234769727889,1357.7242721691123,10.812400518188042
1973,215.0,255.60237187520235,470.6023718752024,1.0237676802553786,1365.0487002091918,7.3244280400795105
1974,215.0,258.8376989548787,473.8376989548787,1.0255205419074267,1372.8689701003636,7.820269891171847
1975,215.0,261.71079484263964,476.71079484263964,1.0294434565934747,1381.2900304641814,8.421060363817787
1976,215.0,266.11259910976634,481.11259910976634,1.0411371895645516,1391.7422768592212,10.452246395039765
1977,215.0,269.5931488630674,484.5931488630674,1.04310064917037,1402.4690048227415,10.726727963520261
1978,215.0,272.7548380298701,487.7548380298701,1.038188476513601,1412.4592096021609,9.9902047794194
1979,215.0,276.282103452212,491.282103452212,1.0481297495588873,1423.813267230946,11.354057628785085
1980,215.0,279.7152927768357,494.7152927768357,1.054811359742319,1435.9377748386312,12.124507607685246
1981,215.0,281.48962262623303,496.48962262623303,1.0453494500609413,1446.13585548925,10.19808065061875
1982,215.0,290.3138617386215,505.3138617386215,1.0607031737894599,1460.1503996564918,14.014544167241866
1983,215.0,285.25634640067585,500.25634640067585,1.0432038431370887,1468.7044758131055,8.554076156613746
1984,215.0,288.3160050399723,503.3160050399723,1.0308940203039962,1475.6927906087863,6.988314795680708
1985,215.0,290.7718115359584,505.7718115359584,1.024425100745979,1481.8435079727913,6.150717364005004
1986,215.0,293.2029897176004,508.2029897176004,1.0354513129905416,1489.646174940784,7.802666967992764
1987,215.0,297.6636160553672,512.6636160553671,1.0403399650985459,1498.7507613229143,9.104586382130265
1988,215.0,297.990817919549,512.990817919549,1.0222870139004354,1504.4687893321097,5.71802800919545
1989,215.0,299.2419704961214,514.2419704961214,1.0267543659990674,1510.604919036451,6.136129704341329
1990,196.74772668865427,302.9738366007256,499.72156328937984,1.030736205492146,1511.8006721845002,1.195753148049107
1991,198.2364378165914,316.0443104403371,514.2807482569285,1.0498448088618946,1520.3407872806401,8.54011509613997
1992,187.79558900194488,298.3385526293896,486.1341416313345,1.0436593028024648,1517.7503295258102,-2.590457754829913
1993,189.79585223160905,298.32968740051797,488.125539632127,1.0224136274039968,1513.1326759670405,-4.617653558769689
1994,197.35571953699662,306.8975623385286,504.2532818755252,1.0257079106974367,1514.8509061243462,1.7182301573056975
1995,197.11477002867338,295.94589077222037,493.06066080089374,1.006485120188085,1509.8906225438293,-4.960283580516943
1996,209.69448889653663,293.32614251621055,503.0206314127472,1.0050644518952168,1508.582430392106,-1.308192151723233
1997,210.47768420635288,315.2255,525.703184206353,1.0260210342142024,1517.9745672846389,9.39213689253279
1998,209.4890943325314,297.786,507.2750943325314,1.0215154558941881,1519.5687851080688,1.5942178234299718
1999,218.13505086211853,290.18649999999997,508.3215508621185,0.9979967817046644,1517.8905311609303,-1.6782539471385007
2000,224.43379724003518,286.167,510.60079724003515,1.0,1517.456334257423,-0.4341969035074271
2001,209.41124316982896,293.96279999999996,503.37404316982895,1.004280591928866,1515.3062115717037,-2.150122685719225
2002,214.11349174689514,308.4886,522.6020917468952,1.0092659254714755,1520.5147775302366,5.208565958532972
2003,210.067351186169,313.4844,523.551751186169,1.0091672020984297,1525.4455016831396,4.93072415290294
2004,215.94404838269085,321.4202,537.3642483826909,1.0045178825485648,1533.7268587547737,8.281357071634147
2005,208.63713125161553,328.966,537.6031312516155,1.001520616854982,1540.7137597815422,6.986901026768464
2006,219.32569205221733,339.5914,558.9170920522174,0.9963837241195741,1553.2139653681606,12.50020558661845
2007,218.0672449705479,340.1068,558.1740449705479,1.0019042846930941,1564.9104607823897,11.696495414229048
2008,221.76288071196748,344.2622,566.0250807119675,0.9845580445936346,1575.1938593821228,10.283398599733118
2009,224.22978858618197,353.1976,577.427388586182,0.9914712628139848,1589.19344156407,13.99958218194729
2010,221.6122031167196,359.223,580.8352031167196,0.979929226472326,1600.8846972900087,11.691255725938618
2011,234.96775986419928,364.4245,599.3922598641993,0.979929226472326,1617.399435607728,16.51473831771932
2012,214.6834019506841,373.586,588.2694019506841,0.979929226472326,1628.3447227610475,10.945287153319441
2013,213.16365728260934,378.0775,591.2411572826093,0.979929226472326,1639.0293686528616,10.68464589181417
2014,219.12119513617802,389.899,609.020195136178,0.979929226472326,1654.3940727991605,15.364704146298891
2015,212.69994127272804,401.9505,614.650441272728,0.979929226472326,1669.876650367921,15.482577568760462
2016,204.5384273311009,399.27200000000005,603.810427331101,0.979929226472326,1680.001110295475,10.124459927553971
2017,216.96409157036751,406.7735,623.7375915703675,0.979929226472326,1695.581866071739,15.580755776263914
2018,218.8718073210817,413.58500000000004,632.4568073210817,0.979929226472326,1712.280390784348,16.698524712609014
2019,213.25609550943,427.4565,640.71259550943,0.979929226472326,1729.8157104918373,17.535319707489407
2020,215.0,427.918,642.918,0.979929226472326,1746.085859215092,16.27014872325458
