,natemis,Antr+BB,Totemis,ch4lifetime_fact,Conc,Trend
1950,215.0,163.17450659965715,378.17450659965715,0.9900099900099899,1154.8356552901153,
1951,215.0,179.19507276100282,394.19507276100285,0.9900099900099899,1155.2601871398497,0.4245318497344215
1952,215.0,185.26177237482784,400.26177237482784,0.9900099900099899,1157.6499529042871,2.3897657644374704
1953,215.0,191.13523035213254,406.13523035213257,0.9900099900099899,1161.7189464346393,4.068993530352145
1954,215.0,196.588745017316,411.588745017316,0.9900099900099899,1167.1382242213658,5.419277786726525
1955,215.0,201.72203317069142,416.7220331706914,0.9900099900099899,1173.6490713970193,6.510847175653453
1956,215.0,208.41894916746426,423.41894916746423,0.9900099900099899,1181.6471183489934,7.998046951974175
1957,215.0,214.5688067552767,429.5688067552767,0.9900099900099899,1190.782920443283,9.135802094289602
1958,215.0,217.6594916116566,432.65949161165656,0.9900099900099899,1199.9128700343222,9.129949591039122
1959,215.0,222.72445127980714,437.7244512798071,0.9900099900099899,1209.6927684114034,9.779898377081281
1960,215.0,228.0629580514313,443.06295805143134,0.9900099900099899,1220.1400077807198,10.447239369316321
1961,215.0,236.72050668084023,451.72050668084023,0.9832246039142591,1231.4416471611619,11.301639380442111
1962,215.0,239.56585350719098,454.565853507191,0.9828209764918625,1242.3531696113455,10.911522450183611
1963,215.0,249.3278238488543,464.32782384885434,0.9808988764044944,1255.0191171033857,12.665947492040232
1964,215.0,250.4604820698185,465.4604820698185,0.9943820224719102,1268.3314088595764,13.312291756190689
1965,215.0,257.3483284146914,472.3483284146914,0.9990958408679929,1283.02680044802,14.6953915884435
1966,215.0,261.76641016962753,476.76641016962753,0.9891500904159132,1296.2673074142745,13.240506966254543
1967,215.0,268.56631844872953,483.56631844872953,0.9945750452079567,1310.974045017553,14.706737603278498
1968,215.0,272.34139123470885,487.34139123470885,0.9936708860759491,1325.1612260323332,14.187181014780208
1969,215.0,276.9649584307289,491.9649584307289,0.9850885368126747,1338.139458407275,12.978232374941854
1970,215.0,282.9747478324244,497.9747478324244,1.0018083182640147,1353.878750776148,15.739292368873066
1971,215.0,292.39338546227265,507.39338546227265,0.9891500904159132,1369.2768558330436,15.398105056895474
1972,215.0,305.77288904383573,520.7728890438357,0.9990958408679929,1388.737587125153,19.460731292109358
1973,215.0,317.30180353705,532.30180353705,0.9850885368126747,1407.890082213535,19.15249508838201
1974,215.0,319.6737152945646,534.6737152945645,0.9898876404494381,1426.342827913614,18.45274570007905
1975,215.0,313.4687162301143,528.4687162301143,0.9963833634719712,1441.580232729355,15.237404815741002
1976,215.0,328.0681369115893,543.0681369115894,1.0081374321880652,1461.6211300829045,20.040897353549553
1977,215.0,327.50971043294277,542.5097104329427,1.0055917986952472,1478.884687608972,17.263557526067416
1978,215.0,337.29152495073333,552.2915249507333,1.015370705244123,1498.8740258968292,19.98933828785721
1979,215.0,339.2625001945196,554.2625001945196,1.011754068716094,1516.7861500869467,17.912124190117538
1980,210.94999730878948,331.9744129863428,542.9244102951322,1.014911463187325,1529.4056630916243,12.619513004677628
1981,207.46940093654123,315.6808105870111,523.1502115235523,1.011183597390494,1533.5123491512284,4.106686059604044
1982,196.9955325905592,321.2350753555989,518.2306079461581,1.0195712954333644,1536.7565806845591,3.244231533330776
1983,201.33424834490552,310.5807537196765,511.91500206458204,1.0074557315936628,1535.7629369502233,-0.9936437343358193
1984,214.1098013886646,309.44370211114114,523.5535034998057,1.0027958993476236,1538.048873132485,2.285936182261594
1985,211.68781958124762,308.5329440305821,520.2207636118297,0.9900542495479203,1537.0344215024713,-1.014451630013582
1986,211.8802949566715,311.14209539675954,523.0223903534311,1.0027958993476236,1539.0019575174952,1.9675360150238248
1987,203.0665267237203,313.06531577001317,516.1318424937335,1.0027124773960217,1538.4491019437633,-0.5528555737319039
1988,213.4200979600624,317.1635669480235,530.5836649080859,0.9953401677539611,1541.6392740112572,3.1901720674939043
1989,215.39297055815703,319.83132361261084,535.2242941707678,1.0041493775933612,1547.348063907207,5.708789895949849
1990,213.067226438452,323.79183660072556,536.8590630391775,1.007233273056058,1553.4271404358888,6.079076528681753
1991,208.59217395984714,335.4818104403371,544.0739844001843,1.0144665461121156,1562.3095679386133,8.882427502724568
1992,188.55869530114643,316.3955526293896,504.95424793053604,1.011183597390494,1556.7210331035976,-5.588534835015707
1993,202.27256580009686,315.00618740051794,517.2787532006148,1.0027958993476236,1554.582119145996,-2.138913957601517
1994,205.68900371387048,322.1935623385285,527.8825660523989,1.0009319664492078,1555.9195025834806,1.3373834374845046
1995,201.59890198611336,309.8613907722203,511.4602927583337,0.988245931283906,1549.6986917266458,-6.22081085683476
1996,211.8482157274342,309.1011425162106,520.9493582436448,0.9953401677539611,1548.4264567297093,-1.272234996936504
1997,205.35217180687872,332.86,538.2121718068787,0.9981916817359855,1553.4644020286612,5.037945298951854
1998,214.55891059798697,317.28000000000003,531.838910597987,0.9960567823343849,1555.4937972761106,2.029395247449429
1999,223.82980784756984,311.53999999999996,535.3698078475697,0.985307621671258,1556.7935421895527,1.299744913442055
2000,220.46950858496152,309.38,529.8495085849615,1.0,1558.3941225237927,1.6005803342400213
2001,217.96732870445126,313.65,531.6173287044512,0.9924026590693258,1559.2303048294177,0.8361823056250159
2002,212.04069110285803,324.65000000000003,536.6906911028581,0.9933523266856601,1561.8036159155195,2.5733110861017394
2003,215.0561386511653,326.12,541.1761386511653,0.9895536562203229,1564.9826717603953,3.1790558448758475
2004,213.89326659131277,330.53000000000003,544.4232665913128,0.9925442684063377,1569.3486230768008,4.3659513164054715
2005,205.11959739490823,334.55,539.6695973949082,0.9870129870129869,1570.7746472542465,1.4260241774456972
2006,217.5182194951289,340.45,557.9682194951289,0.986013986013986,1577.951863486142,7.1772162318955
2007,217.93524947521394,336.24,554.175249475214,0.986013986013986,1583.057644190385,5.105780704242989
2008,221.99327197373375,335.67,557.6632719737338,0.9687203791469194,1585.9265092728508,2.8688650824658453
2009,219.24247806663436,339.88,559.1224780666344,0.9696969696969695,1589.111108909234,3.1845996363831546
2010,222.65891598040798,341.18,563.838915980408,0.9658767772511849,1592.8569604570096,3.745851547775601
2011,222.8112923192852,342.69,565.5012923192852,0.9658767772511849,1596.7220997204845,3.86513926347493
2012,213.70079121588887,348.16,561.8607912158889,0.9658767772511849,1598.9353466046675,2.213246884183036
2013,225.01673932935032,348.96,573.9767393293503,0.9658767772511849,1604.9089200472254,5.973573442557836
2014,216.49168415953494,357.09000000000003,573.5816841595349,0.9658767772511849,1610.063219476513,5.154299429287676
2015,210.13999677054736,365.45,575.5899967705474,0.9658767772511849,1615.2891552688789,5.225935792365817
2016,217.28564508315839,358.0,575.2856450831584,0.9658767772511849,1619.8120291765138,4.522873907634903
2017,215.0,360.73,575.73,0.9658767772511849,1623.9609865320203,4.148957355506582
2018,215.0,362.77000000000004,577.77,0.9658767772511849,1628.3079296261806,4.346943094160224
2019,215.0,371.87,586.87,0.9658767772511849,1635.169808961012,6.861879334831428
2020,215.0,367.56,582.56,0.9658767772511849,1639.8125952661424,4.6427863051303575
