,natemis,Antr+BB,Totemis,ch4lifetime_fact,Conc,Trend
1950,215.0,145.72559245704448,360.7255924570445,1.0082976017871197,1151.1236594515142,
1951,215.0,161.1689540027448,376.16895400274484,1.008017040016338,1148.0217348117826,-3.1019246397315783
1952,215.0,166.6584490009245,381.6584490009245,1.0077364782455562,1147.0570131754764,-0.9647216363061943
1953,215.0,171.95470236258384,386.9547023625838,1.0074559164747743,1147.9275635786971,0.8705504032207045
1954,215.0,176.831012412122,391.831012412122,1.0071753547039928,1150.2896074547243,2.362043876027201
1955,215.0,181.387095949852,396.387095949852,1.0068947929332108,1153.8706247617822,3.5810173070578912
1956,215.0,187.50680733097954,402.50680733097954,1.006614231162429,1159.0540011506043,5.183376388822126
1957,215.0,193.07946030314662,408.0794603031466,1.0063336693916476,1165.4793086450998,6.425307494495428
1958,215.0,195.59294054388116,410.5929405438811,1.0060531076208656,1171.9918578244326,6.5125491793328365
1959,215.0,200.08069559638636,415.08069559638636,1.005772545850084,1179.237226537139,7.245368712706295
1960,215.0,204.8419977523652,419.84199775236516,1.0054919840793022,1187.2241832136356,7.986956676496675
1961,215.0,212.9151721685548,427.9151721685548,1.0052114223085205,1196.9694780298712,9.745294816235628
1962,215.0,215.1761447816861,430.1761447816861,1.0049308605377387,1206.3463340502294,9.376856020358218
1963,215.0,224.35374091013003,439.35374091013,1.0046502987669568,1217.6922356101413,11.345901559911908
1964,215.0,224.902024917875,439.902024917875,1.004369736996175,1227.9212639049354,10.229028294794034
1965,215.0,231.2054970495285,446.2054970495285,1.0040891752253935,1239.068622410619,11.147358505683542
1966,215.0,235.0392045912452,450.0392045912452,1.0038086134546116,1250.2110593627083,11.142436952089383
1967,215.0,241.25473865712786,456.25473865712786,1.0035280516838299,1262.1394266033974,11.928367240689113
1968,215.0,244.44543722988774,459.4454372298877,1.0032474899130481,1273.7608670030525,11.621440399655057
1969,215.0,248.48463021268853,463.48463021268856,1.0029669281422664,1285.390750071353,11.629883068300614
1970,215.0,253.9100454011647,468.91004540116467,1.0026863663714847,1297.4877778783696,12.097027807016502
1971,215.0,257.57479257777885,472.57479257777885,1.0036125027400429,1309.5680640210614,12.080286142691875
1972,215.0,264.87815496199676,479.87815496199676,1.0045386391086013,1322.8437762955812,13.27571227451972
1973,215.0,267.174414913303,482.174414913303,1.0054647754771595,1335.520868276703,12.677091981121748
1974,215.0,268.77272781252634,483.77272781252634,1.006390911845718,1347.4363290007602,11.915460724057311
1975,215.0,271.02888398583644,486.02888398583644,1.0073170482142761,1358.8954027637446,11.459073762984417
1976,215.0,275.0518357547742,490.0518357547742,1.0082431845828346,1370.537555458057,11.642152694312472
1977,215.0,277.72254164205543,492.72254164205543,1.009169320951393,1381.8951190514379,11.357563593380746
1978,215.0,279.07729251334416,494.07729251334416,1.0100954573199512,1392.5643917447787,10.669272693340872
1979,215.0,283.36524243347924,498.36524243347924,1.0110215936885096,1403.597874952317,11.033483207538211
1980,213.46581505527286,282.2371159769046,495.70293103217745,1.0119477300570678,1412.6479470596973,9.050072107380402
1981,209.98540094753466,277.5286029825358,487.51400393007043,1.0119166428840465,1417.9699063215385,5.32195926184113
1982,207.34999122653096,285.26941946839,492.619410694921,1.0118855557110251,1424.3935880829165,6.42368176137802
1983,218.54420775574664,279.04267506764637,497.586882823393,1.0118544685380038,1431.7509684756362,7.357380392719733
1984,216.13469029654325,284.0863192602393,500.2210095567825,1.0118233813649828,1439.1633141473017,7.412345671665435
1985,218.52747499561326,287.0049229958179,505.53239799143114,1.0117922941919613,1447.5138911205026,8.350576973200987
1986,212.30288822600457,290.9973934447917,503.30028167079627,1.01176120701894,1454.19260498387,6.67871386336742
1987,207.81014213019827,295.28841803933904,503.09856016953734,1.0117301198459188,1460.059325183437,5.866720199566998
1988,212.7546727496052,299.1743864512828,511.929059200888,1.0116990326728972,1468.204618624,8.14529344056291
1989,213.67497455693982,304.2999708971575,517.9749454540973,1.011667945499876,1477.4506804014127,9.246061777412706
1990,211.0981294964029,307.58244894288526,518.6805784392882,1.0116368583268547,1485.9013202206893,8.450639819276603
1991,210.3200561502018,320.3405374138564,530.6605935640582,1.009824235180017,1497.1344283924689,11.233108171779577
1992,198.5903912967187,304.1997961122732,502.79018740899187,1.0015337334334637,1496.6562491834914,-0.4781792089775081
1993,204.7145815055273,305.23302163145047,509.94760313697776,0.996844693397186,1497.9172882179555,1.2610390344641473
1994,209.4666853834006,317.2848254228341,526.7515108062347,1.0084558263903243,1506.3189161496095,8.401627931654048
1995,208.72207755746624,311.7473692430924,520.4694468005587,1.0030031148607326,1510.9005618453202,4.581645695710677
1996,212.42838392700475,313.88494695523417,526.3133308822389,1.0102506923191272,1517.9751750540001,7.074613208679921
1997,213.7837374978066,337.0204142930985,550.804151790905,1.0119030530084048,1532.642011333346,14.666836279345944
1998,222.52660466748551,317.9406473511351,540.4672520186207,0.9861864069689835,1538.3593861962536,5.717374862907491
1999,211.56664678013686,313.09385370096595,524.6605004811029,1.0063414517912073,1541.2543096510153,2.894923454761738
2000,213.03076329180558,314.79158226734603,527.8223455591516,1.0,1543.9217837873152,2.6674741362999157
2001,218.326681874013,315.2928524514628,533.6195343254758,0.99386928520895,1547.2788289119792,3.357045124663955
2002,215.21438848920863,322.1007386331392,537.3151271223478,0.9928679555766652,1551.330280911248,4.05145199926892
2003,219.3222811019477,328.4756943824689,547.7979754844166,0.9864340504659566,1557.4018995303786,6.071618619130504
2004,213.74190559747325,335.7220642725255,549.4639698699987,0.979133650893039,1562.1814589695164,4.779559439137756
2005,210.64634497280224,341.88187367125875,552.528218644061,0.9699646792990931,1565.9511148615225,3.769655892006085
2006,215.9673626952097,352.4529993712408,568.4203620664505,0.9658283605068321,1573.8760986264247,7.924983764902208
2007,213.7502719775399,349.7789386288197,563.5292106063596,0.9597038162268151,1578.2457999654132,4.369701338988534
2008,213.86740129847342,353.30974763980123,567.1771489382746,0.9643339070369527,1584.0932074245152,5.847407459101987
2009,219.93302684681524,355.2102928669951,575.1433197138103,0.9671398996221703,1592.3742681515473,8.281060727032127
2010,226.5508334795578,360.8548031390112,587.405636618569,0.9580604117459025,1602.2314188502407,9.857150698693431
2011,214.3442849622741,365.99466311704407,580.3389480793181,0.9585228838411334,1608.6833067568489,6.451887906608135
2012,208.27865941393227,372.97725290758524,581.2559123215175,0.9675752373720371,1616.2333405120469,7.550033755198001
2013,214.6454746446745,372.6442144644898,587.2896891091643,0.9662389595250078,1624.6873538492446,8.454013337197694
2014,215.03869450780837,380.3961968225409,595.4348913303493,0.96907901809612,1635.3517556943766,10.664401845132033
2015,214.13512546060713,387.4758223403408,601.610947800948,0.9707424683795629,1647.1224350712039,11.770679376827275
2016,220.7529320933497,379.4876497908962,600.2405818842459,0.952027984493153,1653.8102032165561,6.6877681453522655
2017,215.0,385.0082127080213,600.0082127080213,0.9603792558988442,1661.124386632931,7.314183416374817
2018,215.0,387.8058049137809,602.8058049137809,0.9619692714083327,1668.7995036624875,7.675117029556532
2019,215.0,394.70580491378087,609.7058049137809,0.963559286917821,1678.1548925522084,9.35538888972087
2020,215.0,388.1958049137809,603.1958049137809,0.9651493024273095,1684.5547038322109,6.3998112800024956
