,natemis,Antr+BB,Totemis,ch4lifetime_fact,Conc,Trend
1950,215.0,145.72559245704448,360.7255924570445,1.0386734286208537,1154.421848611464,
1951,215.0,161.1689540027448,376.16895400274484,1.0386734286208537,1154.2741666882562,-0.14768192320775597
1952,215.0,166.6584490009245,381.6584490009245,1.0386734286208537,1155.9685447522895,1.6943780640333443
1953,215.0,171.95470236258384,386.9547023625838,1.0386734286208537,1159.2408035273456,3.272258775056116
1954,215.0,176.831012412122,391.831012412122,1.0386734286208537,1163.7800219154262,4.539218388080599
1955,215.0,181.387095949852,396.387095949852,1.0386734286208537,1169.3421897066976,5.562167791271349
1956,215.0,187.50680733097954,402.50680733097954,1.0386734286208537,1176.3364245813204,6.994234874622862
1957,215.0,193.07946030314662,408.0794603031466,1.0386734286208537,1184.4253452851506,8.088920703830127
1958,215.0,195.59294054388116,410.5929405438811,1.0386734286208537,1192.4725495654202,8.047204280269625
1959,215.0,200.08069559638636,415.08069559638636,1.0386734286208537,1201.1392901211004,8.666740555680235
1960,215.0,204.8419977523652,419.84199775236516,1.0386734286208537,1210.4493284060195,9.310038284919074
1961,215.0,212.9151721685548,427.9151721685548,1.0273688805761167,1220.1673804578813,9.718052051861832
1962,215.0,215.1761447816861,430.1761447816861,1.0286336117988735,1229.7171726233378,9.549792165456438
1963,215.0,224.35374091013003,439.35374091013,1.0303815209511082,1241.4741440766077,11.756971453269898
1964,215.0,224.902024917875,439.902024917875,1.0388161109745009,1253.0961020147352,11.62195793812748
1965,215.0,231.2054970495285,446.2054970495285,1.0466500135860857,1266.447202128474,13.351100113738767
1966,215.0,235.0392045912452,450.0392045912452,1.0309948094306236,1277.8171169070708,11.369914778596922
1967,215.0,241.25473865712786,456.25473865712786,1.0343317923476247,1290.4077501709423,12.590633263871496
1968,215.0,244.44543722988774,459.4454372298877,1.0390130401356572,1303.2443490282897,12.836598857347326
1969,215.0,248.48463021268853,463.48463021268856,1.03733064240917,1315.8307329610514,12.586383932761692
1970,215.0,253.9100454011647,468.91004540116467,1.044520863970062,1329.7183239752328,13.887591014181453
1971,215.0,257.57479257777885,472.57479257777885,1.0311148875281522,1341.6883547840212,11.970030808788351
1972,215.0,264.87815496199676,479.87815496199676,1.0410234769727889,1356.0051630328257,14.316808248804591
1973,215.0,267.174414913303,482.174414913303,1.0237676802553786,1367.3649698788358,11.359806846010088
1974,215.0,268.77272781252634,483.77272781252634,1.0255205419074267,1378.2339441652157,10.868974286379853
1975,215.0,271.02888398583644,486.02888398583644,1.0294434565934747,1389.1667188844556,10.932774719239887
1976,215.0,275.0518357547742,490.0518357547742,1.0411371895645516,1401.7397659505693,12.573047066113759
1977,215.0,277.72254164205543,492.72254164205543,1.04310064917037,1414.0901053513435,12.350339400774146
1978,215.0,279.07729251334416,494.07729251334416,1.038188476513601,1424.9217730910418,10.831667739698332
1979,215.0,283.36524243347924,498.36524243347924,1.0481297495588873,1437.2906504654025,12.368877374360636
1980,215.0,282.2371159769046,497.2371159769046,1.054811359742319,1448.8105451627546,11.519894697352129
1981,215.0,277.5286029825358,492.5286029825358,1.0453494500609413,1456.3010206133767,7.490475450622171
1982,215.0,285.26941946839,500.26941946839,1.0607031737894599,1467.5516369449663,11.250616331589526
1983,215.0,279.04267506764637,494.04267506764637,1.0432038431370887,1473.2380438791292,5.68640693416296
1984,215.0,284.0863192602393,499.0863192602393,1.0308940203039962,1478.3248746428787,5.086830763749504
1985,215.0,287.0049229958179,502.0049229958179,1.024425100745979,1482.9345227939937,4.609648151114925
1986,215.0,290.9973934447917,505.9973934447917,1.0354513129905416,1489.8849296002486,6.950406806254932
1987,215.0,295.28841803933904,510.28841803933904,1.0403399650985459,1498.1734890904327,8.28855949018407
1988,215.0,299.1743864512828,514.1743864512828,1.0222870139004354,1504.348382648998,6.174893558565373
1989,215.0,304.2999708971575,519.2999708971574,1.0267543659990674,1512.1792440852723,7.83086143627429
1990,207.13777445155313,307.58244894288526,514.7202233944383,1.030736205492146,1518.190356188941,6.011112103668665
1991,206.4189161040385,320.3405374138564,526.7594535178948,1.0498448088618946,1530.19625724787,12.005901058929112
1992,194.53550769894048,304.1997961122732,498.73530381121367,1.0436593028024648,1530.7331551076065,0.5368978597364276
1993,199.9311640200513,305.23302163145047,505.1641856515018,1.0224136274039968,1530.3514985619854,-0.3816565456211265
1994,202.9940352402028,317.2848254228341,520.2788606630369,1.0257079106974367,1535.5091657862954,5.157667224309989
1995,197.44693511447778,311.7473692430924,509.1943043575702,1.006485120188085,1533.6063754776685,-1.9027903086268907
1996,207.20103192719466,313.88494695523417,521.0859788824289,1.0050644518952168,1535.65319352505,2.046818047381521
1997,217.73968242650653,337.0204142930985,554.760096719605,1.0260210342142024,1551.7374765606635,16.084283035613453
1998,212.1138313815474,317.9406473511351,530.0544787326826,1.0215154558941881,1557.1882187805359,5.450742219872382
1999,216.99656031183122,313.09385370096595,530.0904140127972,0.9979967817046644,1558.5174540925182,1.329235311982302
2000,224.30553653458136,314.79158226734603,539.0971188019274,1.0,1562.995302506429,4.477848413910806
2001,212.51997324232056,315.2928524514628,527.8128256937833,1.004280591928866,1563.8798056358391,0.8845031294101773
2002,212.1704320233259,322.1007386331392,534.2711706564651,1.0092659254714755,1567.5669088926008,3.687103256761702
2003,211.94485638005466,328.4756943824689,540.4205507625236,1.0091672020984297,1572.8719524263238,5.305043533722937
2004,211.43839792487432,335.7220642725255,547.1604621973997,1.0045178825485648,1579.1158786728874,6.24392624656366
2005,214.9095743035305,341.88187367125875,556.7914479747892,1.001520616854982,1587.3981346611738,8.282255988286352
2006,211.9578219242644,352.4529993712408,564.4108212955052,0.9963837241195741,1596.4790427530795,9.080908091905712
2007,220.7534076670482,349.7789386288197,570.5323462958679,1.0019042846930941,1607.4422176445435,10.96317489146395
2008,226.26119336847543,353.30974763980123,579.5709410082767,0.9845580445936346,1617.39542577271,9.95320812816658
2009,227.79548429501534,355.2102928669951,583.0057771620104,0.9914712628139848,1628.4873888035875,11.091963030877423
2010,222.70559512358187,360.8548031390112,583.560398262593,0.979929226472326,1636.6083696508792,8.120980847291776
2011,231.1165900907369,365.99466311704407,597.1112532077809,0.979929226472326,1648.2989846892392,11.690615038359965
2012,214.23806968250926,372.97725290758524,587.2153225900945,0.979929226472326,1655.376362843778,7.077378154538792
2013,219.16898297119255,372.6442144644898,591.8131974356824,0.979929226472326,1663.1728338862,7.796471042421899
2014,228.10570225698547,380.3961968225409,608.5018990795263,0.979929226472326,1675.6165951933413,12.443761307141358
2015,219.00148484941846,387.4758223403408,606.4773071897592,0.979929226472326,1685.9719930972155,10.355397903874291
2016,213.7915772904531,379.4876497908962,593.2792270813493,0.979929226472326,1690.7709861640226,4.798993066807043
2017,220.463654903922,385.0082127080213,605.4718676119433,0.979929226472326,1699.067395414416,8.29640925039348
2018,222.41348146598264,387.8058049137809,610.2192863797635,0.979929226472326,1707.993693345123,8.926297930706824
2019,219.24138085349597,394.70580491378087,613.9471857672768,0.979929226472326,1717.1400225729446,9.146329227821752
2020,215.0,388.1958049137809,603.1958049137809,0.979929226472326,1721.6790936443822,4.539071071437547
