,natemis,Antr+BB,Totemis,ch4lifetime_fact,Conc,Trend
1950,215.0,145.72559245704448,360.7255924570445,0.9900099900099899,1149.0454326361646,
1951,215.0,161.1689540027448,376.16895400274484,0.9900099900099899,1144.1419375205667,-4.903495115597934
1952,215.0,166.6584490009245,381.6584490009245,0.9900099900099899,1141.6136886540237,-2.528248866542981
1953,215.0,171.95470236258384,386.9547023625838,0.9900099900099899,1141.1283881991324,-0.48530045489133045
1954,215.0,176.831012412122,391.831012412122,0.9900099900099899,1142.3160274357112,1.1876392365788888
1955,215.0,181.387095949852,396.387095949852,0.9900099900099899,1144.8814626777623,2.5654352420510804
1956,215.0,187.50680733097954,402.50680733097954,0.9900099900099899,1149.1880084228967,4.306545745134372
1957,215.0,193.07946030314662,408.0794603031466,0.9900099900099899,1154.8575527134337,5.669544290537033
1958,215.0,195.59294054388116,410.5929405438811,0.9900099900099899,1160.721057211595,5.863504498161319
1959,215.0,200.08069559638636,415.08069559638636,0.9900099900099899,1167.4117637199993,6.690706508404219
1960,215.0,204.8419977523652,419.84199775236516,0.9900099900099899,1174.9270519955214,7.515288275522153
1961,215.0,212.9151721685548,427.9151721685548,0.9832246039142591,1183.4657720440546,8.53872004853315
1962,215.0,215.1761447816861,430.1761447816861,0.9828209764918625,1191.7362704477027,8.270498403648162
1963,215.0,224.35374091013003,439.35374091013,0.9808988764044944,1201.8774917953524,10.141221347649662
1964,215.0,224.902024917875,439.902024917875,0.9943820224719102,1212.6846228234303,10.807131028077947
1965,215.0,231.2054970495285,446.2054970495285,0.9990958408679929,1224.9361868304165,12.2515640069862
1966,215.0,235.0392045912452,450.0392045912452,0.9891500904159132,1235.8713010086258,10.935114178209233
1967,215.0,241.25473865712786,456.25473865712786,0.9945750452079567,1248.3058769926836,12.434575984057801
1968,215.0,244.44543722988774,459.4454372298877,0.9936708860759491,1260.2882258608865,11.982348868202962
1969,215.0,248.48463021268853,463.48463021268856,0.9850885368126747,1271.1726309429355,10.884405082048943
1970,215.0,253.9100454011647,468.91004540116467,1.0018083182640147,1284.7483829929836,13.575752050048095
1971,215.0,257.57479257777885,472.57479257777885,0.9891500904159132,1296.4035001314737,11.65511713849014
1972,215.0,264.87815496199676,479.87815496199676,0.9990958408679929,1310.4531624006204,14.049662269146665
1973,215.0,267.174414913303,482.174414913303,0.9850885368126747,1321.8507952158138,11.397632815193447
1974,215.0,268.77272781252634,483.77272781252634,0.9898876404494381,1333.1278379095265,11.277042693712701
1975,215.0,271.02888398583644,486.02888398583644,0.9963833634719712,1344.7460192922103,11.618181382683815
1976,215.0,275.0518357547742,490.0518357547742,1.0081374321880652,1357.9479583673826,13.201939075172277
1977,215.0,277.72254164205543,492.72254164205543,1.0055917986952472,1370.2319717237065,12.28401335632384
1978,215.0,279.07729251334416,494.07729251334416,1.015370705244123,1382.8922846621113,12.660312938404786
1979,215.0,283.36524243347924,498.36524243347924,1.011754068716094,1395.0967592210025,12.204474558891206
1980,215.0,282.2371159769046,497.2371159769046,1.014911463187325,1405.9963451207252,10.899585899722751
1981,215.0,277.5286029825358,492.5286029825358,1.011183597390494,1413.6224607246327,7.626115603907465
1982,215.0,285.26941946839,500.26941946839,1.0195712954333644,1424.1085596329913,10.4860989083586
1983,215.0,279.04267506764637,494.04267506764637,1.0074557315936628,1429.714968229694,5.6064085967027495
1984,215.0,284.0863192602393,499.0863192602393,1.0027958993476236,1435.7232689979692,6.008300768275149
1985,215.0,287.0049229958179,502.0049229958179,0.9900542495479203,1440.2165421965287,4.493273198559564
1986,215.0,290.9973934447917,505.9973934447917,1.0027958993476236,1447.3465575013552,7.130015304826429
1987,215.0,295.28841803933904,510.28841803933904,1.0027124773960217,1455.0930980158041,7.746540514448952
1988,215.0,299.1743864512828,514.1743864512828,0.9953401677539611,1462.2060149069332,7.112916891129089
1989,215.0,304.2999708971575,519.2999708971574,1.0041493775933612,1471.4904519565803,9.284437049647067
1990,196.74772668865427,307.58244894288526,504.33017563153953,1.007233273056058,1475.2090495875907,3.718597631010425
1991,198.2364378165914,320.3405374138564,518.5769752304478,1.0144665461121156,1484.2749019978473,9.065852410256639
1992,187.79558900194488,304.1997961122732,491.99538511421804,1.011183597390494,1483.0391480277651,-1.2357539700822144
1993,189.79585223160905,305.23302163145047,495.0288738630595,1.0027958993476236,1481.7431810490787,-1.2959669786864652
1994,197.35571953699662,317.2848254228341,514.6405449598308,1.0009319664492078,1486.8333960785735,5.090215029494857
1995,197.11477002867338,311.7473692430924,508.8621392717658,0.988245931283906,1487.5620463914202,0.7286503128466393
1996,209.69448889653663,313.88494695523417,523.5794358517708,0.9953401677539611,1494.1471701821515,6.585123790731359
1997,210.47768420635288,337.0204142930985,547.4980984994513,0.9981916817359855,1508.3546054618103,14.207435279658739
1998,209.4890943325314,317.9406473511351,527.4297416836665,0.9960567823343849,1513.9878801645527,5.633274702742483
1999,218.13505086211853,313.09385370096595,531.2289045630845,0.985307621671258,1518.6184854023152,4.630605237762438
2000,224.43379724003518,314.79158226734603,539.2253795073811,1.0,1527.6064138785957,8.987928476280558
2001,209.41124316982896,315.2928524514628,524.7040956212918,0.9924026590693258,1529.6173339931656,2.010920114569899
2002,214.11349174689514,322.1007386331392,536.2142303800343,0.9933523266856601,1535.3666058418548,5.7492718486892045
2003,210.067351186169,328.4756943824689,538.5430455686378,0.9895536562203229,1540.6578805366562,5.291274694801359
2004,215.94404838269085,335.7220642725255,551.6661126552164,0.9925442684063377,1550.1681518421904,9.510271305534161
2005,208.63713125161553,341.88187367125875,550.5190049228743,0.9870129870129869,1557.3648353014435,7.196683459253109
2006,219.32569205221733,352.4529993712408,571.7786914234582,0.986013986013986,1570.6430229025148,13.278187601071295
2007,218.0672449705479,349.7789386288197,567.8461835993676,0.986013986013986,1581.1123543433064,10.46933144079162
2008,221.76288071196748,353.30974763980123,575.0726283517687,0.9687203791469194,1589.9753893443774,8.863035001071012
2009,224.22978858618197,355.2102928669951,579.4400814531771,0.9696969696969695,1599.4298376872123,9.454448342834894
2010,221.6122031167196,360.8548031390112,582.4670062557308,0.9658767772511849,1608.1602014956563,8.730363808444054
2011,234.96775986419928,365.99466311704407,600.9624229812433,0.9658767772511849,1622.014138873338,13.853937377681632
2012,214.6834019506841,372.97725290758524,587.6606548582694,0.9658767772511849,1629.8632978437101,7.849158970372173
2013,213.16365728260934,372.6442144644898,585.8078717470992,0.9658767772511849,1636.1939471608491,6.3306493171389775
2014,219.12119513617802,380.3961968225409,599.5173919587189,0.9658767772511849,1646.3385936006935,10.144646439844337
2015,212.69994127272804,387.4758223403408,600.1757636130689,0.9658767772511849,1655.5324416838746,9.193848083181138
2016,204.5384273311009,379.4876497908962,584.0260771219971,0.9658767772511849,1658.3146710974645,2.782229413589903
2017,216.96409157036751,385.0082127080213,601.9723042783888,0.9658767772511849,1666.7238831767006,8.409212079236113
2018,218.8718073210817,387.8058049137809,606.6776122348626,0.9658767772511849,1675.7234759058692,8.999592729168626
2019,213.25609550943,394.70580491378087,607.9619004232109,0.9658767772511849,1684.111653280735,8.38817737486579
2020,215.0,388.1958049137809,603.1958049137809,0.9658767772511849,1689.9537036202557,5.842050339520711
