,natemis,Antr+BB,Totemis,ch4lifetime_fact,Conc,Trend
1950,215.0,163.17450659965715,378.17450659965715,1.0488608866700293,1161.294311058155,
1951,215.0,179.19507276100282,394.19507276100285,1.0455466626386185,1167.1222295352352,5.827918477080175
1952,215.0,185.26177237482784,400.26177237482784,1.0435105097854591,1174.1247407581436,7.002511222908424
1953,215.0,191.13523035213254,406.13523035213257,1.0405455939203825,1182.0077815994678,7.883040841324146
1954,215.0,196.588745017316,411.588745017316,1.044295794488673,1191.2539532507874,9.246171651319628
1955,215.0,201.72203317069142,416.7220331706914,1.037508489961066,1200.4716785265605,9.217725275773091
1956,215.0,208.41894916746426,423.41894916746423,1.028116236302615,1209.8713680628928,9.39968953633229
1957,215.0,214.5688067552767,429.5688067552767,1.0421601616543277,1221.8548212286041,11.983453165711353
1958,215.0,217.6594916116566,432.65949161165656,1.048657602665344,1234.2884301684635,12.433608939859369
1959,215.0,222.72445127980714,437.7244512798071,1.036391182649435,1245.690843395353,11.402413226889621
1960,215.0,228.0629580514313,443.06295805143134,1.0366828171259594,1257.6626824749342,11.97183907958106
1961,215.0,236.72050668084023,451.72050668084023,1.0360169714873653,1271.1357318642386,13.473049389304379
1962,215.0,239.56585350719098,454.565853507191,1.0483804322861743,1285.5220200628817,14.386288198643115
1963,215.0,249.3278238488543,464.32782384885434,1.0443546910580446,1301.1394637587066,15.617443695824932
1964,215.0,250.4604820698185,465.4604820698185,1.0448466365780047,1315.5046521018362,14.365188343129603
1965,215.0,257.3483284146914,472.3483284146914,1.0416887487729276,1330.2324900993726,14.727837997536426
1966,215.0,261.76641016962753,476.76641016962753,1.045021997433171,1345.2389616084706,15.006471509097992
1967,215.0,268.56631844872953,483.56631844872953,1.0453696087467055,1360.9300924814368,15.691130872966141
1968,215.0,272.34139123470885,487.34139123470885,1.0399298066040126,1375.5094795543569,14.579387072920099
1969,215.0,276.9649584307289,491.9649584307289,1.044521823964872,1390.621903439473,15.112423885116186
1970,215.0,282.9747478324244,497.9747478324244,1.0439258467327728,1406.0263141755095,15.404410736036425
1971,215.0,292.39338546227265,507.39338546227265,1.0436193741341604,1422.860611025109,16.83429684959947
1972,215.0,305.77288904383573,520.7728890438357,1.0520906785217377,1443.415455513963,20.554844488854087
1973,215.0,317.30180353705,532.30180353705,1.0403958536106162,1464.0707260022175,20.655270488254473
1974,215.0,319.6737152945646,534.6737152945645,1.035825630675854,1482.6615457180662,18.59081971584874
1975,215.0,313.4687162301143,528.4687162301143,1.0405937531705223,1497.8153332304837,15.153787512417466
1976,215.0,328.0681369115893,543.0681369115894,1.0471224324819541,1517.073068033316,19.257734802832374
1977,215.0,327.50971043294277,542.5097104329427,1.0411935162013237,1533.2523657581837,16.179297724867638
1978,215.0,337.29152495073333,552.2915249507333,1.039175143440748,1550.6504704212598,17.398104663076083
1979,215.0,339.2625001945196,554.2625001945196,1.0376285224625028,1566.5968933335057,15.946422912245907
1980,215.0,331.9744129863428,546.9744129863428,1.046993032958082,1579.7217614127708,13.12486807926507
1981,215.0,315.6808105870111,530.6808105870111,1.057235362607005,1587.452251153546,7.730489740775283
1982,215.0,321.2350753555989,536.2350753555988,1.0571718977688278,1596.1962503077114,8.743999154165294
1983,215.0,310.5807537196765,525.5807537196765,1.059741846409663,1600.8190991401705,4.622848832459113
1984,215.0,309.44370211114114,524.4437021111412,1.0468082345506051,1602.730351994096,1.911252853925589
1985,215.0,308.5329440305821,523.532944030582,1.0438054769311433,1603.6987234256653,0.9683714315692669
1986,215.0,311.14209539675954,526.1420953967595,1.049246969643094,1606.2154759240211,2.5167524983557996
1987,215.0,313.06531577001317,528.0653157700132,1.040268768905054,1607.7999805669026,1.584504642881484
1988,215.0,317.1635669480235,532.1635669480236,1.0374802786999169,1610.1669719109143,2.3669913440116943
1989,215.0,319.83132361261084,534.8313236126108,1.0428034452743942,1613.9447357983809,3.7777638874665627
1990,195.859372138931,323.79183660072556,519.6512087396566,1.0438158204508707,1612.4110297056511,-1.5337060927297443
1991,196.4677865234781,335.4818104403371,531.9495969638152,1.044515988674617,1615.2370446511131,2.8260149454620205
1992,186.22954503459533,316.3955526293896,502.62509766398495,1.0373376907957834,1606.9500404188523,-8.28700423226087
1993,187.33483185418655,315.00618740051794,502.3410192547045,1.0235051451726433,1597.415038047504,-9.535002371348355
1994,194.24032411385,322.1935623385285,516.4338864523785,1.025931824493182,1593.974460795552,-3.440577251951936
1995,196.26542045954338,309.8613907722203,506.12681123176367,1.0098251171866819,1585.0545415153383,-8.919919280213662
1996,208.3748607752008,309.1011425162106,517.4760032914114,1.0059472571608135,1580.3015896159025,-4.752951899435857
1997,210.57397740266572,332.86,543.4339774026657,1.0155065898427584,1586.1548286428465,5.853239026944038
1998,209.1911838875435,317.28000000000003,526.4711838875435,1.0260604213678781,1587.304543141674,1.1497144988275068
1999,217.52201870655188,311.53999999999996,529.0620187065518,0.9977243350302163,1584.8720340633563,-2.4325090783177075
2000,223.5473177914537,309.38,532.9273177914537,1.0,1584.3505215368095,-0.5215125265467577
2001,208.76739978844725,313.65,522.4173997884473,0.9976712650532031,1580.0352941581812,-4.315227378628379
2002,212.5426383460839,324.65000000000003,537.1926383460839,0.9898186618728184,1579.875266681969,-0.16002747621223534
2003,209.4704631541179,326.12,535.590463154118,0.994865821953046,1579.996595796036,0.12132911406706626
2004,218.0441344921813,330.53000000000003,548.5741344921813,0.9830062724148221,1582.5308553631055,2.534259567069512
2005,209.43411713475498,334.55,543.984117134755,0.9724656594085386,1581.542887973814,-0.987967389291498
2006,219.66477835127023,340.45,560.1147783512702,0.9697798027915692,1585.5735810585543,4.030693084740278
2007,218.52915094169083,336.24,554.7691509416909,0.9645130934714374,1586.4936229455377,0.9200418869834266
2008,220.73970219562665,335.67,556.4097021956267,0.9627371565534859,1587.553613196835,1.0599902512972221
2009,225.16131562752406,339.88,565.041315627524,0.9682589027181607,1592.2744964302433,4.720883233408358
2010,222.0698885088719,341.18,563.2498885088719,0.9741615880697929,1596.837218736498,4.562722306254727
2011,236.78903992011058,342.69,579.4790399201106,0.9620153522297454,1604.2239156543465,7.38669691784844
2012,215.0776771228679,348.16,563.2376771228679,0.9808702795232336,1608.5216369829125,4.297721328566013
2013,213.66667097656892,348.96,562.6266709765689,0.9678609782840504,1609.9639026892096,1.4422657062971211
2014,220.38733015363204,357.09000000000003,577.477330153632,0.9658128139938376,1615.8159234238044,5.8520207345948165
2015,214.02416939645465,365.45,579.4741693964546,0.9658128139938376,1621.6553388358209,5.8394154120164785
2016,204.99377754132416,358.0,562.9937775413241,0.9658128139938376,1621.360057006691,-0.29528182912986267
2017,218.8150981385997,360.73,579.5450981385998,0.9658128139938376,1626.584081006015,5.22402399932389
2018,219.12510429468114,362.77000000000004,581.8951042946812,0.9658128139938376,1631.9849122669193,5.400831260904397
2019,214.5585473649176,371.87,586.4285473649176,0.9658128139938376,1638.2657892399593,6.2808769730399945
2020,215.0,367.56,582.56,0.9658128139938376,1642.5407906350245,4.275001395065146
