,natemis,Antr+BB,Totemis,ch4lifetime_fact,Conc,Trend
1950,215.0,165.44423622518232,380.4442362251823,1.0082976017871197,1157.67318869783,
1951,215.0,181.5398843317661,396.5398843317661,1.008017040016338,1160.6088225914166,2.935633893586555
1952,215.0,187.68166589082924,402.6816658908292,1.0077364782455562,1165.2263094274156,4.617486835998989
1953,215.0,193.63020581337207,408.6302058133721,1.0074559164747743,1171.274076867054,6.047767439638392
1954,215.0,199.15880242379365,414.15880242379365,1.0071753547039928,1178.4531342181533,7.179057351099345
1955,215.0,204.36717252240715,419.36717252240715,1.0068947929332108,1186.5307936690967,8.077659450943429
1956,215.0,211.13917046441813,426.13917046441816,1.006614231162429,1195.9258647699612,9.39507110086447
1957,215.0,217.36410999746863,432.36410999746863,1.0063336693916476,1206.3094220919027,10.383557321941453
1958,215.0,220.52987679908665,435.52987679908665,1.0060531076208656,1216.5547906919749,10.245368600072197
1959,215.0,225.6699184124753,440.66991841247534,1.005772545850084,1227.3324603237604,10.777669631785557
1960,215.0,231.08350712933756,446.0835071293376,1.0054919840793022,1238.6733517206646,11.340891396904226
1961,215.0,239.81707031491294,454.81707031491294,1.0052114223085205,1251.616603609818,12.943251889153316
1962,215.0,242.73843169743012,457.7384316974301,1.0049308605377387,1264.0526537262863,12.436050116468323
1963,215.0,252.57641659525984,467.57641659525984,1.0046502987669568,1278.3342928104748,14.281639084188555
1964,215.0,253.78508937239053,468.78508937239053,1.004369736996175,1291.3892113384445,13.054918527969676
1965,215.0,260.7489502734299,475.7489502734299,1.0040891752253935,1305.264712765485,13.87550142704049
1966,215.0,265.2430465845324,480.2430465845324,1.0038086134546116,1319.0483030796215,13.783590314136518
1967,215.0,272.1189694198009,487.1189694198009,1.0035280516838299,1333.5403982630678,14.492095183446281
1968,215.0,275.9700567619466,490.9700567619466,1.0032474899130481,1347.656643903558,14.116245640490206
1969,215.0,280.66963851413317,495.66963851413317,1.0029669281422664,1361.7199683826957,14.063324479137691
1970,215.0,286.7554424719951,501.7554424719951,1.0026863663714847,1376.1957933739352,14.475824991239506
1971,215.0,296.29479715759095,511.29479715759095,1.0036125027400429,1392.3471114783565,16.151318104421307
1972,215.0,309.7925504905967,524.7925504905967,1.0045386391086013,1411.3040888357457,18.956977357389178
1973,215.0,321.5097804752024,536.5097804752024,1.0054647754771595,1432.1656138382325,20.861525002486815
1974,215.0,323.90781625487864,538.9078162548786,1.006390911845718,1451.627843141866,19.46222930363342
1975,215.0,317.6599241426396,532.6599241426396,1.0073170482142761,1466.9782996966717,15.35045655480576
1976,215.0,332.4310155097663,547.4310155097663,1.0082431845828346,1485.6585523547974,18.68025265812571
1977,215.0,331.86937666306744,546.8693766630674,1.009169320951393,1502.2084035881132,16.54985123331585
1978,215.0,341.8147800298701,556.8147800298701,1.0100954573199512,1520.3575389191167,18.149135331003436
1979,215.0,343.8016532522121,558.8016532522121,1.0110215936885096,1537.2875743322668,16.930035413150108
1980,213.46581505527286,336.43435957683573,549.9001746321086,1.0119477300570678,1549.519333711797,12.231759379530104
1981,209.98540094753466,319.944026226233,529.9294271737676,1.0119166428840465,1553.7557607634053,4.236427051608416
1982,207.34999122653096,325.4862880386215,532.8362792651525,1.0118855557110251,1558.4834916586271,4.727730895221839
1983,218.54420775574664,314.78340390067586,533.3276116564225,1.0118544685380038,1562.8455652072953,4.36207354866815
1984,216.13469029654325,313.6218524399723,529.7565427365156,1.0118233813649828,1565.5329403305325,2.6873751232371887
1985,218.52747499561326,312.6892946359584,531.2167696315717,1.0117922941919613,1568.40273821611,2.8697978855775546
1986,212.30288822600457,315.3279750176004,527.630863243605,1.01176120701894,1569.7583532465164,1.3556150304063976
1987,207.81014213019827,317.2485140553672,525.0586561855655,1.0117301198459188,1570.1044483033759,0.34609505685943986
1988,212.7546727496052,321.411691319549,534.1663640691542,1.0116990326728972,1573.4331072951743,3.32865899179842
1989,213.67497455693982,324.1105786961214,537.7855532530613,1.011667945499876,1577.5902302221293,4.157122926955026
1990,211.0981294964029,328.0908796007256,539.1890090971285,1.0116368583268547,1581.7478363234848,4.157606101355441
1991,210.3200561502018,341.6898806403371,552.0099367905389,1.009824235180017,1589.4269954886606,7.679159165175861
1992,198.5903912967187,321.75928362938964,520.3496749261084,1.0015337334334637,1584.4582455896586,-4.968749899001978
1993,204.7145815055273,320.736322800518,525.4509043060452,0.996844693397186,1581.0087839666285,-3.4494616230301745
1994,209.4666853834006,332.26831963852857,541.7350050219292,1.0084558263903243,1585.1479086725483,4.139124705919812
1995,208.72207755746624,324.2177472722203,532.9398248296866,1.0030031148607326,1585.0658085952368,-0.08210007731145197
1996,212.42838392700475,327.5188030162106,539.9471869432153,1.0102506923191272,1588.434687132131,3.3688785368942717
1997,213.7837374978066,350.5117382000001,564.2954756978068,1.0119030530084048,1599.7708109546863,11.336123822555237
1998,222.52660466748551,330.2514803,552.7780849674855,0.9861864069689835,1601.9692367592427,2.1984258045563365
1999,211.56664678013686,321.97082819999997,533.5374749801368,1.0063414517912073,1600.727030746344,-1.2422060128985777
2000,213.03076329180558,321.0746415,534.1054047918055,1.0,1598.8213668910425,-1.9056638553015546
2001,218.326681874013,322.0038254,540.3305072740129,0.99386928520895,1598.2273831001182,-0.5939837909243124
2002,215.21438848920863,329.2447249,544.4591133892086,0.9928679555766652,1598.911274936307,0.6838918361888773
2003,219.3222811019477,336.95281180000006,556.2750929019478,0.9864340504659566,1602.407261149125,3.4959862128177974
2004,213.74190559747325,346.8821553,560.6240608974733,0.979133650893039,1605.760166493255,3.352905344130022
2005,210.64634497280224,351.53041470000005,562.1767596728023,0.9699646792990931,1607.7240284325026,1.9638619392476357
2006,215.9673626952097,361.5815305,577.5488931952096,0.9658283605068321,1613.8605180080765,6.136489575573933
2007,213.7502719775399,357.22785230000005,570.97812427754,0.9597038162268151,1616.0660101338774,2.2054921258009017
2008,213.86740129847342,358.4336323,572.3010335984734,0.9643339070369527,1619.2475075582818,3.1814974244043697
2009,219.93302684681524,359.7836666,579.7166934468153,0.9671398996221703,1624.9978140610563,5.750306502774492
2010,226.5508334795578,365.82240210000003,592.3732355795578,0.9580604117459025,1632.7159049449297,7.718090883873401
2011,214.3442849622741,367.0318972,581.3761821622741,0.9585228838411334,1635.9763019537809,3.260397008851214
2012,208.27865941393227,370.96316160000003,579.2418210139323,0.9675752373720371,1639.7183200366705,3.742018082889672
2013,214.6454746446745,370.2459324,584.8914070446745,0.9662389595250078,1644.6721128646561,4.9537928279855805
2014,215.03869450780837,377.00284780000004,592.0415423078084,0.96907901809612,1651.9151376819736,7.243024817317519
2015,214.13512546060713,381.5206772,595.6558026606072,0.9707424683795629,1659.8109796147744,7.895841932800749
2016,220.7529320933497,369.4090335000001,590.1619655933498,0.952027984493153,1661.6814165974404,1.8704369826659786
2017,215.0,370.1151464,585.1151464,0.9603792558988442,1663.1500439474557,1.4686273500153675
2018,215.0,373.18654800000013,588.1865480000001,0.9619692714083327,1665.747005293232,2.596961345776208
2019,215.0,381.5144058,596.5144058000001,0.963559286917821,1671.083615492954,5.336610199722145
2020,215.0,375.00440580000003,590.0044058000001,0.9651493024273095,1673.9271677195939,2.8435522266397584
