,natemis,Antr+BB,Totemis,ch4lifetime_fact,Conc,Trend
1950,215.0,140.0104525128931,355.0104525128931,1.0,1148.2921671265242,
1951,215.0,155.2647590189582,370.2647590189582,1.0,1142.6490757852414,-5.643091341282798
1952,215.0,160.56519897750266,375.56519897750263,1.0,1139.3976392869768,-3.2514364982646384
1953,215.0,165.67239729952678,380.6723972995268,1.0,1138.2059054457936,-1.1917338411831224
1954,215.0,170.3596523094297,385.3596523094297,1.0,1138.703823714394,0.4979182686004151
1955,215.0,174.7266808075245,389.72668080752453,1.0,1140.595885116149,1.8920614017549724
1956,215.0,180.6573371490168,395.6573371490168,1.0,1144.2451265094755,3.6492413933265198
1957,215.0,186.04093508154867,401.0409350815487,1.0,1149.2731674507006,5.028040941225072
1958,215.0,188.36536028264797,403.365360282648,1.0,1154.509948900656,5.236781449955288
1959,215.0,192.664060295518,407.66406029551797,1.0,1160.5875762235828,6.077627322926901
1960,215.0,197.23630741186156,412.23630741186156,1.0,1167.5027199722417,6.91514374865892
1961,215.0,205.11807849022705,420.11807849022705,1.0,1176.260396798183,8.75767682594119
1962,215.0,207.1876477655343,422.1876477655343,1.0,1184.7245913836991,8.464194585516225
1963,215.0,216.17384055615415,431.1738405561541,1.0,1195.2245500359925,10.499958652293344
1964,215.0,216.530721226075,431.530721226075,1.0,1204.6673138021704,9.442763766177904
1965,215.0,222.6427900199044,437.6427900199044,1.0,1215.082034424504,10.414720622333562
1966,215.0,226.28509422379705,441.28509422379705,1.0,1225.5398962590723,10.457861834568348
1967,215.0,232.3092249518556,447.30922495185564,1.0,1236.8268579188905,11.28696165981819
1968,215.0,235.30852018679144,450.30852018679144,1.0,1247.8458106543333,11.018952735442781
1969,215.0,239.15630983176808,454.1563098317681,1.0,1258.9084717277492,11.062661073415939
1970,215.0,244.39032168242014,459.3903216824201,1.0,1270.4701861127298,11.561714384980633
1971,215.0,249.2500236569801,464.2500236569801,1.0,1282.3508002482222,11.880614135492351
1972,215.0,257.1728277174416,472.1728277174416,1.0,1295.5315859934315,13.180785745209278
1973,215.0,260.25257580258824,475.25257580258824,1.0,1308.2590220299608,12.727436036529298
1974,215.0,261.75608614159665,476.75608614159665,1.0,1320.0605440450217,11.801522015060982
1975,215.0,262.9879199985267,477.9879199985267,1.0,1330.949627649278,10.889083604256257
1976,215.0,269.88077697352765,484.88077697352765,1.0,1342.9079524898002,11.95832484052221
1977,215.0,273.963154930751,488.963154930751,1.0,1354.8826895266109,11.974737036810666
1978,215.0,276.2604287421843,491.2604287421843,1.0,1366.2793294646717,11.396639938060844
1979,215.0,281.5334355614996,496.5334355614996,1.0,1378.1505737293603,11.871244264688585
1980,215.0,283.2799933041633,498.2799933041633,1.0,1389.2724660114977,11.121892282137424
1981,215.0,279.7228833024812,494.7228833024812,1.0,1397.9680430947417,8.695577083243961
1982,215.0,287.61463066683257,502.61463066683257,1.0,1408.3101099661012,10.34206687135952
1983,215.0,281.5577046073275,496.5577046073275,1.0,1415.48321606544,7.173106099338838
1984,215.0,284.9536362831875,499.9536362831875,1.0,1422.9806296355312,7.497413570091112
1985,215.0,285.63759742417085,500.63759742417085,1.0,1429.8656377903958,6.885008154864636
1986,215.0,290.77781253724584,505.77781253724584,1.0,1437.686330558982,7.820692768586241
1987,215.0,295.02494838641707,510.02494838641707,1.0,1446.041428288314,8.355097729331874
1988,215.0,298.6755905767461,513.6755905767461,1.0,1454.6730519484772,8.631623660163314
1989,215.0,302.17109081824873,517.1710908182488,1.0,1463.4987302622226,8.825678313745357
1990,196.74772668865427,305.2999200711051,502.04764675975935,1.0,1466.315067634896,2.816337372673388
1991,198.2364378165914,318.81183287573293,517.0482706923243,1.0,1473.7964094420236,7.481341807127592
1992,187.79558900194488,299.49068782266335,487.2862768246082,1.0,1470.5587976789595,-3.2376117630640238
1993,189.79585223160905,299.5481852918242,489.34403752343326,1.0,1468.3668982121233,-2.1918994668362757
1994,197.35571953699662,310.39650696329267,507.7522265002893,1.0,1472.5321206830442,4.16522247092098
1995,197.11477002867338,305.56039716107193,502.6751671897453,1.0,1474.5453301204439,2.0132094373996097
1996,209.69448889653663,307.45705920620384,517.1515481027404,1.0,1481.1394167163714,6.5940865959275925
1997,210.47768420635288,331.457796516877,541.9354807232298,1.0,1495.2236642171476,14.0842475007762
1998,209.4890943325314,315.50915615703855,524.99825048957,1.0,1502.107573305123,6.883909087975326
1999,218.13505086211853,309.5890972813972,527.7241481435158,1.0,1509.1257136249797,7.018140319856684
2000,224.43379724003518,310.3755556419565,534.8093528819917,1.0,1517.7103868442023,8.584673219222623
2001,209.41124316982896,313.1005194228316,522.5117625926606,1.0,1521.2509149439406,3.540528099738367
2002,214.11349174689514,322.47491151980734,536.5884032667025,1.0,1529.06858842084,7.817673476899245
2003,210.067351186169,328.33133481161764,538.3986859977866,1.0,1536.6119464307271,7.543358009887243
2004,215.94404838269085,339.1599047856282,555.1039531683191,1.0,1548.8569811648456,12.245034734118462
2005,208.63713125161553,346.62478641877203,555.2619176703876,1.0,1559.783382394178,10.926401229332441
2006,219.32569205221733,356.7053574534424,576.0310495056597,1.0,1576.3819021199315,16.598519725753476
2007,218.0672449705479,355.2617524896731,573.328997460221,1.0,1590.2247748738268,13.842872753895335
2008,221.76288071196748,360.75844432030715,582.5213250322746,1.0,1605.5695986344356,15.344823760608733
2009,224.22978858618197,364.45377111581536,588.6835597019973,1.0,1621.2421798475789,15.672581213143303
2010,221.6122031167196,371.1593157300012,592.7715188467208,1.0,1636.5171401630653,15.274960315486396
2011,234.96775986419928,372.924998542445,607.8927584066442,1.0,1655.1021557066483,18.58501554358304
2012,214.6834019506841,381.0856580369786,595.7690599876627,1.0,1667.5810193662035,12.478863659555145
2013,213.16365728260934,381.87778643760544,595.0414437202148,1.0,1678.4210463752215,10.840027009018058
2014,219.12119513617802,388.1687589286987,607.2899540648767,1.0,1692.11393554447,13.692889169248474
2015,212.69994127272804,398.732,611.4319412727281,1.0,1705.6488082015753,13.534872657105325
2016,204.5384273311009,390.97880000000004,595.5172273311009,1.0,1712.3843412380959,6.735533036520565
2017,216.96409157036751,393.4056,610.3696915703675,1.0,1723.296855077588,10.912513839492021
2018,218.8718073210817,395.1424,614.0142073210817,1.0,1734.1975063681605,10.900651290572569
2019,213.25609550943,403.9392,617.19529550943,1.0,1744.9337609872252,10.736254619064766
2020,215.0,399.326,614.326,1.0,1753.5152413188111,8.581480331585908
