,natemis,Antr+BB,Totemis,ch4lifetime_fact,Conc,Trend
1950,215.0,140.0104525128931,355.0104525128931,1.0247219712311393,1151.0302561552483,
1951,215.0,155.2647590189582,370.2647590189582,1.0244368393312935,1147.7733879284729,-3.2568682267753957
1952,215.0,160.56519897750266,375.56519897750263,1.0241517074314475,1146.6052796514655,-1.1681082770073772
1953,215.0,165.67239729952678,380.6723972995268,1.0238665755316017,1147.2324263851046,0.6271467336391652
1954,215.0,170.3596523094297,385.3596523094297,1.0235814436317558,1149.318049714765,2.085623329660393
1955,215.0,174.7266808075245,389.72668080752453,1.02329631173191,1152.59538562074,3.277335905974951
1956,215.0,180.6573371490168,395.6573371490168,1.023011179832064,1157.4530542998452,4.857668679105245
1957,215.0,186.04093508154867,401.0409350815487,1.0227260479322182,1163.5352860557607,6.082231755915473
1958,215.0,188.36536028264797,403.365360282648,1.0224409160323724,1169.6903299966532,6.155043940892483
1959,215.0,192.664060295518,407.66406029551797,1.0221557841325266,1176.5660377344532,6.875707737799985
1960,215.0,197.23630741186156,412.23630741186156,1.0218706522326808,1184.1736963264175,7.607658591964309
1961,215.0,205.11807849022705,420.11807849022705,1.0215855203328348,1193.5323536643305,9.358657337912973
1962,215.0,207.1876477655343,422.1876477655343,1.021300388432989,1202.5170937688258,8.984740104495359
1963,215.0,216.17384055615415,431.1738405561541,1.021015256533143,1213.467360718501,10.950266949675097
1964,215.0,216.530721226075,431.530721226075,1.0207301246332974,1223.2982275672089,9.830866848707956
1965,215.0,222.6427900199044,437.6427900199044,1.0204449927334514,1234.0451138987867,10.746886331577798
1966,215.0,226.28509422379705,441.28509422379705,1.0201598608336055,1244.7857423314767,10.740628432690073
1967,215.0,232.3092249518556,447.30922495185564,1.0198747289337597,1256.3117812322137,11.526038900736921
1968,215.0,235.30852018679144,450.30852018679144,1.019589597033914,1267.5308055370235,11.219024304809864
1969,215.0,239.15630983176808,454.1563098317681,1.019304465134068,1278.7580020937055,11.227196556681974
1970,215.0,244.39032168242014,459.3903216824201,1.0190193332342221,1290.4525229697108,11.6945208760053
1971,215.0,249.2500236569801,464.2500236569801,1.0199605556308002,1302.5882726460527,12.135749676341902
1972,215.0,257.1728277174416,472.1728277174416,1.0209017780273784,1316.1366345120034,13.54836186595071
1973,215.0,260.25257580258824,475.25257580258824,1.0218430004239563,1329.334608639279,13.197974127275529
1974,215.0,261.75608614159665,476.75608614159665,1.0227842228205342,1341.698937012471,12.364328373192166
1975,215.0,262.9879199985267,477.9879199985267,1.0237254452171123,1353.232909103135,11.533972090663838
1976,215.0,269.88077697352765,484.88077697352765,1.0246666676136902,1365.9113632041976,12.678454101062698
1977,215.0,273.963154930751,488.963154930751,1.0256078900102683,1378.6764201489812,12.76505694478351
1978,215.0,276.2604287421843,491.2604287421843,1.0265491124068462,1390.9271533147353,12.250733165754127
1979,215.0,281.5334355614996,496.5334355614996,1.0274903348034243,1403.7111721264234,12.784018811688156
1980,215.0,283.2799933041633,498.2799933041633,1.0284315572000022,1415.7996339640779,12.08846183765445
1981,215.0,279.7228833024812,494.7228833024812,1.0283999636415508,1425.3786691200426,9.579035155964675
1982,215.0,287.61463066683257,502.61463066683257,1.0283683700830997,1436.5292705923919,11.150601472349308
1983,215.0,281.5577046073275,496.5577046073275,1.0283367765246483,1444.441806135413,7.912535543021022
1984,215.0,284.9536362831875,499.9536362831875,1.028305182966197,1452.6133836234997,8.171577488086768
1985,215.0,285.63759742417085,500.63759742417085,1.0282735894077455,1460.1139450834291,7.500561459929486
1986,215.0,290.77781253724584,505.77781253724584,1.028241995849294,1468.4984662240433,8.384521140614197
1987,215.0,295.02494838641707,510.02494838641707,1.028210402290843,1477.3732429328525,8.874776708809122
1988,215.0,298.6755905767461,513.6755905767461,1.0281788087323915,1486.48625585491,9.113012922057578
1989,215.0,302.17109081824873,517.1710908182488,1.0281472151739404,1495.759799969273,9.273544114362949
1990,215.0,305.2999200711051,520.2999200711051,1.0281156216154888,1505.054344503379,9.29454453410608
1991,215.0,318.81183287573293,533.811832875733,1.02530405945394,1517.4275604414995,12.373215938120438
1992,215.0,299.49068782266335,514.4906878226634,1.022492497292391,1521.6199502206216,4.192389779122095
1993,215.0,299.5481852918242,514.5481852918242,1.0196809351308422,1524.966634664163,3.346684443541335
1994,215.0,310.39650696329267,525.3965069632927,1.0168693729692933,1531.142472924855,6.1758382606919895
1995,215.0,305.56039716107193,520.5603971610719,1.0140578108077443,1534.618413487417,3.475940562562073
1996,215.0,307.45705920620384,522.4570592062039,1.0112462486461955,1537.925750323923,3.3073368365060105
1997,215.0,331.457796516877,546.457796516877,1.0084346864846467,1548.4209913896614,10.495241065738355
1998,215.0,315.50915615703855,530.5091561570385,1.0056231243230978,1552.0294989687907,3.6085075791293093
1999,215.0,309.5890972813972,524.5890972813972,1.002811562161549,1552.8445117737083,0.8150128049176146
2000,215.0,310.3755556419565,525.3755556419565,1.0,1553.4018708231233,0.5573590494150267
2001,215.0,313.1005194228316,528.1005194228317,0.995914002735031,1554.1753981386444,0.7735273155210507
2002,215.0,322.47491151980734,537.4749115198074,0.991828005470062,1557.3417713604467,3.1663732218023597
2003,215.0,328.33133481161764,543.3313348116176,0.987742008205093,1561.4561865511193,4.1144151906726165
2004,215.0,339.1599047856282,554.1599047856282,0.9836560109401239,1568.0521249719259,6.595938420806533
2005,215.0,346.62478641877203,561.624786418772,0.9795700136751548,1575.7214933754283,7.6693684035024035
2006,215.0,356.7053574534424,571.7053574534424,0.9754840164101859,1585.1974726923124,9.47597931688415
2007,215.0,355.2617524896731,570.2617524896731,0.9713980191452168,1592.4396446323026,7.242171939990158
2008,215.0,360.75844432030715,575.7584443203071,0.977052169906687,1601.6065939425157,9.166949310213113
2009,215.0,364.45377111581536,579.4537711158154,0.9827063206681571,1611.8809765808205,10.274382638304814
2010,215.0,371.1593157300012,586.1593157300013,0.9883604714296271,1624.1369785251072,12.256001944286709
2011,215.0,372.924998542445,587.924998542445,0.9889882341230849,1635.695968035224,11.558989510116817
2012,215.0,381.0856580369786,596.0856580369787,0.9896159968165429,1648.7600905780168,13.064122542792802
2013,215.0,381.87778643760544,596.8777864376054,0.9902437595100009,1660.7156746025232,11.95558402450638
2014,215.0,388.1687589286987,603.1687589286987,0.9908715222034588,1673.5140358047283,12.798361202205115
2015,215.0,398.732,613.732,0.9908600068687826,1688.3719723413028,14.85793653657447
2016,215.0,390.97880000000004,605.9788000000001,0.9908484915341064,1698.9787155997003,10.6067432583975
2017,215.0,393.4056,608.4056,0.9908369761994302,1709.1921403496078,10.213424749907517
2018,215.0,395.1424,610.1424,0.9924774178789595,1719.110351381613,9.918211032005274
2019,215.0,403.9392,618.9392,0.9941178595584886,1731.1122081928168,12.001856811203652
2020,215.0,399.326,614.326,0.9957583012380179,1740.5149620145246,9.402753821707847
