,natemis,Antr+BB,Totemis,ch4lifetime_fact,Conc,Trend
1950,215.0,148.86472757401697,363.86472757401697,1.0488608866700293,1156.5320105373567,
1951,215.0,164.4119307263549,379.4119307263549,1.0455466626386185,1157.9548544460163,1.4228439086596154
1952,215.0,170.00526733117223,385.00526733117226,1.0435105097854591,1160.8722995195392,2.917445073522913
1953,215.0,175.4053622994692,390.4053622994692,1.0405455939203825,1164.958484920999,4.086185401459716
1954,215.0,180.38551395564497,395.38551395564497,1.044295794488673,1170.6553318306335,5.696846909634587
1955,215.0,185.0454391000126,400.0454391000126,1.037508489961066,1176.5634528714345,5.9081210408010065
1956,215.0,191.26899208777778,406.26899208777775,1.028116236302615,1182.8776779084924,6.314225037057895
1957,215.0,196.94548666658253,411.9454866665825,1.0421601616543277,1191.9191804954767,9.04150258698428
1958,215.0,199.56280851395465,414.5628085139547,1.048657602665344,1201.55336397321,9.634183477733359
1959,215.0,204.15440517309747,419.1544051730975,1.036391182649435,1210.3381101418934,8.784746168683341
1960,215.0,209.0195489357139,424.01954893571394,1.0366828171259594,1219.8184430496785,9.480332907785169
1961,215.0,217.19785480015165,432.1978548001516,1.0360169714873653,1230.9137734181375,11.095330368458917
1962,215.0,219.56395886153115,434.56395886153115,1.0483804322861743,1242.9751193625602,12.061345944422783
1963,215.0,228.84668643822317,443.8466864382232,1.0443546910580446,1256.3743262704593,13.399206907899043
1964,215.0,229.50010189421624,444.50010189421624,1.0448466365780047,1268.5994257105244,12.22509944006515
1965,215.0,235.90870547411788,450.9087054741179,1.0416887487729276,1281.272523323904,12.673097613379468
1966,215.0,239.84754446408272,454.8475444640827,1.045021997433171,1294.272194300404,12.999670976500056
1967,215.0,246.1682099782135,461.1682099782135,1.0453696087467055,1308.0121191937064,13.739924893302486
1968,215.0,249.46403999922154,464.46403999922154,1.0399298066040126,1320.718004707365,12.705885513658586
1969,215.0,253.6083644302704,468.6083644302704,1.044521823964872,1333.977414869079,13.259410161713959
1970,215.0,259.1389110669947,474.1389110669947,1.0439258467327728,1347.5726099067829,13.595195037703888
1971,215.0,264.2792956760135,479.2792956760135,1.0436193741341604,1361.3713974520413,13.798787545258392
1972,215.0,272.45721733515404,487.45721733515404,1.0520906785217377,1377.439728201696,16.068330749654706
1973,215.0,275.97436854007793,490.97436854007793,1.0403958536106162,1391.4965356605655,14.05680745886957
1974,215.0,277.58300816315733,492.58300816315733,1.035825630675854,1403.9816721784996,12.485136517934052
1975,215.0,278.92569799309183,493.92569799309183,1.0405937531705223,1416.1692803698995,12.187608191399931
1976,215.0,286.19073893967834,501.19073893967834,1.0471224324819541,1430.2925781322085,14.123297762308994
1977,215.0,290.52582612135245,505.52582612135245,1.0411935162013237,1443.5666164261213,13.274038293912781
1978,215.0,292.98308376747053,507.98308376747053,1.039175143440748,1455.9543114988553,12.387695072734004
1979,215.0,298.58114099630916,513.5811409963092,1.0376285224625028,1468.6539857540401,12.699674255184846
1980,215.0,300.435685537013,515.435685537013,1.046993032958082,1481.842752566678,13.188766812637823
1981,215.0,296.68287020073063,511.68287020073063,1.057235362607005,1493.716267961085,11.873515394406922
1982,215.0,304.65710214976906,519.6571021497691,1.0571718977688278,1506.9663915368337,13.25012357574883
1983,215.0,298.6784287123529,513.6784287123529,1.059741846409663,1517.1505647432173,10.184173206383548
1984,215.0,302.2370817851458,517.2370817851458,1.0468082345506051,1525.6851796313842,8.53461488816697
1985,215.0,302.9504467045176,517.9504467045176,1.0438054769311433,1533.1231460306851,7.437966399300876
1986,215.0,308.4034370412448,523.4034370412448,1.049246969643094,1542.3236513831928,9.200505352507662
1987,215.0,312.778527186872,527.778527186872,1.040268768905054,1550.7374874646835,8.413836081490672
1988,215.0,316.78079953316467,531.7807995331647,1.0374802786999169,1559.1754114136425,8.437923948958996
1989,215.0,320.55968800249383,535.5596880024939,1.0428034452743942,1568.7110170466733,9.535605633030855
1990,200.3301288457454,323.79183660072556,524.121965446471,1.0438158204508707,1573.553634367939,4.842617321265607
1991,199.7503266400383,335.4818104403371,535.2321370803754,1.044515988674617,1581.669199082172,8.115564714233187
1992,184.67510149951386,316.3955526293896,501.07065412890347,1.0373376907957834,1576.511779157837,-5.157419924335045
1993,197.36691793433434,315.00618740051794,512.3731053348523,1.0235051451726433,1573.6548727410986,-2.8569064167384113
1994,206.86238646048096,322.1935623385285,529.0559487990095,1.025931824493182,1577.0151561985408,3.360283457442165
1995,201.7570917407637,309.8613907722203,511.61848251298403,1.0098251171866819,1571.8030959333275,-5.2120602652132675
1996,213.15982548765285,309.1011425162106,522.2609680038635,1.0059472571608135,1570.1157955892622,-1.6873003440653065
1997,219.11808678658687,332.86,551.9780867865869,1.0155065898427584,1579.9340797379832,9.818284148720977
1998,212.25503626636817,317.28000000000003,529.5350362663683,1.0260604213678781,1582.784246610771,2.850166872787895
1999,221.87093317633915,311.53999999999996,533.4109331763391,0.9977243350302163,1582.3025427369466,-0.4817038738244719
2000,227.84472784773624,309.38,537.2247278477362,1.0,1583.4955178820405,1.1929751450938966
2001,206.6473954472032,313.65,520.2973954472031,0.9976712650532031,1578.5724322283324,-4.923085653708085
2002,212.26455200956343,324.65000000000003,536.9145520095635,0.9898186618728184,1578.485314029205,-0.08711819912741703
2003,215.22835450612564,326.12,541.3483545061256,0.994865821953046,1580.6741111250149,2.188797095809832
2004,212.63153770421576,330.53000000000003,543.1615377042158,0.9830062724148221,1581.3359779497712,0.6618668247563164
2005,212.49070626724972,334.55,547.0407062672498,0.9724656594085386,1581.4982774484686,0.16229949869739357
2006,213.71072289363457,340.45,554.1607228936346,0.9697798027915692,1583.5604322498752,2.0621548014066775
2007,219.18200332427125,336.24,555.4220033242713,0.9645130934714374,1584.9290719380351,1.368639688159874
2008,228.68671106740234,335.67,564.3567110674023,0.9627371565534859,1588.8031117528503,3.8740398148152053
2009,221.551417970207,339.88,561.431417970207,0.9682589027181607,1592.183788931114,3.380677178263568
2010,221.69514826634378,341.18,562.8751482663438,0.9741615880697929,1596.6326410055674,4.448852074453498
2011,227.28038439645948,342.69,569.9703843964595,0.9620153522297454,1600.8923809502417,4.259739944674266
2012,209.97597491597992,348.16,558.1359749159799,0.9808702795232336,1603.8770106883085,2.9846297380668148
2013,213.54435145588445,348.96,562.5043514558845,0.9678609782840504,1605.8130359002225,1.9360252119140569
2014,216.40412124879504,357.09000000000003,573.4941212487951,0.9658128139938376,1610.82332009148,5.0102841912573695
2015,206.32314747732138,365.45,571.7731474773213,0.9658128139938376,1614.6858779673366,3.862557875856737
2016,201.11929681211606,358.0,559.1192968121161,0.9658128139938376,1613.9097039324163,-0.7761740349203592
2017,215.0,360.73,575.73,0.9658128139938376,1618.7279330491933,4.818229116777047
2018,215.0,362.77000000000004,577.77,0.9658128139938376,1623.6669934118981,4.939060362704822
2019,215.0,371.87,586.87,0.9658128139938376,1631.05271725815,7.385723846251949
2020,215.0,367.56,582.56,0.9658128139938376,1636.1589426259407,5.106225367790557
