,natemis,Antr+BB,Totemis,ch4lifetime_fact,Conc,Trend
1950,215.0,145.72559245704448,360.7255924570445,0.9900099900099899,1149.0454326361646,
1951,215.0,161.1689540027448,376.16895400274484,0.9900099900099899,1144.1419375205667,-4.903495115597934
1952,215.0,166.6584490009245,381.6584490009245,0.9900099900099899,1141.6136886540237,-2.528248866542981
1953,215.0,171.95470236258384,386.9547023625838,0.9900099900099899,1141.1283881991324,-0.48530045489133045
1954,215.0,176.831012412122,391.831012412122,0.9900099900099899,1142.3160274357112,1.1876392365788888
1955,215.0,181.387095949852,396.387095949852,0.9900099900099899,1144.8814626777623,2.5654352420510804
1956,215.0,187.50680733097954,402.50680733097954,0.9900099900099899,1149.1880084228967,4.306545745134372
1957,215.0,193.07946030314662,408.0794603031466,0.9900099900099899,1154.8575527134337,5.669544290537033
1958,215.0,195.59294054388116,410.5929405438811,0.9900099900099899,1160.721057211595,5.863504498161319
1959,215.0,200.08069559638636,415.08069559638636,0.9900099900099899,1167.4117637199993,6.690706508404219
1960,215.0,204.8419977523652,419.84199775236516,0.9900099900099899,1174.9270519955214,7.515288275522153
1961,215.0,212.9151721685548,427.9151721685548,0.9832246039142591,1183.4657720440546,8.53872004853315
1962,215.0,215.1761447816861,430.1761447816861,0.9828209764918625,1191.7362704477027,8.270498403648162
1963,215.0,224.35374091013003,439.35374091013,0.9808988764044944,1201.8774917953524,10.141221347649662
1964,215.0,224.902024917875,439.902024917875,0.9943820224719102,1212.6846228234303,10.807131028077947
1965,215.0,231.2054970495285,446.2054970495285,0.9990958408679929,1224.9361868304165,12.2515640069862
1966,215.0,235.0392045912452,450.0392045912452,0.9891500904159132,1235.8713010086258,10.935114178209233
1967,215.0,241.25473865712786,456.25473865712786,0.9945750452079567,1248.3058769926836,12.434575984057801
1968,215.0,244.44543722988774,459.4454372298877,0.9936708860759491,1260.2882258608865,11.982348868202962
1969,215.0,248.48463021268853,463.48463021268856,0.9850885368126747,1271.1726309429355,10.884405082048943
1970,215.0,253.9100454011647,468.91004540116467,1.0018083182640147,1284.7483829929836,13.575752050048095
1971,215.0,257.57479257777885,472.57479257777885,0.9891500904159132,1296.4035001314737,11.65511713849014
1972,215.0,264.87815496199676,479.87815496199676,0.9990958408679929,1310.4531624006204,14.049662269146665
1973,215.0,267.174414913303,482.174414913303,0.9850885368126747,1321.8507952158138,11.397632815193447
1974,215.0,268.77272781252634,483.77272781252634,0.9898876404494381,1333.1278379095265,11.277042693712701
1975,215.0,271.02888398583644,486.02888398583644,0.9963833634719712,1344.7460192922103,11.618181382683815
1976,215.0,275.0518357547742,490.0518357547742,1.0081374321880652,1357.9479583673826,13.201939075172277
1977,215.0,277.72254164205543,492.72254164205543,1.0055917986952472,1370.2319717237065,12.28401335632384
1978,215.0,279.07729251334416,494.07729251334416,1.015370705244123,1382.8922846621113,12.660312938404786
1979,215.0,283.36524243347924,498.36524243347924,1.011754068716094,1395.0967592210025,12.204474558891206
1980,215.0,282.2371159769046,497.2371159769046,1.014911463187325,1405.9963451207252,10.899585899722751
1981,215.0,277.5286029825358,492.5286029825358,1.011183597390494,1413.6224607246327,7.626115603907465
1982,215.0,285.26941946839,500.26941946839,1.0195712954333644,1424.1085596329913,10.4860989083586
1983,215.0,279.04267506764637,494.04267506764637,1.0074557315936628,1429.714968229694,5.6064085967027495
1984,215.0,284.0863192602393,499.0863192602393,1.0027958993476236,1435.7232689979692,6.008300768275149
1985,215.0,287.0049229958179,502.0049229958179,0.9900542495479203,1440.2165421965287,4.493273198559564
1986,215.0,290.9973934447917,505.9973934447917,1.0027958993476236,1447.3465575013552,7.130015304826429
1987,215.0,295.28841803933904,510.28841803933904,1.0027124773960217,1455.0930980158041,7.746540514448952
1988,215.0,299.1743864512828,514.1743864512828,0.9953401677539611,1462.2060149069332,7.112916891129089
1989,215.0,304.2999708971575,519.2999708971574,1.0041493775933612,1471.4904519565803,9.284437049647067
1990,207.13777445155313,307.58244894288526,514.7202233944383,1.007233273056058,1478.659909658695,7.1694577021146415
1991,206.4189161040385,320.3405374138564,526.7594535178948,1.0144665461121156,1490.062563653364,11.40265399466898
1992,194.53550769894048,304.1997961122732,498.73530381121367,1.011183597390494,1490.4236698980285,0.3611062446645974
1993,199.9311640200513,305.23302163145047,505.1641856515018,1.0027958993476236,1491.6682604845405,1.244590586512004
1994,202.9940352402028,317.2848254228341,520.2788606630369,1.0009319664492078,1497.5200807012855,5.8518202167449545
1995,197.44693511447778,311.7473692430924,509.1943043575702,0.988245931283906,1497.1506052104553,-0.36947549083015474
1996,207.20103192719466,313.88494695523417,521.0859788824289,0.9953401677539611,1501.8302908058222,4.679685595366891
1997,217.73968242650653,337.0204142930985,554.760096719605,0.9981916817359855,1517.5869877398839,15.756696934061665
1998,212.1138313815474,317.9406473511351,530.0544787326826,0.9960567823343849,1523.0543919904544,5.467404250570553
1999,216.99656031183122,313.09385370096595,530.0904140127972,0.985307621671258,1526.2796195372937,3.225227546839278
2000,224.30553653458136,314.79158226734603,539.0971188019274,1.0,1534.3671453638976,8.087525826603951
2001,212.51997324232056,315.2928524514628,527.8128256937833,0.9924026590693258,1536.6480039103287,2.280858546431091
2002,212.1704320233259,322.1007386331392,534.2711706564651,0.9933523266856601,1540.960805293303,4.312801382974385
2003,211.94485638005466,328.4756943824689,540.4205507625236,0.9895536562203229,1546.2432502194943,5.282444926191147
2004,211.43839792487432,335.7220642725255,547.1604621973997,0.9925442684063377,1553.6289014933493,7.385651273855046
2005,214.9095743035305,341.88187367125875,556.7914479747892,0.9870129870129869,1562.5149873870707,8.886085893721429
2006,211.9578219242644,352.4529993712408,564.4108212955052,0.986013986013986,1572.7653261414002,10.250338754329505
2007,220.7534076670482,349.7789386288197,570.5323462958679,0.986013986013986,1583.8854263542996,11.120100212899388
2008,226.26119336847543,353.30974763980123,579.5709410082767,0.9687203791469194,1593.9207144313616,10.035288077061978
2009,227.79548429501534,355.2102928669951,583.0057771620104,0.9696969696969695,1604.1039759002226,10.18326146886102
2010,222.70559512358187,360.8548031390112,583.560398262593,0.9658767772511849,1612.6580909563208,8.554115056098226
2011,231.1165900907369,365.99466311704407,597.1112532077809,0.9658767772511849,1624.7174047270682,12.059313770747394
2012,214.23806968250926,372.97725290758524,587.2153225900945,0.9658767772511849,1632.1074721239268,7.390067396858512
2013,219.16898297119255,372.6442144644898,591.8131974356824,0.9658767772511849,1640.1697539250401,8.062281801113386
2014,228.10570225698547,380.3961968225409,608.5018990795263,0.9658767772511849,1652.833827810963,12.66407388592279
2015,219.00148484941846,387.4758223403408,606.4773071897592,0.9658767772511849,1663.367619250001,10.533791439038168
2016,213.7915772904531,379.4876497908962,593.2792270813493,0.9658767772511849,1668.3135835072271,4.945964257226024
2017,220.463654903922,385.0082127080213,605.4718676119433,0.9658767772511849,1676.7303939431526,8.416810435925527
2018,222.41348146598264,387.8058049137809,610.2192863797635,0.9658767772511849,1685.750665458474,9.020271515321383
2019,219.24138085349597,394.70580491378087,613.9471857672768,0.9658767772511849,1694.9669794888464,9.21631403037236
2020,215.0,388.1958049137809,603.1958049137809,0.9658767772511849,1699.5581463501442,4.591166861297779
