,natemis,Antr+BB,Totemis,ch4lifetime_fact,Conc,Trend
1950,215.0,145.72559245704448,360.7255924570445,1.0247219712311393,1152.9300761961788,
1951,215.0,161.1689540027448,376.16895400274484,1.0244368393312935,1151.4273202514778,-1.5027559447009935
1952,215.0,166.6584490009245,381.6584490009245,1.0241517074314475,1151.883515671272,0.45619541979431233
1953,215.0,171.95470236258384,386.9547023625838,1.0238665755316017,1154.0193217252406,2.1358060539685084
1954,215.0,176.831012412122,391.831012412122,1.0235814436317558,1157.5105782124865,3.4912564872458915
1955,215.0,181.387095949852,396.387095949852,1.02329631173191,1162.1017617579766,4.591183545490139
1956,215.0,187.50680733097954,402.50680733097954,1.023011179832064,1168.1915057456627,6.089743987686006
1957,215.0,193.07946030314662,408.0794603031466,1.0227260479322182,1175.4329599936077,7.241454247945057
1958,215.0,195.59294054388116,410.5929405438811,1.0224409160323724,1182.6823186820804,7.249358688472739
1959,215.0,200.08069559638636,415.08069559638636,1.0221557841325266,1190.5945103093643,7.912191627283846
1960,215.0,204.8419977523652,419.84199775236516,1.0218706522326808,1199.187125325012,8.592615015647652
1961,215.0,212.9151721685548,427.9151721685548,1.0215855203328348,1209.4856064012856,10.298481076273674
1962,215.0,215.1761447816861,430.1761447816861,1.021300388432989,1219.36995201715,9.884345615864277
1963,215.0,224.35374091013003,439.35374091013,1.021015256533143,1231.18398319441,11.814031177260176
1964,215.0,224.902024917875,439.902024917875,1.0207301246332974,1241.84667109485,10.662687900440005
1965,215.0,231.2054970495285,446.2054970495285,1.0204449927334514,1253.396906860821,11.55023576597091
1966,215.0,235.0392045912452,450.0392045912452,1.0201598608336055,1264.915504706938,11.518597846117018
1967,215.0,241.25473865712786,456.25473865712786,1.0198747289337597,1277.1968861429764,12.281381436038373
1968,215.0,244.44543722988774,459.4454372298877,1.019589597033914,1289.1510777768226,11.954191633846222
1969,215.0,248.48463021268853,463.48463021268856,1.019304465134068,1301.0954496062332,11.944371829410557
1970,215.0,253.9100454011647,468.91004540116467,1.0190193332342221,1313.4910976814006,12.3956480751674
1971,215.0,257.57479257777885,472.57479257777885,1.0199605556308002,1325.8556279037534,12.364530222352869
1972,215.0,264.87815496199676,479.87815496199676,1.0209017780273784,1339.4037698896552,13.548141985901793
1973,215.0,267.174414913303,482.174414913303,1.0218430004239563,1352.3432028433497,12.93943295369445
1974,215.0,268.77272781252634,483.77272781252634,1.0227842228205342,1364.5109652914953,12.167762448145595
1975,215.0,271.02888398583644,486.02888398583644,1.0237254452171123,1376.2124714267593,11.701506135264026
1976,215.0,275.0518357547742,490.0518357547742,1.0246666676136902,1388.0880869412179,11.87561551445856
1977,215.0,277.72254164205543,492.72254164205543,1.0256078900102683,1399.6710433773,11.582956436082213
1978,215.0,279.07729251334416,494.07729251334416,1.0265491124068462,1410.5577599767962,10.88671659949614
1979,215.0,283.36524243347924,498.36524243347924,1.0274903348034243,1421.8013959541704,11.243635977374197
1980,215.0,282.2371159769046,497.2371159769046,1.0284315572000022,1431.5638858721022,9.762489917931816
1981,215.0,277.5286029825358,492.5286029825358,1.0283999636415508,1438.6885725060768,7.124686633974534
1982,215.0,285.26941946839,500.26941946839,1.0283683700830997,1447.6031437461177,8.914571240040914
1983,215.0,279.04267506764637,494.04267506764637,1.0283367765246483,1453.4678136015223,5.8646698554046
1984,215.0,284.0863192602393,499.0863192602393,1.028305182966197,1460.3633998854657,6.89558628394343
1985,215.0,287.0049229958179,502.0049229958179,1.0282735894077455,1467.4705336033153,7.107133717849592
1986,215.0,290.9973934447917,505.9973934447917,1.028241995849294,1475.1230589685117,7.652525365196425
1987,215.0,295.28841803933904,510.28841803933904,1.028210402290843,1483.3605126083512,8.237453639839487
1988,215.0,299.1743864512828,514.1743864512828,1.0281788087323915,1491.9841670971823,8.623654488831107
1989,215.0,304.2999708971575,519.2999708971574,1.0281472151739404,1501.363849109399,9.37968201221679
1990,207.13777445155313,307.58244894288526,514.7202233944383,1.0281156216154888,1508.1900022375216,6.826153128122542
1991,206.4189161040385,320.3405374138564,526.7594535178948,1.02530405945394,1517.87487568855,9.684873451028352
1992,194.53550769894048,304.1997961122732,498.73530381121367,1.022492497292391,1516.7812738293012,-1.0936018592487926
1993,199.9311640200513,305.23302163145047,505.1641856515018,1.0196809351308422,1517.5424487154935,0.7611748861922933
1994,202.9940352402028,317.2848254228341,520.2788606630369,1.0168693729692933,1522.8376245444797,5.295175828986203
1995,197.44693511447778,311.7473692430924,509.1943043575702,1.0140578108077443,1523.4564799160132,0.6188553715335274
1996,207.20103192719466,313.88494695523417,521.0859788824289,1.0112462486461955,1527.5466611766062,4.090181260592999
1997,217.73968242650653,337.0204142930985,554.760096719605,1.0084346864846467,1541.9536375405648,14.40697636395862
1998,212.1138313815474,317.9406473511351,530.0544787326826,1.0056231243230978,1546.1319496028298,4.178312062264922
1999,216.99656031183122,313.09385370096595,530.0904140127972,1.002811562161549,1549.432533691574,3.3005840887442446
2000,224.30553653458136,314.79158226734603,539.0971188019274,1.0,1554.9276226372965,5.4950889457225
2001,212.51997324232056,315.2928524514628,527.8128256937833,0.995914002735031,1555.4342351998805,0.5066125625839959
2002,212.1704320233259,322.1007386331392,534.2711706564651,0.991828005470062,1557.3954718777384,1.961236677857869
2003,211.94485638005466,328.4756943824689,540.4205507625236,0.987742008205093,1560.5380165374022,3.1425446596638267
2004,211.43839792487432,335.7220642725255,547.1604621973997,0.9836560109401239,1564.9162610482556,4.378244510853392
2005,214.9095743035305,341.88187367125875,556.7914479747892,0.9795700136751548,1571.3397890347796,6.42352798652405
2006,211.9578219242644,352.4529993712408,564.4108212955052,0.9754840164101859,1578.8978110814912,7.558022046711585
2007,220.7534076670482,349.7789386288197,570.5323462958679,0.9713980191452168,1586.9521942722488,8.054383190757562
2008,226.26119336847543,353.30974763980123,579.5709410082767,0.977052169906687,1598.009750838231,11.057556565982168
2009,227.79548429501534,355.2102928669951,583.0057771620104,0.9827063206681571,1609.870963663264,11.861212825033135
2010,222.70559512358187,360.8548031390112,583.560398262593,0.9883604714296271,1621.4918686643805,11.620905001116398
2011,231.1165900907369,365.99466311704407,597.1112532077809,0.9889882341230849,1636.3979457033206,14.906077038940111
2012,214.23806968250926,372.97725290758524,587.2153225900945,0.9896159968165429,1646.4393276856676,10.041381982347048
2013,219.16898297119255,372.6442144644898,591.8131974356824,0.9902437595100009,1656.976235629168,10.53690794350041
2014,228.10570225698547,380.3961968225409,608.5018990795263,0.9908715222034588,1671.9663087441456,14.990073114977577
2015,219.00148484941846,387.4758223403408,606.4773071897592,0.9908600068687826,1684.5913712809352,12.625062536789528
2016,213.7915772904531,379.4876497908962,593.2792270813493,0.9908484915341064,1691.4102657692863,6.818894488351134
2017,220.463654903922,385.0082127080213,605.4718676119433,0.9908369761994302,1701.5040353511836,10.093769581897277
2018,222.41348146598264,387.8058049137809,610.2192863797635,0.9924774178789595,1712.3139906083643,10.809955257180718
2019,219.24138085349597,394.70580491378087,613.9471857672768,0.9941178595584886,1723.4236603496165,11.109669741252219
2020,215.0,388.1958049137809,603.1958049137809,0.9957583012380179,1729.9958039917883,6.572143642171795
