,natemis,Antr+BB,Totemis,ch4lifetime_fact,Conc,Trend
1950,215.0,148.86472757401697,363.86472757401697,1.0082976017871197,1152.1663202703053,
1951,215.0,164.4119307263549,379.4119307263549,1.008017040016338,1150.025552606458,-2.1407676638473276
1952,215.0,170.00526733117223,385.00526733117226,1.0077364782455562,1149.9494979013928,-0.07605470506518941
1953,215.0,175.4053622994692,390.4053622994692,1.0074559164747743,1151.644242097975,1.6947441965821781
1954,215.0,180.38551395564497,395.38551395564497,1.0071753547039928,1154.7731366933685,3.1288945953936036
1955,215.0,185.0454391000126,400.0454391000126,1.0068947929332108,1159.0700027894363,4.296866096067788
1956,215.0,191.26899208777778,406.26899208777775,1.006614231162429,1164.9238653905961,5.85386260115979
1957,215.0,196.94548666658253,411.9454866665825,1.0063336693916476,1171.9793116097012,7.055446219105079
1958,215.0,199.56280851395465,414.5628085139547,1.0060531076208656,1179.0861118271248,7.106800217423597
1959,215.0,204.15440517309747,419.1544051730975,1.005772545850084,1186.8938097744976,7.807697947372844
1960,215.0,209.0195489357139,424.01954893571394,1.0054919840793022,1195.414700446895,8.5208906723974
1961,215.0,217.19785480015165,432.1978548001516,1.0052114223085205,1205.669098194763,10.25439774786787
1962,215.0,219.56395886153115,434.56395886153115,1.0049308605377387,1215.5329665943523,9.863868399589364
1963,215.0,228.84668643822317,443.8466864382232,1.0046502987669568,1227.3462267041234,11.813260109771136
1964,215.0,229.50010189421624,444.50010189421624,1.004369736996175,1238.0251262665354,10.67889956241197
1965,215.0,235.90870547411788,450.9087054741179,1.0040891752253935,1249.6067950295196,11.581668762984236
1966,215.0,239.84754446408272,454.8475444640827,1.0038086134546116,1261.1696938229811,11.5628987934615
1967,215.0,246.1682099782135,461.1682099782135,1.0035280516838299,1273.5061970648126,12.336503241831451
1968,215.0,249.46403999922154,464.46403999922154,1.0032474899130481,1285.5248012265192,12.018604161706662
1969,215.0,253.6083644302704,468.6083644302704,1.0029669281422664,1297.5420791622191,12.017277935699894
1970,215.0,259.1389110669947,474.1389110669947,1.0026863663714847,1310.0178026779745,12.475723515755362
1971,215.0,264.2792956760135,479.2792956760135,1.0036125027400429,1322.925640168818,12.907837490843576
1972,215.0,272.45721733515404,487.45721733515404,1.0045386391086013,1337.2281872801227,14.302547111304648
1973,215.0,275.97436854007793,490.97436854007793,1.0054647754771595,1351.2243670321989,13.99617975207616
1974,215.0,277.58300816315733,492.58300816315733,1.006390911845718,1364.3167769443078,13.092409912108906
1975,215.0,278.92569799309183,493.92569799309183,1.0073170482142761,1376.5198802289365,12.203103284628696
1976,215.0,286.19073893967834,501.19073893967834,1.0082431845828346,1389.901717388016,13.381837159079623
1977,215.0,290.52582612135245,505.52582612135245,1.009169320951393,1403.360139586577,13.458422198560811
1978,215.0,292.98308376747053,507.98308376747053,1.0100954573199512,1416.2650365620382,12.90489697546127
1979,215.0,298.58114099630916,513.5811409963092,1.0110215936885096,1429.723303300826,13.45826673878787
1980,213.46581505527286,300.435685537013,513.9015005922859,1.0119477300570678,1441.9223982448514,12.199094944025319
1981,209.98540094753466,296.68287020073063,506.66827114826526,1.0119166428840465,1450.3616248022147,8.439226557363327
1982,207.34999122653096,304.65710214976906,512.0070933763,1.0118855557110251,1459.6343723257844,9.272747523569706
1983,218.54420775574664,298.6784287123529,517.2226364680996,1.0118544685380038,1469.6072075968987,9.972835271114263
1984,216.13469029654325,302.2370817851458,518.3717720816891,1.0118233813649828,1478.851549218876,9.244341621977355
1985,218.52747499561326,302.9504467045176,521.4779217001309,1.0117922941919613,1488.0982574738116,9.246708254935584
1986,212.30288822600457,308.4034370412448,520.7063252672493,1.01176120701894,1496.0588013936374,7.9605439198257955
1987,207.81014213019827,312.778527186872,520.5886693170703,1.0117301198459188,1503.0930044145657,7.034203020928317
1988,212.7546727496052,316.78079953316467,529.5354722827699,1.0116990326728972,1512.3148170049137,9.221812590348009
1989,213.67497455693982,320.55968800249383,534.2346625594337,1.011667945499876,1522.0704996290524,9.755682624138672
1990,211.0981294964029,323.79183660072556,534.8899660971284,1.0116368583268547,1530.9573883892092,8.886888760156808
1991,210.3200561502018,335.4818104403371,545.8018665905389,1.009824235180017,1542.2156714590583,11.258283069849085
1992,198.5903912967187,316.3955526293896,514.9859439261083,1.0015337334334637,1540.745546358919,-1.4701251001392848
1993,204.7145815055273,315.00618740051794,519.7207689060452,0.996844693397186,1540.3012499561507,-0.4442964027682592
1994,209.4666853834006,322.1935623385285,531.6602477219292,1.0084558263903243,1545.6204704564504,5.319220500299707
1995,208.72207755746624,309.8613907722203,518.5834683296865,1.0030031148607326,1545.1861407867577,-0.43432966969271547
1996,212.42838392700475,309.1011425162106,521.5295264432153,1.0102506923191272,1546.8648958575104,1.6787550707526862
1997,213.7837374978066,332.86,546.6437374978066,1.0119030530084048,1556.9462713150858,10.081375457575405
1998,222.52660466748551,317.28000000000003,539.8066046674855,0.9861864069689835,1559.6916403705147,2.7453690554289096
1999,211.56664678013686,311.53999999999996,523.1066467801368,1.0063414517912073,1559.6943651886127,0.0027248180979313474
2000,213.03076329180558,309.38,522.4107632918056,1.0,1558.5004052838299,-1.193959904782787
2001,218.326681874013,313.65,531.9766818740129,0.99386928520895,1559.6714919848696,1.1710867010397124
2002,215.21438848920863,324.65000000000003,539.8643884892086,0.9928679555766652,1563.1731720382386,3.5016800533690002
2003,219.3222811019477,326.12,545.4422811019477,0.9864340504659566,1567.1221202276606,3.948948189422026
2004,213.74190559747325,330.53000000000003,544.2719055974733,0.979133650893039,1569.0722230580047,1.9501028303441217
2005,210.64634497280224,334.55,545.1963449728023,0.9699646792990931,1569.6202046078913,0.5479815498865719
2006,215.9673626952097,340.45,556.4173626952097,0.9658283605068321,1573.1444525192308,3.524247911339444
2007,213.7502719775399,336.24,549.9902719775399,0.9597038162268151,1573.1134768517659,-0.03097566746487246
2008,213.86740129847342,335.67,549.5374012984735,0.9643339070369527,1573.7075565083903,0.5940796566244444
2009,219.93302684681524,339.88,559.8130268468152,0.9671398996221703,1578.1030994938926,4.3955429855022885
2010,226.5508334795578,341.18,567.7308334795578,0.9580604117459025,1583.0982079764162,4.995108482523619
2011,214.3442849622741,342.69,557.0342849622741,0.9585228838411334,1584.0485564920166,0.9503485156003535
2012,208.27865941393227,348.16,556.4386594139323,0.9675752373720371,1586.2076964228768,2.159139930860192
2013,214.6454746446745,348.96,563.6054746446745,0.9662389595250078,1590.2711825454112,4.063486122534414
2014,215.03869450780837,357.09000000000003,572.1286945078084,0.96907901809612,1597.1652942570909,6.89411171167967
2015,214.13512546060713,365.45,579.5851254606071,0.9707424683795629,1606.0164735388148,8.851179281723944
2016,220.7529320933497,358.0,578.7529320933497,0.952027984493153,1610.382200916249,4.365727377434268
2017,215.0,360.73,575.73,0.9603792558988442,1614.6807583148159,4.2985573985668
2018,215.0,362.77000000000004,577.77,0.9619692714083327,1619.4303031979496,4.749544883133694
2019,215.0,371.87,586.87,0.963559286917821,1626.918858065531,7.4885548675813425
2020,215.0,367.56,582.56,0.9651493024273095,1632.3877270853982,5.46886901986727
