,natemis,Antr+BB,Totemis,ch4lifetime_fact,Conc,Trend
1950,215.0,165.44423622518232,380.4442362251823,0.9900099900099899,1155.5888391151168,
1951,215.0,181.5398843317661,396.5398843317661,0.9900099900099899,1156.7064330402316,1.117593925114761
1952,215.0,187.68166589082924,402.6816658908292,0.9900099900099899,1159.7359270660077,3.0294940257761027
1953,215.0,193.63020581337207,408.6302058133721,0.9900099900099899,1164.3973365998527,4.661409533845017
1954,215.0,199.15880242379365,414.15880242379365,0.9900099900099899,1170.3670598356935,5.969723235840775
1955,215.0,204.36717252240715,419.36717252240715,0.9900099900099899,1177.3911205143427,7.024060678649221
1956,215.0,211.13917046441813,426.13917046441816,0.9900099900099899,1185.8693526276024,8.478232113259764
1957,215.0,217.36410999746863,432.36410999746863,0.9900099900099899,1195.4560405456505,9.586687918048028
1958,215.0,220.52987679908665,435.52987679908665,0.9900099900099899,1205.0108846107448,9.554844065094358
1959,215.0,225.6699184124753,440.66991841247534,0.9900099900099899,1215.1926206177188,10.181736006974006
1960,215.0,231.08350712933756,446.0835071293376,0.9900099900099899,1226.0212439633556,10.828623345636743
1961,215.0,239.81707031491294,454.81707031491294,0.9832246039142591,1237.6822799119345,11.661035948578956
1962,215.0,242.73843169743012,457.7384316974301,0.9828209764918625,1248.9373429670604,11.255063055125902
1963,215.0,252.57641659525984,467.57641659525984,0.9808988764044944,1261.931703200399,12.994360233338512
1964,215.0,253.78508937239053,468.78508937239053,0.9943820224719102,1275.5698626567125,13.638159456313588
1965,215.0,260.7489502734299,475.7489502734299,0.9990958408679929,1290.5831438178807,15.013281161168152
1966,215.0,265.2430465845324,480.2430465845324,0.9891500904159132,1304.1235329582773,13.540389140396655
1967,215.0,272.1189694198009,487.1189694198009,0.9945750452079567,1319.1258300731092,15.00229711483189
1968,215.0,275.9700567619466,490.9700567619466,0.9936708860759491,1333.5998124785951,14.473982405485913
1969,215.0,280.66963851413317,495.66963851413317,0.9850885368126747,1346.8504068927205,13.250594414125317
1970,215.0,286.7554424719951,501.7554424719951,1.0018083182640147,1362.8711294708037,16.020722578083223
1971,215.0,296.29479715759095,511.29479715759095,0.9891500904159132,1378.5478177591963,15.676688288392597
1972,215.0,309.7925504905967,524.7925504905967,0.9990958408679929,1398.3042056603097,19.756387901113385
1973,215.0,321.5097804752024,536.5097804752024,0.9850885368126747,1417.768148814642,19.463943154332355
1974,215.0,323.90781625487864,538.9078162548786,0.9898876404494381,1436.5105446510051,18.74239583636313
1975,215.0,317.6599241426396,532.6599241426396,0.9963833634719712,1451.9973178873504,15.486773236345243
1976,215.0,332.4310155097663,547.4310155097663,1.0081374321880652,1472.3287076619022,20.33138977455178
1977,215.0,331.86937666306744,546.8693766630674,1.0055917986952472,1489.8467065627642,17.51799890086204
1978,215.0,341.8147800298701,556.8147800298701,1.015370705244123,1510.1269126520729,20.28020608930865
1979,215.0,343.8016532522121,558.8016532522121,1.011754068716094,1528.299085287945,18.17217263587213
1980,215.0,336.43435957683573,551.4343595768357,1.014911463187325,1542.472656266749,14.173570978804037
1981,215.0,319.944026226233,534.9440262262331,1.011183597390494,1549.047475304115,6.574819037366069
1982,215.0,325.4862880386215,540.4862880386215,1.0195712954333644,1557.9761922218338,8.928716917718702
1983,215.0,314.78340390067586,529.7834039006759,1.0074557315936628,1560.5558378883452,2.5796456665113965
1984,215.0,313.6218524399723,528.6218524399724,1.0027958993476236,1561.7550825102762,1.1992446219310295
1985,215.0,312.6892946359584,527.6892946359584,0.9900542495479203,1560.5425761625268,-1.2125063477494677
1986,215.0,315.3279750176004,530.3279750176005,1.0027958993476236,1562.309831901505,1.7672557389782924
1987,215.0,317.2485140553672,532.2485140553672,1.0027124773960217,1564.504649624159,2.194817722653852
1988,215.0,321.411691319549,536.4116913195489,0.9953401677539611,1566.7005932548886,2.1959436307297437
1989,215.0,324.1105786961214,539.1105786961214,1.0041493775933612,1570.9033991415436,4.2028058866549145
1990,200.3301288457454,328.0908796007256,528.421008446471,1.007233273056058,1571.5580911203715,0.6546919788279411
1991,199.7503266400383,341.6898806403371,541.4402072803754,1.0144665461121156,1577.5592506450676,6.00115952469605
1992,184.67510149951386,321.75928362938964,506.4343851289035,1.011183597390494,1570.770513321169,-6.788737323898658
1993,197.36691793433434,320.736322800518,518.1032407348523,1.0027958993476236,1567.3358766826054,-3.434636638563461
1994,206.86238646048096,332.26831963852857,539.1307060990096,1.0009319664492078,1570.980985017567,3.6451083349616056
1995,201.7570917407637,324.2177472722203,525.974839012984,0.988245931283906,1567.8732189505317,-3.1077660670353
1996,213.15982548765285,327.5188030162106,540.6786285038635,0.9953401677539611,1571.106850009312,3.2336310587802473
1997,219.11808678658687,350.5117382000001,569.629824986587,0.9981916817359855,1584.0314624310713,12.92461242175932
1998,212.25503626636817,330.2514803,542.5065165663682,0.9960567823343849,1586.1680970432726,2.1366346122013056
1999,221.87093317633915,321.97082819999997,543.8417613763392,0.985307621671258,1586.8015851878697,0.633488144597095
2000,227.84472784773624,321.0746415,548.9193693477362,1.0,1591.3735341823622,4.571948994492459
2001,206.6473954472032,322.0038254,528.6512208472031,0.9924026590693258,1587.509267867667,-3.8642663146952145
2002,212.26455200956343,329.2447249,541.5092769095634,0.9933523266856601,1588.4979474175698,0.9886795499028267
2003,215.22835450612564,336.95281180000006,552.1811663061258,0.9895536562203229,1592.313785647764,3.815838230194231
2004,212.63153770421576,346.8821553,559.5136930042158,0.9925442684063377,1598.608727052203,6.294941404438987
2005,212.49070626724972,351.53041470000005,564.0211209672498,0.9870129870129869,1604.802411258786,6.19368420658293
2006,213.71072289363457,361.5815305,575.2922533936346,0.986013986013986,1613.8724979252022,9.070086666416273
2007,219.18200332427125,357.22785230000005,576.4098556242714,0.986013986013986,1622.2858989570934,8.413401031891226
2008,228.68671106740234,358.4336323,587.1203433674024,0.9687203791469194,1630.4093187239998,8.123419766906409
2009,221.551417970207,359.7836666,581.3350845702071,0.9696969696969695,1635.8478343469872,5.438515622987325
2010,221.69514826634378,365.82240210000003,587.5175503663438,0.9658767772511849,1642.0554792309101,6.207644883922967
2011,227.28038439645948,367.0318972,594.3122815964595,0.9658767772511849,1649.799655066541,7.744175835630813
2012,209.97597491597992,370.96316160000003,580.93913651598,0.9658767772511849,1652.2194388190455,2.4197837525045998
2013,213.54435145588445,370.2459324,583.7902838558845,0.9658767772511849,1655.3052883621283,3.085849543082759
2014,216.40412124879504,377.00284780000004,593.4069690487951,0.9658767772511849,1661.2226281609678,5.917339798839521
2015,206.32314747732138,381.5206772,587.8438246773214,0.9658767772511849,1664.6144099360567,3.39178177508893
2016,201.11929681211606,369.4090335000001,570.5283303121162,0.9658767772511849,1661.8767960192747,-2.7376139167820384
2017,215.0,370.1151464,585.1151464,0.9658767772511849,1664.2888813454063,2.412085326131546
2018,215.0,373.18654800000013,588.1865480000001,0.9658767772511849,1667.4409143528026,3.1520330073963123
2019,215.0,381.5144058,596.5144058000001,0.9658767772511849,1672.989678991806,5.548764639003366
2020,215.0,375.00440580000003,590.0044058000001,0.9658767772511849,1675.7415585484353,2.7518795566293193
