,natemis,Antr+BB,Totemis,ch4lifetime_fact,Conc,Trend
1950,215.0,163.598,378.598,1.0247219712311393,1158.87120071134,
1951,215.0,178.6518045817319,393.6518045817319,1.0244368393312935,1162.5278893401814,3.6566886288414935
1952,215.0,183.7517426159432,398.75174261594316,1.0241517074314475,1167.4473710965688,4.919481756387313
1953,215.0,188.65843901363414,403.65843901363417,1.0238665755316017,1173.4264945977843,5.979123501215554
1954,215.0,193.14519209920383,408.1451920992038,1.0235814436317558,1180.2089730995292,6.78247850174489
1955,215.0,197.31171867296544,412.3117186729654,1.02329631173191,1187.5997467541158,7.39077365458661
1956,215.0,203.04187309012457,418.04187309012457,1.023011179832064,1196.0513099918514,8.451563237735627
1957,215.0,208.22496909832324,423.22496909832324,1.0227260479322182,1205.2647908230865,9.213480831235074
1958,215.0,210.34889237508935,425.34889237508935,1.0224409160323724,1214.139120105746,8.874329282659573
1959,215.0,214.44709046362615,429.4470904636262,1.0221557841325266,1223.367293053906,9.228172948159909
1960,215.0,218.81883565563655,433.8188356556366,1.0218706522326808,1233.0008062166394,9.63351316273338
1961,215.0,224.59797580858205,439.5979758085821,1.0215855203328348,1243.4623144286843,10.461508212044919
1962,215.0,224.56491415846932,439.5649141584693,1.021300388432989,1252.7283841642989,9.266069735614565
1963,215.0,231.44847602366914,446.4484760236692,1.021015256533143,1263.2288424934723,10.500458329173398
1964,215.0,229.70272576816996,444.70272576816996,1.0207301246332974,1271.959257713453,8.730415219980841
1965,215.0,233.7121636365794,448.71216363657936,1.0204449927334514,1281.0267365845768,9.06747887112374
1966,215.0,235.251836915052,450.25183691505197,1.0201598608336055,1289.572842842466,8.54610625788905
1967,215.0,239.17333671769057,454.1733367176906,1.0198747289337597,1298.4460970477567,8.873254205290777
1968,215.0,240.0700010272064,455.0700010272064,1.019589597033914,1306.6047010806703,8.158604032913672
1969,215.0,241.81515974676304,456.815159746763,1.019304465134068,1314.4089238683773,7.804222787706976
1970,215.0,244.94654067199508,459.9465406719951,1.0190193332342221,1322.358060854885,7.94913698650771
1971,215.0,248.76207785759098,463.76207785759095,1.0199605556308002,1330.8169926608862,8.458931806001146
1972,215.0,256.04497069059664,471.04497069059664,1.0209017780273784,1340.883246812672,10.06625415178587
1973,215.0,255.60237187520235,470.6023718752024,1.0218430004239563,1349.8137264393968,8.930479626724718
1974,215.0,258.8376989548787,473.8376989548787,1.0227842228205342,1358.9572178080714,9.143491368674631
1975,215.0,261.71079484263964,476.71079484263964,1.0237254452171123,1368.171299822203,9.21408201413169
1976,215.0,266.11259910976634,481.11259910976634,1.0246666676136902,1377.957795966264,9.786496144060948
1977,215.0,269.5931488630674,484.5931488630674,1.0256078900102683,1387.9491358336165,9.991339867352508
1978,215.0,272.7548380298701,487.7548380298701,1.0265491124068462,1398.0183868801587,10.06925104654215
1979,215.0,276.282103452212,491.282103452212,1.0274903348034243,1408.280097288369,10.26171040821032
1980,215.0,279.7152927768357,494.7152927768357,1.0284315572000022,1418.6834899364767,10.403392648107683
1981,215.0,281.48962262623303,496.48962262623303,1.0283999636415508,1428.5343987190433,9.850908782566648
1982,215.0,290.3138617386215,505.3138617386215,1.0283683700830997,1440.2371505273602,11.702751808316862
1983,215.0,285.25634640067585,500.25634640067585,1.0283367765246483,1448.9736924952354,8.736541967875155
1984,215.0,288.3160050399723,503.3160050399723,1.028305182966197,1457.7672983068105,8.793605811575162
1985,215.0,290.7718115359584,505.7718115359584,1.0282735894077455,1466.4109057003436,8.643607393533102
1986,215.0,293.2029897176004,508.2029897176004,1.028241995849294,1474.912688576571,8.50178287622748
1987,215.0,297.6636160553672,512.6636160553671,1.028210402290843,1483.9628567993982,9.050168222827097
1988,215.0,297.990817919549,512.990817919549,1.0281788087323915,1492.127089529352,8.16423272995371
1989,215.0,299.2419704961214,514.2419704961214,1.0281472151739404,1499.809477227913,7.682387698561115
1990,213.229158495527,302.9738366007256,516.2029950962526,1.0281156216154888,1507.298718392134,7.4892411642210845
1991,230.46401973376058,316.0443104403371,546.5083301740976,1.02530405945394,1523.6464356488984,16.347717256764327
1992,187.08466023758422,298.3385526293896,485.4232128669738,1.022492497292391,1517.4936401213286,-6.152795527569879
1993,201.07742439463695,298.32968740051797,499.40711179515495,1.0196809351308422,1516.2630361664592,-1.2306039548693661
1994,209.91391164352387,306.8975623385286,516.8114739820525,1.0168693729692933,1520.5473220003596,4.284285833900412
1995,200.85765603448098,295.94589077222037,496.8035468067013,1.0140578108077443,1517.3029212058864,-3.244400794473222
1996,212.4591393800404,293.32614251621055,505.7852818962509,1.0112462486461955,1516.9929208729968,-0.3100003328895582
1997,217.02081046246136,315.2255,532.2463104624613,1.0084346864846467,1525.0954480668343,8.102527193837432
1998,202.568436978653,297.786,500.354436978653,1.0056231243230978,1521.289140028011,-3.8063080388233175
1999,215.78806866900686,290.18649999999997,505.9745686690068,1.002811562161549,1519.3570980313068,-1.932041996704129
2000,226.5622479195188,286.167,512.7292479195188,1.0,1519.465355258095,0.10825722678828242
2001,215.0509626165587,293.96279999999996,509.01376261655867,0.995914002735031,1517.7159801131584,-1.749375144936721
2002,216.04073174324364,308.4886,524.5293317432437,0.991828005470062,1520.6962498360529,2.9802697228944908
2003,213.98055262609702,313.4844,527.464952626097,0.987742008205093,1523.6914587885888,2.9952089525359042
2004,208.00169259421529,321.4202,529.4218925942153,0.9836560109401239,1526.3676227561,2.676163967511229
2005,205.4572700159953,328.966,534.4232700159953,0.9795700136751548,1529.763192636638,3.3955698805380052
2006,211.2339594451393,339.5914,550.8253594451394,0.9754840164101859,1537.5683653814474,7.805172744809397
2007,223.672583039232,340.1068,563.779383039232,0.9713980191452168,1548.1241297642587,10.555764382811276
2008,228.03049543871128,344.2622,572.2926954387112,0.977052169906687,1561.1999761895956,13.075846425336977
2009,235.04040686312868,353.1976,588.2380068631287,0.9827063206681571,1578.9782446853387,17.778268495743077
2010,224.2663857353366,359.223,583.4893857353366,0.9883604714296271,1594.0682845831689,15.090039897830138
2011,247.4109003803281,364.4245,611.8354003803281,0.9889882341230849,1616.9589949229808,22.890710339811903
2012,216.66762554529598,373.586,590.253625545296,0.9896159968165429,1630.2040236443256,13.245028721344852
2013,222.88330630031555,378.0775,600.9608063003155,0.9902437595100009,1645.6091573500855,15.405133705759908
2014,220.24898314608367,389.899,610.1479831460837,0.9908715222034588,1662.427945663576,16.818788313490586
2015,215.0,401.9505,616.9504999999999,0.9908600068687826,1679.6047187718643,17.176773108288216
2016,215.0,399.27200000000005,614.272,0.9908484915341064,1693.9527438159753,14.348025044110955
2017,215.0,406.7735,621.7735,0.9908369761994302,1709.169400779448,15.216656963472815
2018,215.0,413.58500000000004,628.585,0.9924774178789595,1725.2109243828022,16.041523603354108
2019,215.0,427.4565,642.4565,0.9941178595584886,1744.3319706467976,19.121046263995368
2020,215.0,427.918,642.918,0.9957583012380179,1761.7400496063394,17.408078959541854
