,natemis,Antr+BB,Totemis,ch4lifetime_fact,Conc,Trend
1950,215.0,140.0104525128931,355.0104525128931,1.0488608866700293,1153.5853040466884,
1951,215.0,155.2647590189582,370.2647590189582,1.0455466626386185,1152.2824775013407,-1.3028265453476706
1952,215.0,160.56519897750266,375.56519897750263,1.0435105097854591,1152.6722595505257,0.38978204918498705
1953,215.0,165.67239729952678,380.6723972995268,1.0405455939203825,1154.409114303927,1.7368547534013032
1954,215.0,170.3596523094297,385.3596523094297,1.044295794488673,1157.909791902503,3.500677598575976
1955,215.0,174.7266808075245,389.72668080752453,1.037508489961066,1161.7700723590856,3.8602804565825863
1956,215.0,180.6573371490168,395.6573371490168,1.028116236302615,1166.175144828591,4.405072469505512
1957,215.0,186.04093508154867,401.0409350815487,1.0421601616543277,1173.3962950821392,7.221150253548103
1958,215.0,188.36536028264797,403.365360282648,1.048657602665344,1181.29831463125,7.902019549110719
1959,215.0,192.664060295518,407.66406029551797,1.036391182649435,1188.4633611448749,7.1650465136249295
1960,215.0,197.23630741186156,412.23630741186156,1.0366828171259594,1196.4020573214398,7.9386961765649176
1961,215.0,205.11807849022705,420.11807849022705,1.0360169714873653,1206.0261575478462,9.624100226406426
1962,215.0,207.1876477655343,422.1876477655343,1.0483804322861743,1216.6489293407592,10.622771792913
1963,215.0,216.17384055615415,431.1738405561541,1.0443546910580446,1228.6755868447992,12.026657504040031
1964,215.0,216.530721226075,431.530721226075,1.0448466365780047,1239.5764914269962,10.900904582196972
1965,215.0,222.6427900199044,437.6427900199044,1.0416887487729276,1250.9782041707756,11.401712743779399
1966,215.0,226.28509422379705,441.28509422379705,1.045021997433171,1262.73615339346,11.757949222684374
1967,215.0,232.3092249518556,447.30922495185564,1.0453696087467055,1275.26875604832,12.532602654860057
1968,215.0,235.30852018679144,450.30852018679144,1.0399298066040126,1286.815399472815,11.54664342449496
1969,215.0,239.15630983176808,454.1563098317681,1.044521823964872,1298.9282445359593,12.112845063144277
1970,215.0,244.39032168242014,459.3903216824201,1.0439258467327728,1311.4039748070002,12.475730271040902
1971,215.0,249.2500236569801,464.2500236569801,1.0436193741341604,1324.1119048091773,12.707930002177136
1972,215.0,257.1728277174416,472.1728277174416,1.0520906785217377,1339.0936886478396,14.981783838662295
1973,215.0,260.25257580258824,475.25257580258824,1.0403958536106162,1352.0759599852531,12.982271337413522
1974,215.0,261.75608614159665,476.75608614159665,1.035825630675854,1363.584700177376,11.508740192122787
1975,215.0,262.9879199985267,477.9879199985267,1.0405937531705223,1374.8474475792257,11.262747401849765
1976,215.0,269.88077697352765,484.88077697352765,1.0471224324819541,1387.9976180295469,13.150170450321184
1977,215.0,273.963154930751,488.963154930751,1.0411935162013237,1400.3422360037628,12.344617974215907
1978,215.0,276.2604287421843,491.2604287421843,1.039175143440748,1411.8559650707411,11.513729066978385
1979,215.0,281.5334355614996,496.5334355614996,1.0376285224625028,1423.674639107016,11.818674036274842
1980,215.0,283.2799933041633,498.2799933041633,1.046993032958082,1436.0036411552278,12.329002048211805
1981,215.0,279.7228833024812,494.7228833024812,1.057235362607005,1447.1330998688213,11.129458713593522
1982,215.0,287.61463066683257,502.61463066683257,1.0571718977688278,1459.6915433512088,12.558443482387474
1983,215.0,281.5577046073275,496.5577046073275,1.059741846409663,1469.2212040300199,9.52966067881107
1984,215.0,284.9536362831875,499.9536362831875,1.0468082345506051,1477.1723790172935,7.951174987273589
1985,215.0,285.63759742417085,500.63759742417085,1.0438054769311433,1484.0932268564966,6.920847839203134
1986,215.0,290.77781253724584,505.77781253724584,1.049246969643094,1492.7043089936365,8.611082137139874
1987,215.0,295.02494838641707,510.02494838641707,1.040268768905054,1500.5899766005937,7.885667606957213
1988,215.0,298.6755905767461,513.6755905767461,1.0374802786999169,1508.4528276031563,7.862851002562593
1989,215.0,302.17109081824873,517.1710908182488,1.0428034452743942,1517.3568481393645,8.904020536208236
1990,200.3301288457454,305.2999200711051,505.63004891685046,1.0438158204508707,1521.5970911568818,4.240243017517287
1991,199.7503266400383,318.81183287573293,518.5621595157712,1.044515988674617,1529.7783026815446,8.181211524662785
1992,184.67510149951386,299.49068782266335,484.1657893221772,1.0373376907957834,1524.6351181271896,-5.1431845543550025
1993,197.36691793433434,299.5481852918242,496.9151032261585,1.0235051451726433,1522.3382896876974,-2.296828439492174
1994,206.86238646048096,310.39650696329267,517.2588934237737,1.025931824493182,1527.4025650008607,5.064275313163307
1995,201.7570917407637,305.56039716107193,507.31748890183565,1.0098251171866819,1526.2722824705313,-1.1302825303293957
1996,213.15982548765285,307.45705920620384,520.6168846938567,1.0059472571608135,1529.1121532739514,2.8398708034201263
1997,219.11808678658687,331.457796516877,550.5758833034639,1.0155065898427584,1542.9977522813965,13.88559900744508
1998,212.25503626636817,315.50915615703855,527.7641924234067,1.0260604213678781,1549.3080930946273,6.310340813230823
1999,221.87093317633915,309.5890972813972,531.4600304577364,0.9977243350302163,1551.934140737152,2.6260476425245542
2000,227.84472784773624,310.3755556419565,538.2202834896927,1.0,1556.8580064984444,4.923865761292518
2001,206.6473954472032,313.1005194228316,519.7479148700348,0.9976712650532031,1554.74086860282,-2.11713789562441
2002,212.26455200956343,322.47491151980734,534.7394635293708,0.9898186618728184,1556.6230681833515,1.8821995805315055
2003,215.22835450612564,328.33133481161764,543.5596893177433,0.994865821953046,1562.00421037328,5.381142189928596
2004,212.63153770421576,339.1599047856282,551.791442489844,0.9830062724148221,1567.6490626653979,5.6448522921177755
2005,212.49070626724972,346.62478641877203,559.1154926860218,0.9724656594085386,1573.3828390915921,5.733776426194254
2006,213.71072289363457,356.7053574534424,570.416080347077,0.9697798027915692,1581.7653937855737,8.382554693981547
2007,219.18200332427125,355.2617524896731,574.4437558139443,0.9645130934714374,1589.6446777070094,7.879283921435672
2008,228.68671106740234,360.75844432030715,589.4451553877095,0.9627371565534859,1601.287026196702,11.642348489692722
2009,221.551417970207,364.45377111581536,586.0051890860224,0.9682589027181607,1611.3771726468017,10.09014645009961
2010,221.69514826634378,371.1593157300012,592.854463996345,0.9741615880697929,1623.5698640845571,12.192691437755457
2011,227.28038439645948,372.924998542445,600.2053829389044,0.9620153522297454,1634.733353333413,11.163489248855967
2012,209.97597491597992,381.0856580369786,591.0616329529585,0.9808702795232336,1644.7885682239125,10.055214890499428
2013,213.54435145588445,381.87778643760544,595.4221378934899,0.9678609782840504,1652.9287800708748,8.140211846962302
2014,216.40412124879504,388.1687589286987,604.5728801774937,0.9658128139938376,1662.8093346589121,9.880554588037285
2015,206.32314747732138,398.732,605.0551474773214,0.9658128139938376,1671.711096786676,8.90176212776396
2016,201.11929681211606,390.97880000000004,592.0980968121161,0.9658128139938376,1675.2929328007194,3.581836014043347
2017,215.0,393.4056,608.4056,0.9658128139938376,1683.8664775972914,8.573544796571923
2018,215.0,395.1424,610.1424,0.9658128139938376,1692.027612897196,8.161135299904572
2019,215.0,403.9392,618.9392,0.9658128139938376,1702.1636208292502,10.136007932054326
2020,215.0,399.326,614.326,0.9658128139938376,1709.602707926143,7.439087096892763
