,natemis,Antr+BB,Totemis,ch4lifetime_fact,Conc,Trend
1950,215.0,163.598,378.598,1.0,1156.1234580696766,
1951,215.0,178.6518045817319,393.6518045817319,1.0,1157.3682177523867,1.2447596827100824
1952,215.0,183.7517426159432,398.75174261594316,1.0,1160.1668295338286,2.7986117814418776
1953,215.0,188.65843901363414,403.65843901363417,1.0,1164.2811501852748,4.114320651446178
1954,215.0,193.14519209920383,408.1451920992038,1.0,1169.424434307104,5.143284121829311
1955,215.0,197.31171867296544,412.3117186729654,1.0,1175.37515037469,5.950716067585972
1956,215.0,203.04187309012457,418.04187309012457,1.0,1182.5620294269106,7.186879052220547
1957,215.0,208.22496909832324,423.22496909832324,1.0,1190.6650294087437,8.102999981833136
1958,215.0,210.34889237508935,425.34889237508935,1.0,1198.5658975074878,7.900868098744013
1959,215.0,214.44709046362615,429.4470904636262,1.0,1206.9427445592996,8.376847051811865
1960,215.0,218.81883565563655,433.8188356556366,1.0,1215.833095346065,8.890350786765339
1961,215.0,224.59797580858205,439.5979758085821,1.0,1225.6467213045075,9.813625958442572
1962,215.0,224.56491415846932,439.5649141584693,1.0,1234.3505366264258,8.703815321918228
1963,215.0,231.44847602366914,446.4484760236692,1.0,1244.3651920887514,10.014655462325663
1964,215.0,229.70272576816996,444.70272576816996,1.0,1252.678898629778,8.313706541026477
1965,215.0,233.7121636365794,448.71216363657936,1.0,1261.3928892724264,8.713990642648469
1966,215.0,235.251836915052,450.25183691505197,1.0,1269.6423586966077,8.24946942418137
1967,215.0,239.17333671769057,454.1733367176906,1.0,1278.270108589155,8.627749892547172
1968,215.0,240.0700010272064,455.0700010272064,1.0,1286.2295085428077,7.959399953652792
1969,215.0,241.81515974676304,456.815159746763,1.0,1293.8771020912006,7.647593548392933
1970,215.0,244.94654067199508,459.9465406719951,1.0,1301.7080412717762,7.8309391805755695
1971,215.0,248.76207785759098,463.76207785759095,1.0,1309.928943243553,8.220901971776811
1972,215.0,256.04497069059664,471.04497069059664,1.0,1319.6473389630787,9.718395719525688
1973,215.0,255.60237187520235,470.6023718752024,1.0,1328.1306167483374,8.483277785258679
1974,215.0,258.8376989548787,473.8376989548787,1.0,1336.7381795339015,8.607562785564141
1975,215.0,261.71079484263964,476.71079484263964,1.0,1345.3358468872625,8.597667353360976
1976,215.0,266.11259910976634,481.11259910976634,1.0,1354.4322725778302,9.096425690567685
1977,215.0,269.5931488630674,484.5931488630674,1.0,1363.6657452317845,9.233472653954323
1978,215.0,272.7548380298701,487.7548380298701,1.0,1372.9150549118428,9.249309680058332
1979,215.0,276.282103452212,491.282103452212,1.0,1382.2998031495108,9.384748237667964
1980,215.0,279.7152927768357,494.7152927768357,1.0,1391.7735906972234,9.473787547712618
1981,215.0,281.48962262623303,496.48962262623303,1.0,1400.775690621887,9.002099924663526
1982,215.0,290.3138617386215,505.3138617386215,1.0,1411.6995550671554,10.923864445268464
1983,215.0,285.25634640067585,500.25634640067585,1.0,1419.72112863871,8.021573571554654
1984,215.0,288.3160050399723,503.3160050399723,1.0,1427.8603607335253,8.13923209481527
1985,215.0,290.7718115359584,505.7718115359584,1.0,1435.903592424695,8.043231691169694
1986,215.0,293.2029897176004,508.2029897176004,1.0,1443.8533960630168,7.949803638321782
1987,215.0,297.6636160553672,512.6636160553671,1.0,1452.394028969945,8.540632906928295
1988,215.0,297.990817919549,512.990817919549,1.0,1460.086999477787,7.692970507841892
1989,215.0,299.2419704961214,514.2419704961214,1.0,1467.333980988431,7.246981510643991
1990,203.46046503508242,302.9738366007256,506.43430163580797,1.0,1471.1772957911403,3.843314802709301
1991,203.86480763910888,316.0443104403371,519.909118079446,1.0,1479.0640414876234,7.8867456964831035
1992,192.99593815610623,298.3385526293896,491.33449078549586,1.0,1476.5806574890519,-2.483383998571526
1993,197.53013600762725,298.32968740051797,495.8598234081452,1.0,1475.8777921736048,-0.7028653154470703
1994,201.6702175992425,306.8975623385286,508.5677799377711,1.0,1479.4727897255927,3.5949975519879445
1995,198.42425222373905,295.94589077222037,494.37014299595944,1.0,1477.9515036106661,-1.5212861149266246
1996,207.98618316435926,293.32614251621055,501.3123256805698,1.0,1478.9054271605305,0.9539235498643848
1997,214.82762962942098,315.2255,530.0531296294209,1.0,1489.2947609648675,10.389333804336957
1998,212.48904469996359,297.786,510.2750446999636,1.0,1491.9542857750876,2.6595248102200912
1999,217.9089641525754,290.18649999999997,508.09546415257535,1.0,1493.5923814594332,1.6380956843456715
2000,223.84146230918932,286.167,510.0084623091893,1.0,1495.6821928607171,2.089811401283896
2001,212.14445447990562,293.96279999999996,506.1072544799056,1.0,1496.2427693785764,0.5605765178593174
2002,212.8758216861255,308.4886,521.3644216861255,1.0,1501.806103184968,5.5633338063914834
2003,211.72546899530604,313.4844,525.209868995306,1.0,1508.0232345007078,6.2171313157398345
2004,213.08436107609737,321.4202,534.5045610760974,1.0,1516.6301587602775,8.606924259569723
2005,212.75712594098638,328.966,541.7231259409864,1.0,1526.669996267765,10.039837507487618
2006,214.2753006005639,339.5914,553.866700600564,1.0,1539.6174536804324,12.94745741266729
2007,219.2960049118257,340.1068,559.4028049118257,1.0,1552.953220925601,13.335767245168654
2008,223.58951985494042,344.2622,567.8517198549405,1.0,1567.6008998028638,14.647678877262706
2009,225.71980135560707,353.1976,578.9174013556071,1.0,1584.282386756704,16.68148695384025
2010,221.51078875464103,359.223,580.7337887546411,1.0,1599.6991019105808,15.416715153876794
2011,231.70388323857958,364.4245,596.1283832385795,1.0,1618.5007564165214,18.801654505940633
2012,214.9830507354091,373.586,588.5690507354091,1.0,1632.6874149838163,14.186658567294899
2013,217.41204857078336,378.0775,595.4895485707833,1.0,1647.5832616243276,14.895846640511309
2014,224.21455529617825,389.899,614.1135552961782,1.0,1666.9945650722948,19.411303447967157
2015,216.73377395544077,401.9505,618.6842739554407,1.0,1685.7499028406353,18.755337768340496
2016,211.4816056757864,399.27200000000005,610.7536056757865,1.0,1699.7721437428747,14.022240902239446
2017,219.41648958015332,406.7735,626.1899895801533,1.0,1717.3493380718023,17.57719432892759
2018,220.87595683236208,413.58500000000004,634.4609568323622,1.0,1735.704450178935,18.355112107132754
2019,217.1260225955851,427.4565,644.5825225955851,1.0,1755.3647928121727,19.660342633237633
2020,215.0,427.918,642.918,1.0,1772.2711251724825,16.90633236030976
