,natemis,Antr+BB,Totemis,ch4lifetime_fact,Conc,Trend
1950,215.0,145.72559245704448,360.7255924570445,1.0,1150.1896481473018,
1951,215.0,161.1689540027448,376.16895400274484,1.0,1146.2943445382887,-3.8953036090131263
1952,215.0,166.6584490009245,381.6584490009245,1.0,1144.6577636741636,-1.6365808641251078
1953,215.0,171.95470236258384,386.9547023625838,1.0,1144.962837805201,0.30507413103737235
1954,215.0,176.831012412122,391.831012412122,1.0,1146.8527342067257,1.8898964015247657
1955,215.0,181.387095949852,396.387095949852,1.0,1150.0436817222278,3.1909475155021028
1956,215.0,187.50680733097954,402.50680733097954,1.0,1154.9091407439503,4.865459021722472
1957,215.0,193.07946030314662,408.0794603031466,1.0,1161.079987236674,6.17084649272374
1958,215.0,195.59294054388116,410.5929405438811,1.0,1167.3943821275964,6.314394890922358
1959,215.0,200.08069559638636,415.08069559638636,1.0,1174.4917303558884,7.097348228292049
1960,215.0,204.8419977523652,419.84199775236516,1.0,1182.375184714232,7.88345435834367
1961,215.0,212.9151721685548,427.9151721685548,1.0,1192.0562979336885,9.681113219456392
1962,215.0,215.1761447816861,430.1761447816861,1.0,1201.404079272386,9.347781338697587
1963,215.0,224.35374091013003,439.35374091013,1.0,1212.752237010504,11.348157738117834
1964,215.0,224.902024917875,439.902024917875,1.0,1223.0117745600314,10.259537549527522
1965,215.0,231.2054970495285,446.2054970495285,1.0,1234.2153623612585,11.203587801227059
1966,215.0,235.0392045912452,450.0392045912452,1.0,1245.4373094788912,11.22194711763268
1967,215.0,241.25473865712786,456.25473865712786,1.0,1257.466349360261,12.029039881369727
1968,215.0,244.44543722988774,459.4454372298877,1.0,1269.2078373912525,11.741488030991604
1969,215.0,248.48463021268853,463.48463021268856,1.0,1280.9756790599286,11.767841668676056
1970,215.0,253.9100454011647,468.91004540116467,1.0,1293.2271625494825,12.251483489553948
1971,215.0,257.57479257777885,472.57479257777885,1.0,1305.323575790977,12.096413241494474
1972,215.0,264.87815496199676,479.87815496199676,1.0,1318.4903370189277,13.166761227950701
1973,215.0,267.174414913303,482.174414913303,1.0,1330.945193326507,12.454856307579348
1974,215.0,268.77272781252634,483.77272781252634,1.0,1342.536131779731,11.590938453223998
1975,215.0,271.02888398583644,486.02888398583644,1.0,1353.5782956974845,11.042163917753442
1976,215.0,275.0518357547742,490.0518357547742,1.0,1364.719724489364,11.141428791879434
1977,215.0,277.72254164205543,492.72254164205543,1.0,1375.5003449037574,10.780620414393525
1978,215.0,279.07729251334416,494.07729251334416,1.0,1385.5236471058918,10.023302202134346
1979,215.0,283.36524243347924,498.36524243347924,1.0,1395.8482782681228,10.324631162231071
1980,215.0,282.2371159769046,497.2371159769046,1.0,1404.642309459243,8.794031191120212
1981,215.0,277.5286029825358,492.5286029825358,1.0,1410.8883997835057,6.2460903242626955
1982,215.0,285.26941946839,500.26941946839,1.0,1419.0051389735354,8.116739190029648
1983,215.0,279.04267506764637,494.04267506764637,1.0,1424.145706510121,5.14056753658565
1984,215.0,284.0863192602393,499.0863192602393,1.0,1430.3852215919246,6.2395150818035745
1985,215.0,287.0049229958179,502.0049229958179,1.0,1436.8951011027134,6.509879510788778
1986,215.0,290.9973934447917,505.9973934447917,1.0,1444.0016062784841,7.106505175770735
1987,215.0,295.28841803933904,510.28841803933904,1.0,1451.737055639009,7.7354493605248535
1988,215.0,299.1743864512828,514.1743864512828,1.0,1459.8965436463664,8.159488007357368
1989,215.0,304.2999708971575,519.2999708971574,1.0,1468.844154957379,8.947611311012679
1990,196.74772668865427,307.58244894288526,504.33017563153953,1.0,1471.8197853288805,2.9756303715014383
1991,198.2364378165914,320.3405374138564,518.5769752304478,1.0,1479.1923071876624,7.372521858781965
1992,187.79558900194488,304.1997961122732,491.99538511421804,1.0,1476.9139844768306,-2.2783227108318442
1993,189.79585223160905,305.23302163145047,495.0288738630595,1.0,1475.8979132837928,-1.0160711930377602
1994,197.35571953699662,317.2848254228341,514.6405449598308,1.0,1481.5068738313503,5.608960547557444
1995,197.11477002867338,311.7473692430924,508.8621392717658,1.0,1484.5693119832772,3.0624381519269264
1996,209.69448889653663,313.88494695523417,523.5794358517708,1.0,1492.175131225554,7.605819242276766
1997,210.47768420635288,337.0204142930985,547.4980984994513,1.0,1506.8705495549182,14.695418329364202
1998,209.4890943325314,317.9406473511351,527.4297416836665,1.0,1513.2576326232065,6.387083068288348
1999,218.13505086211853,313.09385370096595,531.2289045630845,1.0,1520.190910942608,6.933278319401552
2000,224.43379724003518,314.79158226734603,539.2253795073811,1.0,1529.0027745859293,8.811863643321203
2001,209.41124316982896,315.2928524514628,524.7040956212918,1.0,1532.0067670455894,3.0039924596601395
2002,214.11349174689514,322.1007386331392,536.2142303800343,1.0,1538.4958764309124,6.48910938532299
2003,210.067351186169,328.4756943824689,538.5430455686378,1.0,1545.031587688275,6.535711257362664
2004,215.94404838269085,335.7220642725255,551.6661126552164,1.0,1555.1924774727886,10.160889784513529
2005,208.63713125161553,341.88187367125875,550.5190049228743,1.0,1563.834799479444,8.642322006655377
2006,219.32569205221733,352.4529993712408,571.7786914234582,1.0,1578.5678576664748,14.733058187030792
2007,218.0672449705479,349.7789386288197,567.8461835993676,1.0,1590.345621954683,11.777764288208346
2008,221.76288071196748,353.30974763980123,575.0726283517687,1.0,1603.2038760345504,12.858254079867265
2009,224.22978858618197,355.2102928669951,579.4400814531771,1.0,1616.0724247055305,12.86854867098009
2010,221.6122031167196,360.8548031390112,582.4670062557308,1.0,1628.505047087486,12.432622381955525
2011,234.96775986419928,365.99466311704407,600.9624229812433,1.0,1645.6862409303685,17.18119384288252
2012,214.6834019506841,372.97725290758524,587.6606548582694,1.0,1656.5273387251352,10.84109779476671
2013,213.16365728260934,372.6442144644898,585.8078717470992,1.0,1665.5394147393333,9.012076014198101
2014,219.12119513617802,380.3961968225409,599.5173919587189,1.0,1678.0940982112556,12.554683471922317
2015,212.69994127272804,387.4758223403408,600.1757636130689,1.0,1689.4616166929113,11.36751848165568
2016,204.5384273311009,379.4876497908962,584.0260771219971,1.0,1694.194461547261,4.732844854349651
2017,216.96409157036751,385.0082127080213,601.9723042783888,1.0,1704.3556874629635,10.161225915702516
2018,218.8718073210817,387.8058049137809,606.6776122348626,1.0,1714.9413658426288,10.585678379665296
2019,213.25609550943,394.70580491378087,607.9619004232109,1.0,1724.7681594290557,9.826793586426902
2020,215.0,388.1958049137809,603.1958049137809,1.0,1731.9122555717793,7.144096142723583
