,natemis,Antr+BB,Totemis,ch4lifetime_fact,Conc,Trend
1950,215.0,163.598,378.598,1.0247219712311393,1158.87120071134,
1951,215.0,178.6518045817319,393.6518045817319,1.0244368393312935,1162.5278893401814,3.6566886288414935
1952,215.0,183.7517426159432,398.75174261594316,1.0241517074314475,1167.4473710965688,4.919481756387313
1953,215.0,188.65843901363414,403.65843901363417,1.0238665755316017,1173.4264945977843,5.979123501215554
1954,215.0,193.14519209920383,408.1451920992038,1.0235814436317558,1180.2089730995292,6.78247850174489
1955,215.0,197.31171867296544,412.3117186729654,1.02329631173191,1187.5997467541158,7.39077365458661
1956,215.0,203.04187309012457,418.04187309012457,1.023011179832064,1196.0513099918514,8.451563237735627
1957,215.0,208.22496909832324,423.22496909832324,1.0227260479322182,1205.2647908230865,9.213480831235074
1958,215.0,210.34889237508935,425.34889237508935,1.0224409160323724,1214.139120105746,8.874329282659573
1959,215.0,214.44709046362615,429.4470904636262,1.0221557841325266,1223.367293053906,9.228172948159909
1960,215.0,218.81883565563655,433.8188356556366,1.0218706522326808,1233.0008062166394,9.63351316273338
1961,215.0,224.59797580858205,439.5979758085821,1.0215855203328348,1243.4623144286843,10.461508212044919
1962,215.0,224.56491415846932,439.5649141584693,1.021300388432989,1252.7283841642989,9.266069735614565
1963,215.0,231.44847602366914,446.4484760236692,1.021015256533143,1263.2288424934723,10.500458329173398
1964,215.0,229.70272576816996,444.70272576816996,1.0207301246332974,1271.959257713453,8.730415219980841
1965,215.0,233.7121636365794,448.71216363657936,1.0204449927334514,1281.0267365845768,9.06747887112374
1966,215.0,235.251836915052,450.25183691505197,1.0201598608336055,1289.572842842466,8.54610625788905
1967,215.0,239.17333671769057,454.1733367176906,1.0198747289337597,1298.4460970477567,8.873254205290777
1968,215.0,240.0700010272064,455.0700010272064,1.019589597033914,1306.6047010806703,8.158604032913672
1969,215.0,241.81515974676304,456.815159746763,1.019304465134068,1314.4089238683773,7.804222787706976
1970,215.0,244.94654067199508,459.9465406719951,1.0190193332342221,1322.358060854885,7.94913698650771
1971,215.0,248.76207785759098,463.76207785759095,1.0199605556308002,1330.8169926608862,8.458931806001146
1972,215.0,256.04497069059664,471.04497069059664,1.0209017780273784,1340.883246812672,10.06625415178587
1973,215.0,255.60237187520235,470.6023718752024,1.0218430004239563,1349.8137264393968,8.930479626724718
1974,215.0,258.8376989548787,473.8376989548787,1.0227842228205342,1358.9572178080714,9.143491368674631
1975,215.0,261.71079484263964,476.71079484263964,1.0237254452171123,1368.171299822203,9.21408201413169
1976,215.0,266.11259910976634,481.11259910976634,1.0246666676136902,1377.957795966264,9.786496144060948
1977,215.0,269.5931488630674,484.5931488630674,1.0256078900102683,1387.9491358336165,9.991339867352508
1978,215.0,272.7548380298701,487.7548380298701,1.0265491124068462,1398.0183868801587,10.06925104654215
1979,215.0,276.282103452212,491.282103452212,1.0274903348034243,1408.280097288369,10.26171040821032
1980,215.0,279.7152927768357,494.7152927768357,1.0284315572000022,1418.6834899364767,10.403392648107683
1981,215.0,281.48962262623303,496.48962262623303,1.0283999636415508,1428.5343987190433,9.850908782566648
1982,215.0,290.3138617386215,505.3138617386215,1.0283683700830997,1440.2371505273602,11.702751808316862
1983,215.0,285.25634640067585,500.25634640067585,1.0283367765246483,1448.9736924952354,8.736541967875155
1984,215.0,288.3160050399723,503.3160050399723,1.028305182966197,1457.7672983068105,8.793605811575162
1985,215.0,290.7718115359584,505.7718115359584,1.0282735894077455,1466.4109057003436,8.643607393533102
1986,215.0,293.2029897176004,508.2029897176004,1.028241995849294,1474.912688576571,8.50178287622748
1987,215.0,297.6636160553672,512.6636160553671,1.028210402290843,1483.9628567993982,9.050168222827097
1988,215.0,297.990817919549,512.990817919549,1.0281788087323915,1492.127089529352,8.16423272995371
1989,215.0,299.2419704961214,514.2419704961214,1.0281472151739404,1499.809477227913,7.682387698561115
1990,207.13777445155313,302.9738366007256,510.1116110522787,1.0281156216154888,1505.2734945580794,5.464017330166371
1991,206.4189161040385,316.0443104403371,522.4632265443756,1.02530405945394,1513.8500761600128,8.576581601933412
1992,194.53550769894048,298.3385526293896,492.8740603283301,1.022492497292391,1511.2507568316216,-2.599319328391175
1993,199.9311640200513,298.32968740051797,498.2608514205693,1.0196809351308422,1510.3270679379536,-0.9236888936679861
1994,202.9940352402028,306.8975623385286,509.8915975787314,1.0168693729692933,1512.9674763800404,2.6404084420867093
1995,197.44693511447778,295.94589077222037,493.3928258866981,1.0140578108077443,1509.4288716942608,-3.5386046857795463
1996,207.20103192719466,293.32614251621055,500.5271744434052,1.0112462486461955,1508.2456919198542,-1.1831797744066535
1997,217.73968242650653,315.2255,532.9651824265065,1.0084346864846467,1517.5596518039822,9.313959884128053
1998,212.1138313815474,297.786,509.8998313815474,1.0056231243230978,1517.7632964604795,0.20364465649731756
1999,216.99656031183122,290.18649999999997,507.1830603118312,1.002811562161549,1516.6264175825522,-1.1368788779273018
2000,224.30553653458136,286.167,510.4725365345813,1.0,1516.2911799752953,-0.3352376072568859
2001,212.51997324232056,293.96279999999996,506.4827732423205,0.995914002735031,1514.0582856838857,-2.2328942914095933
2002,212.1704320233259,308.4886,520.659032023326,0.991828005470062,1516.166458724526,2.1081730406401675
2003,211.94485638005466,313.4844,525.4292563800547,0.987742008205093,1518.9986235473577,2.832164822831828
2004,211.43839792487432,321.4202,532.8585979248744,0.9836560109401239,1523.3475035494437,4.348880002085934
2005,214.9095743035305,328.966,543.8755743035305,0.9795700136751548,1530.2219732506214,6.874469701177759
2006,211.9578219242644,339.5914,551.5492219242644,0.9754840164101859,1538.2147322131698,7.992758962548351
2007,220.7534076670482,340.1068,560.8602076670483,0.9713980191452168,1547.7286262964092,9.513894083239393
2008,226.26119336847543,344.2622,570.5233933684755,0.977052169906687,1560.2628941685653,12.534267872156079
2009,227.79548429501534,353.1976,580.9930842950154,0.9827063206681571,1575.744388294302,15.481494125736845
2010,222.70559512358187,359.223,581.9285951235819,0.9883604714296271,1590.6821585613918,14.937770267089718
2011,231.1165900907369,364.4245,595.5410900907369,0.9889882341230849,1608.5487071841173,17.86654862272553
2012,214.23806968250926,373.586,587.8240696825093,0.9896159968165429,1621.9373927154743,13.388685531356941
2013,219.16898297119255,378.0775,597.2464829711926,0.9902437595100009,1637.043102298884,15.105709583409634
2014,228.10570225698547,389.899,618.0047022569854,0.9908715222034588,1657.4356093822284,20.392507083344526
2015,219.00148484941846,401.9505,620.9519848494184,0.9908600068687826,1676.503539006375,19.067929624146473
2016,213.7915772904531,399.27200000000005,613.0635772904532,0.9908484915341064,1690.800433328247,14.29689432187206
2017,220.463654903922,406.7735,627.237154903922,0.9908369761994302,1708.1858799571473,17.385446628900354
2018,222.41348146598264,413.58500000000004,635.9984814659826,0.9924774178789595,1726.7986123389246,18.612732381777278
2019,219.24138085349597,427.4565,646.6978808534959,0.9941178595584886,1747.1487697457424,20.350157406817743
2020,215.0,427.918,642.918,0.9957583012380179,1764.2403414016824,17.091571655940015
