,natemis,Antr+BB,Totemis,ch4lifetime_fact,Conc,Trend
1950,215.0,145.69132180652684,360.69132180652684,1.0247219712311393,1152.9186839871857,
1951,215.0,161.13354968984004,376.13354968984004,1.0244368393312933,1151.405409565321,-1.5132744218647076
1952,215.0,166.62191102563256,381.6219110256326,1.0241517074314475,1151.8518649009052,0.44645533558423267
1953,215.0,171.91703072490478,386.91703072490475,1.0238665755316017,1153.9786243284002,2.126759427495017
1954,215.0,176.79220711205573,391.79220711205573,1.0235814436317556,1157.4614519822023,3.4828276538021328
1955,215.0,181.34715698739865,396.34715698739865,1.0232963117319098,1162.044757083117,4.583305100914686
1956,215.0,187.46573470613905,402.4657347061391,1.023011179832064,1168.1271129713477,6.0823558882307225
1957,215.0,193.03725401591896,408.03725401591896,1.0227260479322182,1175.3616159793785,7.234503008030742
1958,215.0,195.54960059426637,410.5496005942664,1.0224409160323724,1182.604412645112,7.242796665733522
1959,215.0,200.03622198438438,415.0362219843844,1.0221557841325264,1190.5103890305136,7.905976385401573
1960,215.0,204.79639047797613,419.79639047797616,1.0218706522326806,1199.0970977870495,8.586708756535927
1961,215.0,212.86841715028493,427.8684171502849,1.0215855203328348,1209.389943240889,10.29284545383939
1962,215.0,215.12824201953555,430.12824201953555,1.021300388432989,1219.2688944016068,9.878951160717861
1963,215.0,224.30469040409875,439.3046904040988,1.021015256533143,1231.077746044811,11.808851643204207
1964,215.0,224.85182666796288,439.8518266679629,1.0207301246332972,1241.7354459574092,10.657699912598218
1965,215.0,231.1541510557357,446.1541510557357,1.0204449927334514,1253.2808644646643,11.545418507255135
1966,215.0,234.98671085357168,449.9867108535717,1.0201598608336055,1264.7947972425343,11.513932777869968
1967,215.0,241.20109717557358,456.2010971755736,1.0198747289337597,1277.0716492916636,12.276852049129275
1968,215.0,244.3906480044528,459.3906480044528,1.0195895970339137,1289.0214325185675,11.949783226903946
1969,215.0,248.42869324337278,463.4286932433728,1.019304465134068,1300.9615038298157,11.940071311248175
1970,215.0,253.8529606879682,468.8529606879682,1.0190193332342221,1313.3529476185706,12.391443788754941
1971,215.0,257.52620629587904,472.52620629587904,1.0199605556308,1325.7165489516904,12.363601333119732
1972,215.0,264.8182405958808,479.8182405958808,1.0209017780273781,1339.2600870082379,13.543538056547504
1973,215.0,267.14971892758393,482.14971892758393,1.021843000423956,1352.2071154796856,12.947028471447766
1974,215.0,268.7846400384715,483.7846400384715,1.0227842228205342,1364.3937943784244,12.186678898738819
1975,215.0,271.109550132768,486.109550132768,1.0237254452171123,1376.1349823143255,11.741187935901053
1976,215.0,275.151199176438,490.151199176438,1.0246666676136902,1388.0521317131665,11.917149398841048
1977,215.0,277.8837806829508,492.8837806829508,1.0256078900102683,1399.6926321098688,11.640500396702237
1978,215.0,279.1532573379765,494.1532573379765,1.0265491124068462,1410.6022375091377,10.909605399268912
1979,215.0,283.509905097283,498.509905097283,1.0274903348034243,1421.8890986081713,11.286861099033558
1980,215.0,282.39789700257745,497.39789700257745,1.0284315572000022,1431.695449293654,9.806350685482812
1981,215.0,277.70632086781643,492.70632086781643,1.0283999636415508,1438.8648286105356,7.169379316881532
1982,215.0,285.44898160510485,500.44898160510485,1.0283683700830994,1447.8198152110094,8.95498660047383
1983,215.0,279.2322937007664,494.2322937007664,1.0283367765246483,1453.7238212519642,5.904006040954755
1984,215.0,284.2736509570633,499.2736509570633,1.0283051829661969,1460.6536784939794,6.9298572420152595
1985,215.0,287.21176940850773,502.21176940850773,1.0282735894077457,1467.7978205066293,7.144142012649809
1986,215.0,291.2706380860499,506.2706380860499,1.028241995849294,1475.5053793792736,7.707558872644313
1987,215.0,295.5911049346384,510.5911049346384,1.0282104022908427,1483.8016320533027,8.29625267402912
1988,215.0,299.50593861356083,514.5059386135608,1.0281788087323915,1492.487246867583,8.68561481428037
1989,215.0,304.6665974459152,519.6665974459152,1.0281472151739401,1501.933768558684,9.446521691100997
1990,196.74772668865427,307.914041620146,504.6617683088003,1.0281156216154888,1505.3533815705273,3.4196130118432393
1991,198.2364378165914,320.68279532797294,518.9192331445644,1.0253040594539398,1512.743077399046,7.389695828518597
1992,187.79558900194488,304.53940686846767,492.3349958704125,1.022492497292391,1510.0862781036967,-2.656799295349174
1993,189.79585223160905,305.54609779725865,495.3419500288677,1.019680935130842,1508.3208362974397,-1.7654418062570585
1994,197.35571953699662,317.597620646701,514.9533401836976,1.0168693729692933,1512.8647725504372,4.543936252997582
1995,197.11477002867338,312.19366926980626,509.30843929847964,1.0140578108077443,1514.625413007492,1.7606404570547056
1996,209.69448889653663,314.27731063372306,523.9717995302597,1.0112462486461955,1520.6539848038797,6.028571796387723
1997,210.47768420635288,337.39423398689746,547.8719181932504,1.0084346864846467,1533.5394825459143,12.885497742034659
1998,209.4890943325314,318.3664476301497,527.8555419626812,1.0056231243230978,1537.9252994656458,4.3858169197314965
1999,218.13505086211853,313.54878980346416,531.6838406655827,1.0028115621615488,1542.6717638652597,4.746464399613842
2000,224.43379724003518,315.2590354804872,539.6928327205223,1.0,1549.1216404006332,6.449876535373505
2001,209.41124316982896,315.6535417996881,525.0647849695171,0.9972303853728057,1549.5700296123557,0.4483892117225423
2002,214.11349174689514,322.5524780298677,536.6659697767628,0.9944607707456116,1553.3937155780318,3.823685965676077
2003,210.067351186169,328.93805732438307,539.0054085105521,0.9916911561184175,1557.1348897628377,3.7411741848059137
2004,215.94404838269085,336.0629318005267,552.0069801832176,0.9889215414912234,1564.3362904708952,7.201400708057463
2005,208.63713125161553,342.20939793202444,550.84652918364,0.9861519268640292,1569.9019160666687,5.565625595773554
2006,219.32569205221733,352.88884852886645,572.2145405810838,0.9833823122368349,1581.484684589569,11.582768522900324
2007,218.0672449705479,350.1027628899805,568.1700078605284,0.9806126976096409,1589.9637834625898,8.479098873020803
2008,221.76288071196748,353.6885615404862,575.4514422524537,0.9862691313599595,1600.8087121244598,10.844928661869972
2009,224.22978858618197,355.1745289722293,579.4043175584113,0.9919255651102782,1612.6487700312628,11.84005790680294
2010,221.6122031167196,360.86969570672267,582.4818988234423,0.9975819988605968,1625.0842212765,12.435451245237346
2011,234.96775986419928,366.86200176465536,601.8297616288546,0.9982952851331266,1642.6623153520775,17.578094075577383
2012,214.6834019506841,372.93936189598577,587.6227638466698,0.9990085714056565,1653.6687476476677,11.00643229559023
2013,213.16365728260934,372.12612208235606,585.2897793649654,0.9997218576781862,1662.7835705081484,9.114822860480672
2014,219.12119513617802,379.6360199266544,598.7572150628324,1.000435143950716,1675.4657579138427,12.682187405694322
2015,212.69994127272804,386.38580047504416,599.0857417477722,0.99758407518491,1686.3657912357296,10.900033321886895
2016,204.5384273311009,378.3196319917136,582.8580593228145,0.9947330064191041,1690.1794399189769,3.8136486832472656
2017,216.96409157036751,383.4074474991411,600.3715390695086,0.9918819376532981,1698.8964186772614,8.71697875828454
2018,218.8718073210817,388.5484716668797,607.4202789879614,0.9952698352126487,1709.5443122942117,10.647893616950341
2019,213.25609550943,399.41284493865857,612.6689404480885,0.9986577327719993,1721.3117061096832,11.76739381547145
2020,215.0,396.9719628374015,611.9719628374015,1.0208161755200762,1735.2186133981236,13.90690728844038
