,natemis,Antr+BB,Totemis,ch4lifetime_fact,Conc,Trend
1950,215.0,163.17450659965715,378.17450659965715,1.1198738170347002,1168.2253112438502,
1951,215.0,179.19507276100282,394.19507276100285,1.1198738170347002,1180.6454416422432,12.420130398392985
1952,215.0,185.26177237482784,400.26177237482784,1.1198738170347002,1193.8238064296772,13.17836478743402
1953,215.0,191.13523035213254,406.13523035213257,1.1198738170347002,1207.618545815428,13.794739385750745
1954,215.0,196.588745017316,411.588745017316,1.1198738170347002,1221.826591603354,14.20804578792604
1955,215.0,201.72203317069142,416.7220331706914,1.1198738170347002,1236.2988797274659,14.472288124111856
1956,215.0,208.41894916746426,423.41894916746423,1.1198738170347002,1251.5304408492634,15.23156112179754
1957,215.0,214.5688067552767,429.5688067552767,1.1198738170347002,1267.261194358155,15.730753508891667
1958,215.0,217.6594916116566,432.65949161165656,1.1198738170347002,1282.418970613795,15.157776255639874
1959,215.0,222.72445127980714,437.7244512798071,1.1198738170347002,1297.7212941452603,15.30232353146539
1960,215.0,228.0629580514313,443.06295805143134,1.1198738170347002,1313.2447376370249,15.52344349176451
1961,215.0,236.72050668084023,451.72050668084023,1.113564668769716,1329.4144039991513,16.169666362126463
1962,215.0,239.56585350719098,454.565853507191,1.1159305993690851,1345.1279535673086,15.713549568157305
1963,215.0,249.3278238488543,464.32782384885434,1.1175078864353312,1362.6613238547807,17.533370287472053
1964,215.0,250.4604820698185,465.4604820698185,1.1190851735015772,1378.9518046281503,16.29048077336961
1965,215.0,257.3483284146914,472.3483284146914,1.1175078864353312,1395.7059502232642,16.75414559511387
1966,215.0,261.76641016962753,476.76641016962753,1.1064668769716088,1410.985081021252,15.279130797987818
1967,215.0,268.56631844872953,483.56631844872953,1.1056782334384858,1426.868545836936,15.883464815683965
1968,215.0,272.34139123470885,487.34139123470885,1.1054131054131053,1442.3434413973732,15.47489556043729
1969,215.0,276.9649584307289,491.9649584307289,1.0962145110410093,1456.679150197682,14.335708800308794
1970,215.0,282.9747478324244,497.9747478324244,1.1017350157728707,1472.191436166519,15.512285968836977
1971,215.0,292.39338546227265,507.39338546227265,1.107312440645774,1489.91015642262,17.71872025610105
1972,215.0,305.77288904383573,520.7728890438357,1.0949667616334284,1508.761462149623,18.85130572700291
1973,215.0,317.30180353705,532.30180353705,1.0864197530864197,1528.4219495926911,19.660487443068178
1974,215.0,319.6737152945646,534.6737152945645,1.092117758784425,1547.5455855049825,19.12363591229132
1975,215.0,313.4687162301143,528.4687162301143,1.0892687559354226,1562.2414008678056,14.695815362823168
1976,215.0,328.0681369115893,543.0681369115894,1.090218423551757,1580.395055257279,18.15365438947333
1977,215.0,327.50971043294277,542.5097104329427,1.0816714150047484,1595.334072399542,14.939017142263083
1978,215.0,337.29152495073333,552.2915249507333,1.0721747388414056,1610.67084518943,15.336772789888073
1979,215.0,339.2625001945196,554.2625001945196,1.0796529968454258,1626.0734459259806,15.40260073655054
1980,215.0,331.9744129863428,546.9744129863428,1.0978157644824313,1639.8955567136638,13.822110787683187
1981,215.0,315.6808105870111,530.6808105870111,1.0788224121557457,1644.2517127040708,4.356155990406933
1982,215.0,321.2350753555989,536.2350753555988,1.0858490566037737,1650.975023014243,6.723310310172337
1983,215.0,310.5807537196765,525.5807537196765,1.0683760683760681,1650.9909742321677,0.015951217924566663
1984,215.0,309.44370211114114,524.4437021111412,1.0826210826210825,1652.6311801063903,1.6402058742226018
1985,215.0,308.5329440305821,523.532944030582,1.0759734093067426,1652.865779216511,0.23459911012082557
1986,215.0,311.14209539675954,526.1420953967595,1.0664767331433995,1652.596750015727,-0.269029200784189
1987,215.0,313.06531577001317,528.0653157700132,1.0597156398104266,1652.0228821946764,-0.5738678210504986
1988,215.0,317.1635669480235,532.1635669480236,1.056980056980057,1652.4773670195643,0.4544848248879134
1989,215.0,319.83132361261084,534.8313236126108,1.0503323836657168,1652.7967486716282,0.3193816520638393
1990,204.64647443295402,323.79183660072556,528.4383110336796,1.0556603773584907,1651.7357602567695,-1.0609884148586843
1991,202.84908478641162,335.4818104403371,538.3308952267487,1.0797752808988763,1657.529337164064,5.793576907294437
1992,190.51506057038983,316.3955526293896,506.91061319977945,1.074688796680498,1651.5277096579932,-6.00162750607069
1993,195.3330359213366,315.00618740051794,510.33922332185455,1.0382022471910113,1641.9942328190496,-9.53347683894367
1994,199.90276569546643,322.1935623385285,522.096328033995,1.053932584269663,1639.7277483259907,-2.266484493058897
1995,196.32841195227857,309.8613907722203,506.1898027244989,1.0258426966292136,1628.2293378523802,-11.49841047361042
1996,207.46436651190697,309.1011425162106,516.5655090281175,1.0126182965299684,1619.4080317401003,-8.821306112279899
1997,215.069403551697,332.86,547.9294035516971,1.0674157303370786,1630.0804599965652,10.672428256464855
1998,211.19685718568462,317.28000000000003,528.4768571856846,1.0443396226415094,1629.8164038930743,-0.2640561034909297
1999,218.01274748085203,311.53999999999996,529.552747480852,1.0058091286307054,1624.0649280775592,-5.75147581551505
2000,224.99476821169003,309.38,534.37476821169,1.0,1619.63554596131,-4.429382116249144
2001,211.6541686142129,313.65,525.3041686142128,1.0141509433962264,1614.9069472161552,-4.728598745154841
2002,212.44845349875482,324.65000000000003,537.0984534987549,1.02909796314258,1616.895026559505,1.988079343349682
2003,211.15104048992268,326.12,537.2710404899227,1.0404494382022471,1620.411086435285,3.5160598757800017
2004,213.4267447417675,330.53000000000003,543.9567447417676,1.0337078651685394,1624.7692528189423,4.3581663836573625
2005,212.36702568834235,334.55,546.9170256883424,1.0112359550561796,1626.1991231233212,1.4298703043789374
2006,214.33253962675096,340.45,554.7825396267509,1.0146067415730338,1630.6090561355743,4.409933012253077
2007,219.6252591285588,336.24,555.8652591285588,1.0258426966292136,1636.6243458619333,6.015289726359015
2008,225.0863228023433,335.67,560.7563228023433,1.0,1639.5476109534436,2.9232650915103022
2009,227.38941008758178,339.88,567.2694100875817,1.0078651685393258,1645.5650491691933,6.017438215749735
2010,222.05416973076032,341.18,563.2341697307603,1.0024896265560168,1648.711679984372,3.146630815178696
2011,234.1365331595362,342.69,576.8265331595362,1.0024896265560168,1656.0200714417338,7.308391457361722
2012,214.91072953742258,348.16,563.0707295374226,1.0024896265560168,1657.9441826364991,1.9241111947653735
2013,217.65607902838656,348.96,566.6160790283866,1.0024896265560168,1660.8305318829305,2.8863492464313367
2014,225.58641103472286,357.09000000000003,582.6764110347228,1.0024896265560168,1668.7272187792707,7.89668689634027
2015,217.07285443075872,365.45,582.5228544307587,1.0024896265560168,1675.6905374982266,6.963318718955861
2016,210.38186013375284,358.0,568.3818601337529,1.0024896265560168,1677.1802313453281,1.4896938471015346
2017,219.85459889671557,360.73,580.5845988967155,1.0024896265560168,1682.5554055841246,5.37517423879649
2018,221.18675975116392,362.77000000000004,583.956759751164,1.0024896265560168,1688.4496869186598,5.894281334535208
2019,217.3676024610999,371.87,589.2376024610999,1.0024896265560168,1695.4388510302124,6.9891641115525545
2020,215.0,367.56,582.56,1.0024896265560168,1699.429733825878,3.990882795665584
