,natemis,Antr+BB,Totemis,ch4lifetime_fact,Conc,Trend
1950,215.0,145.72559245704448,360.7255924570445,1.0082976017871197,1151.1236594515142,
1951,215.0,161.1689540027448,376.16895400274484,1.008017040016338,1148.0217348117826,-3.1019246397315783
1952,215.0,166.6584490009245,381.6584490009245,1.0077364782455562,1147.0570131754764,-0.9647216363061943
1953,215.0,171.95470236258384,386.9547023625838,1.0074559164747743,1147.9275635786971,0.8705504032207045
1954,215.0,176.831012412122,391.831012412122,1.0071753547039928,1150.2896074547243,2.362043876027201
1955,215.0,181.387095949852,396.387095949852,1.0068947929332108,1153.8706247617822,3.5810173070578912
1956,215.0,187.50680733097954,402.50680733097954,1.006614231162429,1159.0540011506043,5.183376388822126
1957,215.0,193.07946030314662,408.0794603031466,1.0063336693916476,1165.4793086450998,6.425307494495428
1958,215.0,195.59294054388116,410.5929405438811,1.0060531076208656,1171.9918578244326,6.5125491793328365
1959,215.0,200.08069559638636,415.08069559638636,1.005772545850084,1179.237226537139,7.245368712706295
1960,215.0,204.8419977523652,419.84199775236516,1.0054919840793022,1187.2241832136356,7.986956676496675
1961,215.0,212.9151721685548,427.9151721685548,1.0052114223085205,1196.9694780298712,9.745294816235628
1962,215.0,215.1761447816861,430.1761447816861,1.0049308605377387,1206.3463340502294,9.376856020358218
1963,215.0,224.35374091013003,439.35374091013,1.0046502987669568,1217.6922356101413,11.345901559911908
1964,215.0,224.902024917875,439.902024917875,1.004369736996175,1227.9212639049354,10.229028294794034
1965,215.0,231.2054970495285,446.2054970495285,1.0040891752253935,1239.068622410619,11.147358505683542
1966,215.0,235.0392045912452,450.0392045912452,1.0038086134546116,1250.2110593627083,11.142436952089383
1967,215.0,241.25473865712786,456.25473865712786,1.0035280516838299,1262.1394266033974,11.928367240689113
1968,215.0,244.44543722988774,459.4454372298877,1.0032474899130481,1273.7608670030525,11.621440399655057
1969,215.0,248.48463021268853,463.48463021268856,1.0029669281422664,1285.390750071353,11.629883068300614
1970,215.0,253.9100454011647,468.91004540116467,1.0026863663714847,1297.4877778783696,12.097027807016502
1971,215.0,257.57479257777885,472.57479257777885,1.0036125027400429,1309.5680640210614,12.080286142691875
1972,215.0,264.87815496199676,479.87815496199676,1.0045386391086013,1322.8437762955812,13.27571227451972
1973,215.0,267.174414913303,482.174414913303,1.0054647754771595,1335.520868276703,12.677091981121748
1974,215.0,268.77272781252634,483.77272781252634,1.006390911845718,1347.4363290007602,11.915460724057311
1975,215.0,271.02888398583644,486.02888398583644,1.0073170482142761,1358.8954027637446,11.459073762984417
1976,215.0,275.0518357547742,490.0518357547742,1.0082431845828346,1370.537555458057,11.642152694312472
1977,215.0,277.72254164205543,492.72254164205543,1.009169320951393,1381.8951190514379,11.357563593380746
1978,215.0,279.07729251334416,494.07729251334416,1.0100954573199512,1392.5643917447787,10.669272693340872
1979,215.0,283.36524243347924,498.36524243347924,1.0110215936885096,1403.597874952317,11.033483207538211
1980,215.0,282.2371159769046,497.2371159769046,1.0119477300570678,1413.157618257793,9.559743305476104
1981,215.0,277.5286029825358,492.5286029825358,1.0119166428840465,1420.0889611910504,6.931342933257383
1982,215.0,285.26941946839,500.26941946839,1.0118855557110251,1428.819075381713,8.730114190662562
1983,215.0,279.04267506764637,494.04267506764637,1.0118544685380038,1434.5083170434696,5.689241661756569
1984,215.0,284.0863192602393,499.0863192602393,1.0118233813649828,1441.23795123372,6.729634190250408
1985,215.0,287.0049229958179,502.0049229958179,1.0117922941919613,1448.1866161780788,6.948664944358825
1986,215.0,290.9973934447917,505.9973934447917,1.01176120701894,1455.6867271843366,7.500111006257839
1987,215.0,295.28841803933904,510.28841803933904,1.0117301198459188,1463.7762685624903,8.089541378153626
1988,215.0,299.1743864512828,514.1743864512828,1.0116990326728972,1472.255263735676,8.478995173185695
1989,215.0,304.2999708971575,519.2999708971574,1.011667945499876,1481.4922782405952,9.237014504919216
1990,195.859372138931,307.58244894288526,503.4418210818163,1.0116368583268547,1484.4322972711632,2.94001903056801
1991,196.4677865234781,320.3405374138564,516.8083239373345,1.009824235180017,1491.2271988050425,6.794901533879283
1992,186.22954503459533,304.1997961122732,490.4293411468685,1.0015337334334637,1487.305376689395,-3.921822115647501
1993,187.33483185418655,305.23302163145047,492.567853485637,0.996844693397186,1483.84686200283,-3.4585146865649676
1994,194.24032411385,317.2848254228341,511.5251495366841,1.0084558263903243,1488.755578450417,4.9087164475870395
1995,196.26542045954338,311.7473692430924,508.0127897026358,1.0030031148607326,1491.1625684049513,2.4069899545343105
1996,208.3748607752008,313.88494695523417,522.259807730435,1.0102506923191272,1499.082207430029,7.919639025077686
1997,210.57397740266572,337.0204142930985,547.5943916957642,1.0119030530084048,1514.77761184948,15.695404419451052
1998,209.1911838875435,317.9406473511351,527.1318312386786,0.9861864069689835,1518.0940750089244,3.316463159444311
1999,217.52201870655188,313.09385370096595,530.6158724075178,1.0063414517912073,1525.2241696921478,7.130094683223433
2000,223.5473177914537,314.79158226734603,538.3389000587997,1.0,1533.1781386086093,7.953968916461463
2001,208.76739978844725,315.2928524514628,524.06025223991,0.99386928520895,1534.5715068522668,1.3933682436575054
2002,212.5426383460839,322.1007386331392,534.6433769792231,0.9928679555766652,1539.1675197052668,4.5960128530000475
2003,209.4704631541179,328.4756943824689,537.9461575365867,0.9864340504659566,1543.347864966084,4.180345260817148
2004,218.0441344921813,335.7220642725255,553.7661987647068,0.979133650893039,1551.1555603870352,7.807695420951177
2005,209.43411713475498,341.88187367125875,551.3159908060137,0.9699646792990931,1555.7894845555627,4.633924168527528
2006,219.66477835127023,352.4529993712408,572.117777722511,0.9658283605068321,1566.1108269183992,10.321342362836504
2007,218.52915094169083,349.7789386288197,568.3080895705104,0.9597038162268151,1572.9633393678682,6.852512449469032
2008,220.73970219562665,353.30974763980123,574.0494498354278,0.9643339070369527,1581.6976296666194,8.734290298751148
2009,225.16131562752406,355.2102928669951,580.3716084945191,0.9671398996221703,1591.9872739197306,10.289644253111192
2010,222.0698885088719,360.8548031390112,582.9246916478832,0.9580604117459025,1600.4049232976,8.417649377869338
2011,236.78903992011058,365.99466311704407,602.7837030371546,0.9585228838411334,1614.5040539964286,14.09913069882873
2012,215.0776771228679,372.97725290758524,588.0549300304531,0.9675752373720371,1623.637806368312,9.133752371883475
2013,213.66667097656892,372.6442144644898,586.3108854410586,0.9662389595250078,1630.9144582434865,7.276651875174366
2014,220.38733015363204,380.3961968225409,600.7835269761729,0.96907901809612,1642.6361692747396,11.721711031253108
2015,214.02416939645465,387.4758223403408,601.4999917367954,0.9707424683795629,1653.5341524490614,10.89798317432178
2016,204.99377754132416,379.4876497908962,584.4814273322204,0.952027984493153,1654.25543824473,0.7212857956685639
2017,218.8150981385997,385.0082127080213,603.823310846621,0.9603792558988442,1662.7820580866066,8.526619841876709
2018,219.12510429468114,387.8058049137809,606.930909208462,0.9619692714083327,1671.6323290770104,8.850270990403715
2019,214.5585473649176,394.70580491378087,609.2643522786984,0.963559286917821,1680.5143512574507,8.882022180440345
2020,215.0,388.1958049137809,603.1958049137809,0.9651493024273095,1686.6421071529965,6.127755895545761
