,natemis,Antr+BB,Totemis,ch4lifetime_fact,Conc,Trend
1950,215.0,163.598,378.598,1.0386734286208537,1160.366952397902,
1951,215.0,178.6518045817319,393.6518045817319,1.0386734286208537,1165.3896328478274,5.022680449925474
1952,215.0,183.7517426159432,398.75174261594316,1.0386734286208537,1171.563706282357,6.174073434529646
1953,215.0,188.65843901363414,403.65843901363417,1.0386734286208537,1178.6999441381392,7.136237855782156
1954,215.0,193.14519209920383,408.1451920992038,1.0386734286208537,1186.5542424297141,7.854298291574878
1955,215.0,197.31171867296544,412.3117186729654,1.0386734286208537,1194.9421571122286,8.38791468251452
1956,215.0,203.04187309012457,418.04187309012457,1.0386734286208537,1204.3259079511572,9.383750838928563
1957,215.0,208.22496909832324,423.22496909832324,1.0386734286208537,1214.4154531755278,10.089545224370568
1958,215.0,210.34889237508935,425.34889237508935,1.0386734286208537,1224.1165927672623,9.701139591734545
1959,215.0,214.44709046362615,429.4470904636262,1.0386734286208537,1234.1282019022476,10.011609134985292
1960,215.0,218.81883565563655,433.8188356556366,1.0386734286208537,1244.5075817456495,10.37937984340192
1961,215.0,224.59797580858205,439.5979758085821,1.0273688805761167,1254.3802511958486,9.872669450199055
1962,215.0,224.56491415846932,439.5649141584693,1.0286336117988735,1263.309040789733,8.928789593884403
1963,215.0,231.44847602366914,446.4484760236692,1.0303815209511082,1273.7555559005618,10.446515110828841
1964,215.0,229.70272576816996,444.70272576816996,1.0388161109745009,1283.4716763617018,9.716120461140008
1965,215.0,233.7121636365794,448.71216363657936,1.0466500135860857,1294.381278334033,10.909601972331075
1966,215.0,235.251836915052,450.25183691505197,1.0309948094306236,1302.7719171358874,8.390638801854493
1967,215.0,239.17333671769057,454.1733367176906,1.0343317923476247,1311.9528917414113,9.180974605523943
1968,215.0,240.0700010272064,455.0700010272064,1.0390130401356572,1320.9965812297664,9.043689488355085
1969,215.0,241.81515974676304,456.815159746763,1.03733064240917,1329.4360494845275,8.439468254761096
1970,215.0,244.94654067199508,459.9465406719951,1.044520863970062,1338.8715578297526,9.435508345225116
1971,215.0,248.76207785759098,463.76207785759095,1.0311148875281522,1346.9118716509242,8.040313821171594
1972,215.0,256.04497069059664,471.04497069059664,1.0410234769727889,1357.7242721691123,10.812400518188042
1973,215.0,255.60237187520235,470.6023718752024,1.0237676802553786,1365.0487002091918,7.3244280400795105
1974,215.0,258.8376989548787,473.8376989548787,1.0255205419074267,1372.8689701003636,7.820269891171847
1975,215.0,261.71079484263964,476.71079484263964,1.0294434565934747,1381.2900304641814,8.421060363817787
1976,215.0,266.11259910976634,481.11259910976634,1.0411371895645516,1391.7422768592212,10.452246395039765
1977,215.0,269.5931488630674,484.5931488630674,1.04310064917037,1402.4690048227415,10.726727963520261
1978,215.0,272.7548380298701,487.7548380298701,1.038188476513601,1412.4592096021609,9.9902047794194
1979,215.0,276.282103452212,491.282103452212,1.0481297495588873,1423.813267230946,11.354057628785085
1980,215.0,279.7152927768357,494.7152927768357,1.054811359742319,1435.9377748386312,12.124507607685246
1981,215.0,281.48962262623303,496.48962262623303,1.0453494500609413,1446.13585548925,10.19808065061875
1982,215.0,290.3138617386215,505.3138617386215,1.0607031737894599,1460.1503996564918,14.014544167241866
1983,215.0,285.25634640067585,500.25634640067585,1.0432038431370887,1468.7044758131055,8.554076156613746
1984,215.0,288.3160050399723,503.3160050399723,1.0308940203039962,1475.6927906087863,6.988314795680708
1985,215.0,290.7718115359584,505.7718115359584,1.024425100745979,1481.8435079727913,6.150717364005004
1986,215.0,293.2029897176004,508.2029897176004,1.0354513129905416,1489.646174940784,7.802666967992764
1987,215.0,297.6636160553672,512.6636160553671,1.0403399650985459,1498.7507613229143,9.104586382130265
1988,215.0,297.990817919549,512.990817919549,1.0222870139004354,1504.4687893321097,5.71802800919545
1989,215.0,299.2419704961214,514.2419704961214,1.0267543659990674,1510.604919036451,6.136129704341329
1990,204.64647443295402,302.9738366007256,507.6203110336796,1.030736205492146,1514.4271283060518,3.822209269600762
1991,202.84908478641162,316.0443104403371,518.8933952267487,1.0498448088618946,1524.2198831557894,9.792754849737548
1992,190.51506057038983,298.3385526293896,488.85361319977943,1.0436593028024648,1522.114947360643,-2.1049357951462753
1993,195.3330359213366,298.32968740051797,493.66272332185457,1.0224136274039968,1518.8579045282784,-3.257042832364732
1994,199.90276569546643,306.8975623385286,506.800328033995,1.0257079106974367,1520.7950972641017,1.9371927358233734
1995,196.32841195227857,295.94589077222037,492.27430272449897,1.006485120188085,1514.9116211036928,-5.883476160408918
1996,207.46436651190697,293.32614251621055,500.7905090281175,1.0050644518952168,1512.3029551983975,-2.608665905295311
1997,215.069403551697,315.2255,530.294903551697,1.0260210342142024,1522.8137141592072,10.510758960809653
1998,211.19685718568462,297.786,508.9828571856846,1.0215154558941881,1524.4431339302141,1.6294197710069511
1999,218.01274748085203,290.18649999999997,508.199247480852,0.9979967817046644,1522.1775913917213,-2.2655425384928094
2000,224.99476821169003,286.167,511.16176821169,1.0,1521.4496191308574,-0.7279722608639076
2001,211.6541686142129,293.96279999999996,505.61696861421285,1.004280591928866,1519.5987770116517,-1.8508421192057085
2002,212.44845349875482,308.4886,520.9370534987548,1.0092659254714755,1523.7772829321893,4.178505920537646
2003,211.15104048992268,313.4844,524.6354404899226,1.0091672020984297,1528.7054084968438,4.928125564654465
2004,213.4267447417675,321.4202,534.8469447417675,1.0045178825485648,1535.7871488782948,7.081740381451027
2005,212.36702568834235,328.966,541.3330256883423,1.001520616854982,1543.7821047098769,7.994955831582047
2006,214.33253962675096,339.5914,553.923939626751,0.9963837241195741,1554.2802499580032,10.49814524812632
2007,219.6252591285588,340.1068,559.7320591285588,1.0019042846930941,1566.37486651327,12.094616555266839
2008,225.0863228023433,344.2622,569.3485228023433,0.9845580445936346,1577.594703861233,11.219837347962994
2009,227.38941008758178,353.1976,580.5870100875818,0.9914712628139848,1592.3721173598433,14.777413498610258
2010,222.05416973076032,359.223,581.2771697307603,0.979929226472326,1603.8480238532072,11.475906493363937
2011,234.1365331595362,364.4245,598.5610331595362,0.979929226472326,1619.7496625767255,15.901638723518317
2012,214.91072953742258,373.586,588.4967295374227,0.979929226472326,1630.5027422870996,10.753079710374095
2013,217.65607902838656,378.0775,595.7335790283865,0.979929226472326,1642.4316383372075,11.928896050107824
2014,225.58641103472286,389.899,615.4854110347228,0.979929226472326,1659.5532208743975,17.12158253719008
2015,217.07285443075872,401.9505,619.0233544307587,0.979929226472326,1675.898695063542,16.345474189144397
2016,210.38186013375284,399.27200000000005,609.6538601337529,0.979929226472326,1687.2755161583043,11.376821094762363
2017,219.85459889671557,406.7735,626.6280988967155,0.979929226472326,1702.9866606988012,15.711144540496889
2018,221.18675975116392,413.58500000000004,634.7717597511639,0.979929226472326,1719.6098376945697,16.623176995768517
2019,217.3676024610999,427.4565,644.8241024610999,0.979929226472326,1737.6742389751735,18.06440128060376
2020,215.0,427.918,642.918,0.979929226472326,1753.0495933627265,15.375354387552989
