,natemis,Antr+BB,Totemis,ch4lifetime_fact,Conc,Trend
1950,215.0,163.17450659965715,378.17450659965715,1.0082976017871197,1156.9193001069914,
1951,215.0,179.19507276100282,394.19507276100285,1.008017040016338,1159.1599761916104,2.2406760846190537
1952,215.0,185.26177237482784,400.26177237482784,1.0077364782455562,1163.1349186369084,3.974942445297984
1953,215.0,191.13523035213254,406.13523035213257,1.0074559164747743,1168.5867585359151,5.4518398990067
1954,215.0,196.588745017316,411.588745017316,1.0071753547039928,1175.2113498537778,6.624591317862723
1955,215.0,201.72203317069142,416.7220331706914,1.0068947929332108,1182.7714198594545,7.560070005676607
1956,215.0,208.41894916746426,423.41894916746423,1.006614231162429,1191.6817006078993,8.910280748444848
1957,215.0,214.5688067552767,429.5688067552767,1.0063336693916476,1201.609640545388,9.927939937488645
1958,215.0,217.6594916116566,432.65949161165656,1.0060531076208656,1211.425340100996,9.815699555608035
1959,215.0,222.72445127980714,437.7244512798071,1.005772545850084,1221.7964215243546,10.371081423358646
1960,215.0,228.0629580514313,443.06295805143134,1.0054919840793022,1232.7512556910308,10.954834166676164
1961,215.0,236.72050668084023,451.72050668084023,1.0052114223085205,1245.3264042767873,12.575148585756551
1962,215.0,239.56585350719098,454.565853507191,1.0049308605377387,1257.410323508809,12.083919232021572
1963,215.0,249.3278238488543,464.32782384885434,1.0046502987669568,1271.3540422720075,13.943718763198603
1964,215.0,250.4604820698185,465.4604820698185,1.004369736996175,1284.08368453574,12.729642263732558
1965,215.0,257.3483284146914,472.3483284146914,1.0040891752253935,1297.6451609778942,13.561476442154117
1966,215.0,261.76641016962753,476.76641016962753,1.0038086134546116,1311.1247393071355,13.479578329241349
1967,215.0,268.56631844872953,483.56631844872953,1.0035280516838299,1325.3217346180002,14.196995310864622
1968,215.0,272.34139123470885,487.34139123470885,1.0032474899130481,1339.1508137864134,13.829079168413273
1969,215.0,276.9649584307289,491.9649584307289,1.0029669281422664,1352.9340351242247,13.783221337811256
1970,215.0,282.9747478324244,497.9747478324244,1.0026863663714847,1367.136046839783,14.202011715558228
1971,215.0,292.39338546227265,507.39338546227265,1.0036125027400429,1383.0032256216214,15.867178781838447
1972,215.0,305.77288904383573,520.7728890438357,1.0045386391086013,1401.6676599578805,18.66443433625909
1973,215.0,317.30180353705,532.30180353705,1.0054647754771595,1422.2058555780545,20.538195620174065
1974,215.0,319.6737152945646,534.6737152945645,1.006390911845718,1441.371210864824,19.165355286769454
1975,215.0,313.4687162301143,528.4687162301143,1.0073170482142761,1456.4711732073029,15.099962342478875
1976,215.0,328.0681369115893,543.0681369115894,1.0082431845828346,1474.8708392275878,18.39966602028494
1977,215.0,327.50971043294277,542.5097104329427,1.009169320951393,1491.1713994356774,16.300560208089564
1978,215.0,337.29152495073333,552.2915249507333,1.0100954573199512,1509.0436108110132,17.872211375335837
1979,215.0,339.2625001945196,554.2625001945196,1.0110215936885096,1525.7211723929963,16.677561581983127
1980,215.0,331.9744129863428,546.9744129863428,1.0119477300570678,1538.2634177341938,12.542245341197486
1981,215.0,315.6808105870111,530.6808105870111,1.0119166428840465,1543.99751957784,5.734101843646158
1982,215.0,321.2350753555989,536.2350753555988,1.0118855557110251,1550.9363834061774,6.938863828337389
1983,215.0,310.5807537196765,525.5807537196765,1.0118544685380038,1553.5617545419188,2.6253711357414886
1984,215.0,309.44370211114114,524.4437021111412,1.0118233813649828,1555.5136323085594,1.951877766640564
1985,215.0,308.5329440305821,523.532944030582,1.0117922941919613,1556.9418638333218,1.4282315247623956
1986,215.0,311.14209539675954,526.1420953967595,1.01176120701894,1559.0738455326218,2.131981699300013
1987,215.0,313.06531577001317,528.0653157700132,1.0117301198459188,1561.6036520826287,2.5298065500069242
1988,215.0,317.1635669480235,532.1635669480236,1.0116990326728972,1565.209707981932,3.6060558993033283
1989,215.0,319.83132361261084,534.8313236126108,1.011667945499876,1569.2974179443277,4.087709962395593
1990,215.0,323.79183660072556,538.7918366007256,1.0116368583268547,1574.242800162327,4.945382217999395
1991,215.0,335.4818104403371,550.4818104403371,1.009824235180017,1582.2479378252963,8.005137662969219
1992,215.0,316.3955526293896,531.3955526293896,1.0015337334334637,1581.749635117207,-0.49830270808934074
1993,215.0,315.00618740051794,530.006187400518,0.996844693397186,1580.1164032544116,-1.6332318627953555
1994,215.0,322.1935623385285,537.1935623385285,1.0084558263903243,1582.8463076016296,2.729904347218053
1995,215.0,309.8613907722203,524.8613907722204,1.0030031148607326,1580.3387534841756,-2.507554117453992
1996,215.0,309.1011425162106,524.1011425162105,1.0102506923191272,1578.968717985741,-1.3700354984346177
1997,215.0,332.86,547.86,1.0119030530084048,1585.8944289323192,6.925710946578192
1998,215.0,317.28000000000003,532.28,0.9861864069689835,1582.8638671959386,-3.030561736380605
1999,215.0,311.53999999999996,526.54,1.0063414517912073,1581.4257772299059,-1.4380899660327486
2000,214.54182802451348,309.38,523.9218280245135,1.0,1578.3002342644807,-3.125542965425211
2001,214.1563307106119,313.65,527.8063307106119,0.99386928520895,1575.8588749956232,-2.441359268857468
2002,210.9910221949882,324.65000000000003,535.6410221949882,0.9928679555766652,1576.1356142941545,0.27673929853131085
2003,216.58474794423114,326.12,542.7047479442311,0.9864340504659566,1577.708427298428,1.5728130042734847
2004,214.9715301815769,330.53000000000003,545.501530181577,0.979133650893039,1578.8601362318614,1.1517089334333832
2005,211.68655777411277,334.55,546.2365577741127,0.9699646792990931,1578.6289869214534,-0.23114931040800002
2006,215.33501141148187,340.45,555.7850114114818,0.9658283605068321,1580.905521737486,2.2765348160326084
2007,221.73297175848361,336.24,557.9729717584836,0.9597038162268151,1582.6201184609001,1.7145967234141608
2008,222.4890299842028,335.67,558.1590299842028,0.9643339070369527,1584.9743403754271,2.3542219145269883
2009,221.62496344052374,339.88,561.5049634405237,0.9671398996221703,1588.6337567253727,3.659416349945559
2010,229.6133484279244,341.18,570.7933484279245,0.9580604117459025,1593.4217149878707,4.787958262498023
2011,225.50885967028023,342.69,568.1988596702802,0.9585228838411334,1596.8734771538739,3.4517621660031637
2012,223.21279795339362,348.16,571.3727979533936,0.9675752373720371,1602.506724650353,5.6332474964790435
2013,225.03624773381947,348.96,573.9962477338195,0.9662389595250078,1608.1363096966875,5.629585046334569
2014,224.39070161600486,357.09000000000003,581.4807016160049,0.96907901809612,1616.0773201858212,7.94101048913376
2015,218.5213862976749,365.45,583.9713862976748,0.9707424683795629,1624.2123140850597,8.134993899238452
2016,232.2276504805425,358.0,590.2276504805425,0.952027984493153,1630.255990032707,6.043675947647216
2017,232.8928815675776,360.73,593.6228815675777,0.9603792558988442,1638.1817075284625,7.9257174957556344
2018,231.29149205397255,362.77000000000004,594.0614920539726,0.9619692714083327,1645.6121074625785,7.43039993411594
2019,231.55775716395522,371.87,603.4277571639552,0.963559286917821,1655.564399928427,9.952292465848586
2020,236.7967217793075,367.56,604.3567217793075,0.9651493024273095,1664.953714620891,9.38931469246404
