,natemis,Antr+BB,Totemis,ch4lifetime_fact,Conc,Trend
1950,215.0,140.0104525128931,355.0104525128931,1.0,1148.2921671265242,
1951,215.0,155.2647590189582,370.2647590189582,1.0,1142.6490757852414,-5.643091341282798
1952,215.0,160.56519897750266,375.56519897750263,1.0,1139.3976392869768,-3.2514364982646384
1953,215.0,165.67239729952678,380.6723972995268,1.0,1138.2059054457936,-1.1917338411831224
1954,215.0,170.3596523094297,385.3596523094297,1.0,1138.703823714394,0.4979182686004151
1955,215.0,174.7266808075245,389.72668080752453,1.0,1140.595885116149,1.8920614017549724
1956,215.0,180.6573371490168,395.6573371490168,1.0,1144.2451265094755,3.6492413933265198
1957,215.0,186.04093508154867,401.0409350815487,1.0,1149.2731674507006,5.028040941225072
1958,215.0,188.36536028264797,403.365360282648,1.0,1154.509948900656,5.236781449955288
1959,215.0,192.664060295518,407.66406029551797,1.0,1160.5875762235828,6.077627322926901
1960,215.0,197.23630741186156,412.23630741186156,1.0,1167.5027199722417,6.91514374865892
1961,215.0,205.11807849022705,420.11807849022705,1.0,1176.260396798183,8.75767682594119
1962,215.0,207.1876477655343,422.1876477655343,1.0,1184.7245913836991,8.464194585516225
1963,215.0,216.17384055615415,431.1738405561541,1.0,1195.2245500359925,10.499958652293344
1964,215.0,216.530721226075,431.530721226075,1.0,1204.6673138021704,9.442763766177904
1965,215.0,222.6427900199044,437.6427900199044,1.0,1215.082034424504,10.414720622333562
1966,215.0,226.28509422379705,441.28509422379705,1.0,1225.5398962590723,10.457861834568348
1967,215.0,232.3092249518556,447.30922495185564,1.0,1236.8268579188905,11.28696165981819
1968,215.0,235.30852018679144,450.30852018679144,1.0,1247.8458106543333,11.018952735442781
1969,215.0,239.15630983176808,454.1563098317681,1.0,1258.9084717277492,11.062661073415939
1970,215.0,244.39032168242014,459.3903216824201,1.0,1270.4701861127298,11.561714384980633
1971,215.0,249.2500236569801,464.2500236569801,1.0,1282.3508002482222,11.880614135492351
1972,215.0,257.1728277174416,472.1728277174416,1.0,1295.5315859934315,13.180785745209278
1973,215.0,260.25257580258824,475.25257580258824,1.0,1308.2590220299608,12.727436036529298
1974,215.0,261.75608614159665,476.75608614159665,1.0,1320.0605440450217,11.801522015060982
1975,215.0,262.9879199985267,477.9879199985267,1.0,1330.949627649278,10.889083604256257
1976,215.0,269.88077697352765,484.88077697352765,1.0,1342.9079524898002,11.95832484052221
1977,215.0,273.963154930751,488.963154930751,1.0,1354.8826895266109,11.974737036810666
1978,215.0,276.2604287421843,491.2604287421843,1.0,1366.2793294646717,11.396639938060844
1979,215.0,281.5334355614996,496.5334355614996,1.0,1378.1505737293603,11.871244264688585
1980,215.0,283.2799933041633,498.2799933041633,1.0,1389.2724660114977,11.121892282137424
1981,215.0,279.7228833024812,494.7228833024812,1.0,1397.9680430947417,8.695577083243961
1982,215.0,287.61463066683257,502.61463066683257,1.0,1408.3101099661012,10.34206687135952
1983,215.0,281.5577046073275,496.5577046073275,1.0,1415.48321606544,7.173106099338838
1984,215.0,284.9536362831875,499.9536362831875,1.0,1422.9806296355312,7.497413570091112
1985,215.0,285.63759742417085,500.63759742417085,1.0,1429.8656377903958,6.885008154864636
1986,215.0,290.77781253724584,505.77781253724584,1.0,1437.686330558982,7.820692768586241
1987,215.0,295.02494838641707,510.02494838641707,1.0,1446.041428288314,8.355097729331874
1988,215.0,298.6755905767461,513.6755905767461,1.0,1454.6730519484772,8.631623660163314
1989,215.0,302.17109081824873,517.1710908182488,1.0,1463.4987302622226,8.825678313745357
1990,204.64647443295402,305.2999200711051,509.94639450405907,1.0,1468.9375272910343,5.438797028811678
1991,202.84908478641162,318.81183287573293,521.6609176621446,1.0,1477.6566745431269,8.719147252092625
1992,190.51506057038983,299.49068782266335,490.0057483930532,1.0,1474.8897185712374,-2.7669559718895016
1993,195.3330359213366,299.5481852918242,494.8812212131608,1.0,1474.0512827867342,-0.83843578450319
1994,199.90276569546643,310.39650696329267,510.2992726587591,1.0,1478.425667108748,4.374384322013839
1995,196.32841195227857,305.56039716107193,501.8888091133505,1.0,1479.5178964706893,1.0922293619412358
1996,207.46436651190697,307.45705920620384,514.9214257181109,1.0,1484.8147817992374,5.296885328548115
1997,215.069403551697,331.457796516877,546.5272000685741,1.0,1500.0119925220808,15.197210722843465
1998,211.19685718568462,315.50915615703855,526.7060133427232,1.0,1506.9267450088416,6.91475248676079
1999,218.01274748085203,309.5890972813972,527.6018447622492,1.0,1513.3646757248807,6.437930716039091
2000,224.99476821169003,310.3755556419565,535.3703238536466,1.0,1521.660959145022,8.296283420141208
2001,211.6541686142129,313.1005194228316,524.7546880370445,1.0,1525.503813456442,3.8428543114200693
2002,212.44845349875482,322.47491151980734,534.9233650185622,1.0,1532.292480359615,6.7886669031729525
2003,211.15104048992268,328.33133481161764,539.4823753015403,1.0,1539.8346536755755,7.542173315960554
2004,213.4267447417675,339.1599047856282,552.5866495273957,1.0,1550.8830723318601,11.048418656284639
2005,212.36702568834235,346.62478641877203,558.9918121071144,1.0,1562.8209722486692,11.937899916809101
2006,214.33253962675096,356.7053574534424,571.0378970801934,1.0,1577.4215980993847,14.60062585071546
2007,219.6252591285588,355.2617524896731,574.8870116182319,1.0,1591.6653314401742,14.243733340789504
2008,225.0863228023433,360.75844432030715,585.8447671226504,1.0,1607.9522702668773,16.286938826703135
2009,227.38941008758178,364.45377111581536,591.8431812033971,1.0,1624.4070877158863,16.454817449008942
2010,222.05416973076032,371.1593157300012,593.2134854607615,1.0,1639.4744097376047,15.067322021718383
2011,234.1365331595362,372.924998542445,607.0615317019813,1.0,1657.4523239564674,17.97791421886268
2012,214.91072953742258,381.0856580369786,595.9963875744012,1.0,1669.7435136901004,12.291189733633018
2013,217.65607902838656,381.87778643760544,599.533865465992,1.0,1681.8329326412093,12.089418951108883
2014,225.58641103472286,388.1687589286987,613.7551699634216,1.0,1697.2903055544057,15.457372913196423
2015,217.07285443075872,398.732,615.8048544307587,1.0,1711.6974278393502,14.407122284944535
2016,210.38186013375284,390.97880000000004,601.3606601337528,1.0,1719.6957710816475,7.998343242297324
2017,219.85459889671557,393.4056,613.2601988967156,1.0,1730.7492985428373,11.053527461189788
2018,221.18675975116392,395.1424,616.329159751164,1.0,1741.584084408859,10.834785866021775
2019,217.3676024610999,403.9392,621.3068024610999,1.0,1752.8583218213114,11.274237412452294
2020,215.0,399.326,614.326,1.0,1760.5524873365348,7.694165515223403
