,natemis,Antr+BB,Totemis,ch4lifetime_fact,Conc,Trend
1950,215.0,145.69132180652684,360.69132180652684,1.0247219712311393,1152.9186839871857,
1951,215.0,161.13354968984004,376.13354968984004,1.0244368393312933,1151.405409565321,-1.5132744218647076
1952,215.0,166.62191102563256,381.6219110256326,1.0241517074314475,1151.8518649009052,0.44645533558423267
1953,215.0,171.91703072490478,386.91703072490475,1.0238665755316017,1153.9786243284002,2.126759427495017
1954,215.0,176.79220711205573,391.79220711205573,1.0235814436317556,1157.4614519822023,3.4828276538021328
1955,215.0,181.34715698739865,396.34715698739865,1.0232963117319098,1162.044757083117,4.583305100914686
1956,215.0,187.46573470613905,402.4657347061391,1.023011179832064,1168.1271129713477,6.0823558882307225
1957,215.0,193.03725401591896,408.03725401591896,1.0227260479322182,1175.3616159793785,7.234503008030742
1958,215.0,195.54960059426637,410.5496005942664,1.0224409160323724,1182.604412645112,7.242796665733522
1959,215.0,200.03622198438438,415.0362219843844,1.0221557841325264,1190.5103890305136,7.905976385401573
1960,215.0,204.79639047797613,419.79639047797616,1.0218706522326806,1199.0970977870495,8.586708756535927
1961,215.0,212.86841715028493,427.8684171502849,1.0215855203328348,1209.389943240889,10.29284545383939
1962,215.0,215.12824201953555,430.12824201953555,1.021300388432989,1219.2688944016068,9.878951160717861
1963,215.0,224.30469040409875,439.3046904040988,1.021015256533143,1231.077746044811,11.808851643204207
1964,215.0,224.85182666796288,439.8518266679629,1.0207301246332972,1241.7354459574092,10.657699912598218
1965,215.0,231.1541510557357,446.1541510557357,1.0204449927334514,1253.2808644646643,11.545418507255135
1966,215.0,234.98671085357168,449.9867108535717,1.0201598608336055,1264.7947972425343,11.513932777869968
1967,215.0,241.20109717557358,456.2010971755736,1.0198747289337597,1277.0716492916636,12.276852049129275
1968,215.0,244.3906480044528,459.3906480044528,1.0195895970339137,1289.0214325185675,11.949783226903946
1969,215.0,248.42869324337278,463.4286932433728,1.019304465134068,1300.9615038298157,11.940071311248175
1970,215.0,253.8529606879682,468.8529606879682,1.0190193332342221,1313.3529476185706,12.391443788754941
1971,215.0,257.52620629587904,472.52620629587904,1.0199605556308,1325.7165489516904,12.363601333119732
1972,215.0,264.8182405958808,479.8182405958808,1.0209017780273781,1339.2600870082379,13.543538056547504
1973,215.0,267.14971892758393,482.14971892758393,1.021843000423956,1352.2071154796856,12.947028471447766
1974,215.0,268.7846400384715,483.7846400384715,1.0227842228205342,1364.3937943784244,12.186678898738819
1975,215.0,271.109550132768,486.109550132768,1.0237254452171123,1376.1349823143255,11.741187935901053
1976,215.0,275.151199176438,490.151199176438,1.0246666676136902,1388.0521317131665,11.917149398841048
1977,215.0,277.8837806829508,492.8837806829508,1.0256078900102683,1399.6926321098688,11.640500396702237
1978,215.0,279.1532573379765,494.1532573379765,1.0265491124068462,1410.6022375091377,10.909605399268912
1979,215.0,283.509905097283,498.509905097283,1.0274903348034243,1421.8890986081713,11.286861099033558
1980,215.0,282.39789700257745,497.39789700257745,1.0284315572000022,1431.695449293654,9.806350685482812
1981,215.0,277.70632086781643,492.70632086781643,1.0283999636415508,1438.8648286105356,7.169379316881532
1982,215.0,285.44898160510485,500.44898160510485,1.0283683700830994,1447.8198152110094,8.95498660047383
1983,215.0,279.2322937007664,494.2322937007664,1.0283367765246483,1453.7238212519642,5.904006040954755
1984,215.0,284.2736509570633,499.2736509570633,1.0283051829661969,1460.6536784939794,6.9298572420152595
1985,215.0,287.21176940850773,502.21176940850773,1.0282735894077457,1467.7978205066293,7.144142012649809
1986,215.0,291.2706380860499,506.2706380860499,1.028241995849294,1475.5053793792736,7.707558872644313
1987,215.0,295.5911049346384,510.5911049346384,1.0282104022908427,1483.8016320533027,8.29625267402912
1988,215.0,299.50593861356083,514.5059386135608,1.0281788087323915,1492.487246867583,8.68561481428037
1989,215.0,304.6665974459152,519.6665974459152,1.0281472151739401,1501.933768558684,9.446521691100997
1990,204.64647443295402,307.914041620146,512.5605160531001,1.0281156216154888,1507.9795059579342,6.045737399250129
1991,202.84908478641162,320.68279532797294,523.5318801143845,1.0253040594539398,1516.614531073299,8.635025115364897
1992,190.51506057038983,304.53940686846767,495.0544674388575,1.022492497292391,1514.4360364214754,-2.178494651823712
1993,195.3330359213366,305.54609779725865,500.87913371859526,1.019680935130842,1514.0315356869874,-0.4045007344880105
1994,199.90276569546643,317.597620646701,517.5003863421674,1.0168693729692933,1518.7911750463747,4.759639359387393
1995,196.32841195227857,312.19366926980626,508.5220812220848,1.0140578108077443,1519.6345769570828,0.843401910708053
1996,207.46436651190697,314.27731063372306,521.7416771456301,1.0112462486461955,1524.3665852273923,4.732008270309507
1997,215.069403551697,337.39423398689746,552.4636375385944,1.0084346864846467,1538.3644018302787,13.99781660288636
1998,211.19685718568462,318.3664476301497,529.5633048158343,1.0056231243230978,1542.7796233463137,4.41522151603499
1999,218.01274748085203,313.54878980346416,531.5615372843162,1.0028115621615488,1546.9431954805568,4.163572134243168
2000,224.99476821169003,315.2590354804872,540.2538036921773,1.0,1553.101046598082,6.15785111752507
2001,211.6541686142129,315.6535417996881,527.3077104139011,0.9972303853728057,1553.847405707984,0.7463591099021869
2002,212.44845349875482,322.5524780298677,535.0009315286225,0.9944607707456116,1556.6372982319374,2.7898925239533128
2003,211.15104048992268,328.93805732438307,540.0890978143058,0.9916911561184175,1560.3724163049728,3.735118073035437
2004,213.4267447417675,336.0629318005267,549.4896765422942,0.9889215414912234,1566.3726664240958,6.0002501191229385
2005,212.36702568834235,342.20939793202444,554.5764236203668,0.9861519268640292,1572.9451084787154,6.572442054619614
2006,214.33253962675096,352.88884852886645,567.2213881556174,0.9833823122368349,1582.5260323395248,9.580923860809435
2007,219.6252591285588,350.1027628899805,569.7280220185394,0.9806126976096409,1591.403382595423,8.877350255898136
2008,225.0863228023433,353.6885615404862,578.7748843428295,0.9862691313599595,1603.1878970251792,11.7845144297562
2009,227.38941008758178,355.1745289722293,582.5639390598111,0.9919255651102782,1615.8083550049987,12.620457979819548
2010,222.05416973076032,360.86969570672267,582.923865437483,0.9975819988605968,1628.0360374695363,12.227682464537565
2011,234.1365331595362,366.86200176465536,600.9985349241915,0.9982952851331266,1645.007198665092,16.971161195555624
2012,214.91072953742258,372.93936189598577,587.8500914334084,0.9990085714056565,1655.8263297144,10.819131049307998
2013,217.65607902838656,372.12612208235606,589.7822011107426,0.9997218576781862,1666.1910178310836,10.364688116683737
2014,225.58641103472286,379.6360199266544,605.2224309613773,1.000435143950716,1680.638370776146,14.447352945062448
2015,217.07285443075872,386.38580047504416,603.4586549058029,0.99758407518491,1692.409736293599,11.771365517452978
2016,210.38186013375284,378.3196319917136,588.7014921254664,0.9947330064191041,1697.4832347882102,5.073498494611158
2017,219.85459889671557,383.4074474991411,603.2620463958567,0.9918819376532981,1706.3361538895238,8.852919101313546
2018,221.18675975116392,388.5484716668797,609.7352314180437,0.9952698352126487,1716.9161486173273,10.579994727803523
2019,217.3676024610999,399.41284493865857,616.7804473997585,0.9986577327719993,1729.2221657135506,12.306017096223286
2020,215.0,396.9719628374015,611.9719628374015,1.0208161755200762,1742.2582744255067,13.036108711956103
