,natemis,Antr+BB,Totemis,ch4lifetime_fact,Conc,Trend
1950,215.0,148.86472757401697,363.86472757401697,1.0,1151.2318709737456,
1951,215.0,164.4119307263549,379.4119307263549,1.0,1148.2965686772102,-2.935302296535383
1952,215.0,170.00526733117223,385.00526733117226,1.0,1147.5469739725675,-0.7495947046427318
1953,215.0,175.4053622994692,390.4053622994692,1.0,1148.6741946328032,1.1272206602357073
1954,215.0,180.38551395564497,395.38551395564497,1.0,1151.3286580408785,2.654463408075344
1955,215.0,185.0454391000126,400.0454391000126,1.0,1155.233040232077,3.904382191198465
1956,215.0,191.26899208777778,406.26899208777775,1.0,1160.7665268969522,5.533486664875227
1957,215.0,196.94548666658253,411.9454866665825,1.0,1167.5650782356877,6.798551338735479
1958,215.0,199.56280851395465,414.5628085139547,1.0,1174.4713701279297,6.906291892242052
1959,215.0,204.15440517309747,419.1544051730975,1.0,1182.1288169250804,7.657446797150669
1960,215.0,209.0195489357139,424.01954893571394,1.0,1190.5441318972853,8.415314972204897
1961,215.0,217.19785480015165,432.1978548001516,1.0,1200.7324578253538,10.18832592806848
1962,215.0,219.56395886153115,434.56395886153115,1.0,1210.5655637987768,9.833105973423017
1963,215.0,228.84668643822317,443.8466864382232,1.0,1222.379608910172,11.814045111395217
1964,215.0,229.50010189421624,444.50010189421624,1.0,1233.087772965961,10.708164055788984
1965,215.0,235.90870547411788,450.9087054741179,1.0,1244.7246591095015,11.63688614354055
1966,215.0,239.84754446408272,454.8475444640827,1.0,1256.3662927033834,11.641633593881807
1967,215.0,246.1682099782135,461.1682099782135,1.0,1268.8029313185684,12.436638615185075
1968,215.0,249.46403999922154,464.46403999922154,1.0,1280.941283808116,12.138352489547515
1969,215.0,253.6083644302704,468.6083644302704,1.0,1293.0964575792461,12.155173771130194
1970,215.0,259.1389110669947,474.1389110669947,1.0,1305.7268081551576,12.630350575911507
1971,215.0,264.2792956760135,479.2792956760135,1.0,1318.6495923668356,12.922784211677936
1972,215.0,272.45721733515404,487.45721733515404,1.0,1332.8405576542305,14.190965287394874
1973,215.0,275.97436854007793,490.97436854007793,1.0,1346.6102852192453,13.769727565014819
1974,215.0,277.58300816315733,492.58300816315733,1.0,1359.3722970774443,12.762011858199003
1975,215.0,278.92569799309183,493.92569799309183,1.0,1371.1511295075538,11.77883243010956
1976,215.0,286.19073893967834,501.19073893967834,1.0,1384.0231464341657,12.872016926611877
1977,215.0,290.52582612135245,505.52582612135245,1.0,1396.8931711285873,12.870024694421545
1978,215.0,292.98308376747053,507.98308376747053,1.0,1409.1379693290774,12.244798200490095
1979,215.0,298.58114099630916,513.5811409963092,1.0,1421.8703232283858,12.732353899308464
1980,215.0,300.435685537013,515.435685537013,1.0,1433.7927591581454,11.922435929759558
1981,215.0,296.68287020073063,511.68287020073063,1.0,1443.1342668016557,9.34150764351034
1982,215.0,304.65710214976906,519.6571021497691,1.0,1454.0773249161907,10.943058114535006
1983,215.0,298.6784287123529,513.6784287123529,1.0,1461.8101097548333,7.732784838642601
1984,215.0,302.2370817851458,517.2370817851458,1.0,1469.85855977011,8.048450015276785
1985,215.0,302.9504467045176,517.9504467045176,1.0,1477.242667033544,7.384107263433862
1986,215.0,308.4034370412448,523.4034370412448,1.0,1485.6104190340864,8.367752000542396
1987,215.0,312.778527186872,527.778527186872,1.0,1494.4938037010033,8.883384666916982
1988,215.0,316.78079953316467,531.7807995331647,1.0,1503.7113064629702,9.217502761966898
1989,215.0,320.55968800249383,535.5596880024939,1.0,1513.1513504638567,9.440044000886473
1990,207.13777445155313,323.79183660072556,530.9296110522787,1.0,1519.9971609171948,6.845810453338117
1991,206.4189161040385,335.4818104403371,541.9007265443756,1.0,1529.7189595497566,9.721798632561786
1992,194.53550769894048,316.3955526293896,510.9310603283301,1.0,1528.069981420876,-1.6489781288805716
1993,199.9311640200513,315.00618740051794,514.9373514205693,1.0,1527.9357666236015,-0.13421479727458063
1994,202.9940352402028,322.1935623385285,525.1875975787314,1.0,1531.2197594646552,3.2839928410537595
1995,197.44693511447778,309.8613907722203,507.30832588669807,1.0,1528.1999540209265,-3.0198054437287283
1996,207.20103192719466,309.1011425162106,516.3021744434052,1.0,1528.5043204358917,0.3043664149652159
1997,217.73968242650653,332.86,550.5996824265065,1.0,1540.1617069465183,11.657386510626566
1998,212.1138313815474,317.28000000000003,529.3938313815474,1.0,1543.4732683426644,3.3115613961460895
1999,216.99656031183122,311.53999999999996,528.5365603118312,1.0,1546.1294113032145,2.6561429605501417
2000,224.30553653458136,309.38,533.6855365345814,1.0,1550.1976546137546,4.068243310540083
2001,212.51997324232056,313.65,526.1699732423206,1.0,1551.315137067657,1.117482453902312
2002,212.1704320233259,324.65000000000003,536.8204320233259,1.0,1555.8435487552686,4.528411687611651
2003,211.94485638005466,326.12,538.0648563800546,1.0,1560.2780739583175,4.434525203048906
2004,211.43839792487432,330.53000000000003,541.9683979248744,1.0,1565.5120774586776,5.2340035003601315
2005,214.9095743035305,334.55,549.4595743035305,1.0,1572.6471705099043,7.135093051226704
2006,211.9578219242644,340.45,552.4078219242645,1.0,1579.9621919811293,7.315021471225009
2007,220.7534076670482,336.24,556.9934076670482,1.0,1587.980607134957,8.018415153827618
2008,226.26119336847543,335.67,561.9311933684754,1.0,1596.7405905748521,8.759983439895223
2009,227.79548429501534,339.88,567.6754842950154,1.0,1606.4268761710211,9.686285596169
2010,222.70559512358187,341.18,563.8855951235819,1.0,1613.770306857527,7.343430686505826
2011,231.1165900907369,342.69,573.8065900907369,1.0,1623.5853570372924,9.815050179765421
2012,214.23806968250926,348.16,562.3980696825092,1.0,1628.5136762071734,4.928319169880979
2013,219.16898297119255,348.96,568.1289829711925,1.0,1634.792888319374,6.279212112200639
2014,228.10570225698547,357.09000000000003,585.1957022569854,1.0,1646.0353294023544,11.24244108298035
2015,219.00148484941846,365.45,584.4514848494184,1.0,1655.771864605141,9.736535202786627
2016,213.7915772904531,358.0,571.7915772904531,1.0,1660.2149876568983,4.443123051757311
2017,220.463654903922,360.73,581.193654903922,1.0,1667.282192769272,7.0672051123735855
2018,222.41348146598264,362.77000000000004,585.1834814659827,1.0,1674.882741880967,7.600549111695045
2019,219.24138085349597,371.87,591.111380853496,1.0,1683.6003750270613,8.717633146094386
2020,215.0,367.56,582.56,1.0,1688.5027527971818,4.902377770120438
