,natemis,Antr+BB,Totemis,ch4lifetime_fact,Conc,Trend
1950,215.0,145.72559245704448,360.7255924570445,1.0082976017871197,1151.1236594515142,
1951,215.0,161.1689540027448,376.16895400274484,1.008017040016338,1148.0217348117826,-3.1019246397315783
1952,215.0,166.6584490009245,381.6584490009245,1.0077364782455562,1147.0570131754764,-0.9647216363061943
1953,215.0,171.95470236258384,386.9547023625838,1.0074559164747743,1147.9275635786971,0.8705504032207045
1954,215.0,176.831012412122,391.831012412122,1.0071753547039928,1150.2896074547243,2.362043876027201
1955,215.0,181.387095949852,396.387095949852,1.0068947929332108,1153.8706247617822,3.5810173070578912
1956,215.0,187.50680733097954,402.50680733097954,1.006614231162429,1159.0540011506043,5.183376388822126
1957,215.0,193.07946030314662,408.0794603031466,1.0063336693916476,1165.4793086450998,6.425307494495428
1958,215.0,195.59294054388116,410.5929405438811,1.0060531076208656,1171.9918578244326,6.5125491793328365
1959,215.0,200.08069559638636,415.08069559638636,1.005772545850084,1179.237226537139,7.245368712706295
1960,215.0,204.8419977523652,419.84199775236516,1.0054919840793022,1187.2241832136356,7.986956676496675
1961,215.0,212.9151721685548,427.9151721685548,1.0052114223085205,1196.9694780298712,9.745294816235628
1962,215.0,215.1761447816861,430.1761447816861,1.0049308605377387,1206.3463340502294,9.376856020358218
1963,215.0,224.35374091013003,439.35374091013,1.0046502987669568,1217.6922356101413,11.345901559911908
1964,215.0,224.902024917875,439.902024917875,1.004369736996175,1227.9212639049354,10.229028294794034
1965,215.0,231.2054970495285,446.2054970495285,1.0040891752253935,1239.068622410619,11.147358505683542
1966,215.0,235.0392045912452,450.0392045912452,1.0038086134546116,1250.2110593627083,11.142436952089383
1967,215.0,241.25473865712786,456.25473865712786,1.0035280516838299,1262.1394266033974,11.928367240689113
1968,215.0,244.44543722988774,459.4454372298877,1.0032474899130481,1273.7608670030525,11.621440399655057
1969,215.0,248.48463021268853,463.48463021268856,1.0029669281422664,1285.390750071353,11.629883068300614
1970,215.0,253.9100454011647,468.91004540116467,1.0026863663714847,1297.4877778783696,12.097027807016502
1971,215.0,257.57479257777885,472.57479257777885,1.0036125027400429,1309.5680640210614,12.080286142691875
1972,215.0,264.87815496199676,479.87815496199676,1.0045386391086013,1322.8437762955812,13.27571227451972
1973,215.0,267.174414913303,482.174414913303,1.0054647754771595,1335.520868276703,12.677091981121748
1974,215.0,268.77272781252634,483.77272781252634,1.006390911845718,1347.4363290007602,11.915460724057311
1975,215.0,271.02888398583644,486.02888398583644,1.0073170482142761,1358.8954027637446,11.459073762984417
1976,215.0,275.0518357547742,490.0518357547742,1.0082431845828346,1370.537555458057,11.642152694312472
1977,215.0,277.72254164205543,492.72254164205543,1.009169320951393,1381.8951190514379,11.357563593380746
1978,215.0,279.07729251334416,494.07729251334416,1.0100954573199512,1392.5643917447787,10.669272693340872
1979,215.0,283.36524243347924,498.36524243347924,1.0110215936885096,1403.597874952317,11.033483207538211
1980,215.0,282.2371159769046,497.2371159769046,1.0119477300570678,1413.157618257793,9.559743305476104
1981,215.0,277.5286029825358,492.5286029825358,1.0119166428840465,1420.0889611910504,6.931342933257383
1982,215.0,285.26941946839,500.26941946839,1.0118855557110251,1428.819075381713,8.730114190662562
1983,215.0,279.04267506764637,494.04267506764637,1.0118544685380038,1434.5083170434696,5.689241661756569
1984,215.0,284.0863192602393,499.0863192602393,1.0118233813649828,1441.23795123372,6.729634190250408
1985,215.0,287.0049229958179,502.0049229958179,1.0117922941919613,1448.1866161780788,6.948664944358825
1986,215.0,290.9973934447917,505.9973934447917,1.01176120701894,1455.6867271843366,7.500111006257839
1987,215.0,295.28841803933904,510.28841803933904,1.0117301198459188,1463.7762685624903,8.089541378153626
1988,215.0,299.1743864512828,514.1743864512828,1.0116990326728972,1472.255263735676,8.478995173185695
1989,215.0,304.2999708971575,519.2999708971574,1.011667945499876,1481.4922782405952,9.237014504919216
1990,215.0,307.58244894288526,522.5824489428853,1.0116368583268547,1490.790901883134,9.298623642538814
1991,215.0,320.3405374138564,535.3405374138564,1.009824235180017,1503.0354830592933,12.244581176159272
1992,215.0,304.1997961122732,519.1997961122731,1.0015337334334637,1507.3459701703553,4.310487111062002
1993,215.0,305.23302163145047,520.2330216314505,0.996844693397186,1510.821254728658,3.4752845583027465
1994,215.0,317.2848254228341,532.284825422834,1.0084558263903243,1519.6259357157217,8.804680987063648
1995,215.0,311.7473692430924,526.7473692430924,1.0030031148607326,1524.8059264943886,5.179990778666934
1996,215.0,313.88494695523417,528.8849469552342,1.0102506923191272,1531.1908549623217,6.38492846793315
1997,215.0,337.0204142930985,552.0204142930985,1.0119030530084048,1544.7963710485828,13.605516086261105
1998,215.0,317.9406473511351,532.9406473511351,0.9861864069689835,1546.6399641889977,1.843593140414896
1999,215.0,313.09385370096595,528.093853700966,1.0063414517912073,1549.7528107456499,3.11284655665213
2000,215.0,314.79158226734603,529.791582267346,1.0,1552.1225112349578,2.3697004893078883
2001,215.0,315.2928524514628,530.2928524514627,0.99386928520895,1553.452498818985,1.3299875840273216
2002,215.0,322.1007386331392,537.1007386331391,0.9928679555766652,1556.737429998299,3.284931179313844
2003,215.0,328.4756943824689,543.4756943824689,0.9864340504659566,1560.7627036468832,4.025273648584289
2004,215.0,335.7220642725255,550.7220642725255,0.979133650893039,1565.5765804165617,4.8138767696784726
2005,215.0,341.88187367125875,556.8818736712587,0.9699646792990931,1570.3995469069835,4.822966490421777
2006,215.0,352.4529993712408,567.4529993712408,0.9658283605068321,1577.4913124108066,7.091765503823126
2007,215.0,349.7789386288197,564.7789386288197,0.9597038162268151,1581.85624000485,4.364927594043365
2008,215.0,353.30974763980123,568.3097476398012,0.9643339070369527,1587.6623817151144,5.8061417102644555
2009,215.0,355.2102928669951,570.2102928669951,0.9671398996221703,1593.8976289694642,6.235247254349815
2010,215.0,360.8548031390112,575.8548031390112,0.9580604117459025,1599.7516248077463,5.853995838282117
2011,215.0,365.99466311704407,580.9946631170441,0.9585228838411334,1606.7083029718835,6.956678164137202
2012,215.0,372.97725290758524,587.9772529075852,0.9675752373720371,1616.7133257783612,10.005022806477655
2013,215.0,372.6442144644898,587.6442144644898,0.9662389595250078,1625.2295425980703,8.516216819709143
2014,215.0,380.3961968225409,595.3961968225409,0.96907901809612,1635.818811766778,10.589269168707688
2015,215.0,387.4758223403408,602.4758223403408,0.9707424683795629,1647.8225999002661,12.003788133488115
2016,215.0,379.4876497908962,594.4876497908963,0.952027984493153,1652.523592098232,4.700992197965888
2017,215.0,385.0082127080213,600.0082127080213,0.9603792558988442,1659.986737131035,7.463145032802913
2018,215.0,387.8058049137809,602.8058049137809,0.9619692714083327,1667.7933889002384,7.806651769203427
2019,215.0,394.70580491378087,609.7058049137809,0.963559286917821,1677.2649455103492,9.471556610110838
2020,215.0,388.1958049137809,603.1958049137809,0.9651493024273095,1683.7673713790625,6.502425868713317
