,natemis,Antr+BB,Totemis,ch4lifetime_fact,Conc,Trend
1950,215.0,165.44423622518232,380.4442362251823,1.0386734286208537,1160.9810871162724,
1951,215.0,181.5398843317661,396.5398843317661,1.0386734286208537,1166.8978171570557,5.91673004078325
1952,215.0,187.68166589082924,402.6816658908292,1.0386734286208537,1174.2154788835567,7.317661726501001
1953,215.0,193.63020581337207,408.6302058133721,1.0386734286208537,1182.7177639624829,8.502285078926207
1954,215.0,199.15880242379365,414.15880242379365,1.0386734286208537,1192.136427316632,9.418663354149203
1955,215.0,204.36717252240715,419.36717252240715,1.0386734286208537,1202.2655035842458,10.129076267613755
1956,215.0,211.13917046441813,426.13917046441816,1.0386734286208537,1213.5480266925501,11.282523108304304
1957,215.0,217.36410999746863,432.36410999746863,1.0386734286208537,1225.6768510664294,12.128824373879297
1958,215.0,220.52987679908665,435.52987679908665,1.0386734286208537,1237.5425289768411,11.865677910411705
1959,215.0,225.6699184124753,440.66991841247534,1.0386734286208537,1249.830342559921,12.287813583079924
1960,215.0,231.08350712933756,446.0835071293376,1.0386734286208537,1262.585475048501,12.755132488579875
1961,215.0,239.81707031491294,454.81707031491294,1.0273688805761167,1275.538332413185,12.95285736468395
1962,215.0,242.73843169743012,457.7384316974301,1.0286336117988735,1288.1949717709326,12.656639357747736
1963,215.0,252.57641659525984,467.57641659525984,1.0303815209511082,1302.9482329738792,14.753261202946533
1964,215.0,253.78508937239053,468.78508937239053,1.0388161109745009,1317.5075892509337,14.559356277054576
1965,215.0,260.7489502734299,475.7489502734299,1.0466500135860857,1333.7437649510414,16.23617570010765
1966,215.0,265.2430465845324,480.2430465845324,1.0309948094306236,1347.8092793522328,14.065514401191422
1967,215.0,272.1189694198009,487.1189694198009,1.0343317923476247,1363.0427532535346,15.23347390130175
1968,215.0,275.9700567619466,490.9700567619466,1.0390130401356572,1378.4857378070085,15.442984553473934
1969,215.0,280.66963851413317,495.66963851413317,1.03733064240917,1393.6036568715058,15.1179190644973
1970,215.0,286.7554424719951,501.7554424719951,1.044520863970062,1410.019069755376,16.415412883870204
1971,215.0,296.29479715759095,511.29479715759095,1.0311148875281522,1426.0975465473846,16.078476792008587
1972,215.0,309.7925504905967,524.7925504905967,1.0410234769727889,1446.2134138969268,20.115867349542214
1973,215.0,321.5097804752024,536.5097804752024,1.0237676802553786,1465.727802168068,19.514388271141115
1974,215.0,323.90781625487864,538.9078162548786,1.0255205419074267,1484.1384437432207,18.410641575152795
1975,215.0,317.6599241426396,532.6599241426396,1.0294434565934747,1498.9982581465206,14.859814403299879
1976,215.0,332.4310155097663,547.4310155097663,1.0411371895645516,1518.7646170348328,19.766358888312197
1977,215.0,331.86937666306744,546.8693766630674,1.04310064917037,1536.4751579078454,17.710540873012633
1978,215.0,341.8147800298701,556.8147800298701,1.038188476513601,1554.8891822714374,18.414024363592034
1979,215.0,343.8016532522121,558.8016532522121,1.0481297495588873,1573.3715462657037,18.48236399426628
1980,215.0,336.43435957683573,551.4343595768357,1.054811359742319,1588.3521376231133,14.980591357409594
1981,215.0,319.944026226233,534.9440262262331,1.0453494500609413,1594.892916092408,6.540778469294764
1982,215.0,325.4862880386215,540.4862880386215,1.0607031737894599,1604.7527200414045,9.859803948996387
1983,215.0,314.78340390067586,529.7834039006759,1.0432038431370887,1607.4948292083945,2.742109166990076
1984,215.0,313.6218524399723,528.6218524399724,1.0308940203039962,1607.742757028186,0.24792781979135725
1985,215.0,312.6892946359584,527.6892946359584,1.024425100745979,1606.6850909388486,-1.0576660893373173
1986,215.0,315.3279750176004,530.3279750176005,1.0354513129905416,1608.2638687126987,1.5787777738501063
1987,215.0,317.2485140553672,532.2485140553672,1.0403399650985459,1611.0283958608413,2.7645271481426335
1988,215.0,321.411691319549,536.4116913195489,1.0222870139004354,1612.1859717190393,1.1575758581980153
1989,215.0,324.1105786961214,539.1105786961214,1.0267543659990674,1614.7885851198728,2.602613400833434
1990,196.74772668865427,328.0908796007256,524.8386062893799,1.030736205492146,1612.9585048197498,-1.8300803001229724
1991,198.2364378165914,341.6898806403371,539.9263184569285,1.0498448088618946,1619.152575653229,6.194070833479145
1992,187.79558900194488,321.75928362938964,509.55487263133455,1.0436593028024648,1613.6738810290185,-5.478694624210448
1993,189.79585223160905,320.736322800518,510.53217503212704,1.0224136274039968,1605.9579389255287,-7.715942103489851
1994,197.35571953699662,332.26831963852857,529.6240391755252,1.0257079106974367,1605.9321178532027,-0.025821072325925343
1995,197.11477002867338,324.2177472722203,521.3325173008936,1.006485120188085,1600.217370848024,-5.714747005178651
1996,209.69448889653663,327.5188030162106,537.2132919127472,1.0050644518952168,1600.1925973353732,-0.024773512650881457
1997,210.47768420635288,350.5117382000001,560.989422406353,1.0260210342142024,1611.2728733140868,11.080275978713644
1998,209.4890943325314,330.2514803,539.7405746325314,1.0215154558941881,1613.3928826692022,2.1200093551153714
1999,218.13505086211853,321.97082819999997,540.1058790621184,0.9979967817046644,1611.743323946944,-1.6495587222582344
2000,224.43379724003518,321.0746415,545.5084387400352,1.0,1612.3900794527865,0.6467555058425205
2001,209.41124316982896,322.0038254,531.4150685698289,1.004280591928866,1608.959557585995,-3.4305218667914232
2002,214.11349174689514,329.2447249,543.3582166468951,1.0092659254714755,1610.6557743082599,1.6962167222648077
2003,210.067351186169,336.95281180000006,547.020162986169,1.0091672020984297,1613.3645232032288,2.7087488949689487
2004,215.94404838269085,346.8821553,562.8262036826909,1.0045178825485648,1620.2937079945527,6.929184791323905
2005,208.63713125161553,351.53041470000005,560.1675459516156,1.001520616854982,1625.0920408507538,4.798332856201114
2006,219.32569205221733,361.5815305,580.9072225522173,0.9963837241195741,1635.4156493710957,10.32360852034185
2007,218.0672449705479,357.22785230000005,575.295097270548,1.0019042846930941,1643.6073625225017,8.19171315140602
2008,221.76288071196748,358.4336323,580.1965130119675,0.9845580445936346,1649.6662543714644,6.05889184896273
2009,224.22978858618197,359.7836666,584.013455186182,0.9914712628139848,1657.453590402009,7.787336030544566
2010,221.6122031167196,365.82240210000003,587.4346052167197,0.979929226472326,1663.561327043679,6.107736641670044
2011,234.96775986419928,367.0318972,601.9996570641993,0.979929226472326,1673.8043027751637,10.242975731484648
2012,214.6834019506841,370.96316160000003,585.6465635506842,0.979929226472326,1677.457274354875,3.6529715797112203
2013,213.16365728260934,370.2459324,583.4095896826093,0.979929226472326,1679.9523876116307,2.495113256755758
2014,219.12119513617802,377.00284780000004,596.1240429361781,0.979929226472326,1686.3803091162151,6.427921504584447
2015,212.69994127272804,381.5206772,594.2206184727281,0.979929226472326,1691.445034501612,5.064725385396969
2016,204.5384273311009,369.4090335000001,573.947460831101,0.979929226472326,1689.20922725073,-2.2358072508820896
2017,216.96409157036751,370.1151464,587.0792379703676,0.979929226472326,1691.5833150056749,2.374087754944867
2018,218.8718073210817,373.18654800000013,592.0583553210818,0.979929226472326,1695.3384695187283,3.7551545130534123
2019,213.25609550943,381.5144058,594.7705013094301,0.979929226472326,1699.565568944186,4.227099425457709
2020,215.0,375.00440580000003,590.0044058000001,0.979929226472326,1701.7306231044042,2.165054160218233
