,natemis,Antr+BB,Totemis,ch4lifetime_fact,Conc,Trend
1950,215.0,165.44423622518232,380.4442362251823,1.1198738170347002,1168.9830164644,
1951,215.0,181.5398843317661,396.5398843317661,1.1198738170347002,1182.10862089912,13.125604434720117
1952,215.0,187.68166589082924,402.6816658908292,1.1198738170347002,1195.9455568021067,13.836935902986625
1953,215.0,193.63020581337207,408.6302058133721,1.1198738170347002,1210.3567490935725,14.411192291465795
1954,215.0,199.15880242379365,414.15880242379365,1.1198738170347002,1225.14342618526,14.78667709168758
1955,215.0,204.36717252240715,419.36717252240715,1.1198738170347002,1240.1603823089044,15.016956123644377
1956,215.0,211.13917046441813,426.13917046441816,1.1198738170347002,1255.906112826935,15.745730518030541
1957,215.0,217.36410999746863,432.36410999746863,1.1198738170347002,1272.12364838491,16.217535557974998
1958,215.0,220.52987679908665,435.52987679908665,1.1198738170347002,1287.743613209844,15.619964824933959
1959,215.0,225.6699184124753,440.66991841247534,1.1198738170347002,1303.4860406871871,15.742427477343199
1960,215.0,231.08350712933756,446.0835071293376,1.1198738170347002,1319.4297564216458,15.943715734458692
1961,215.0,239.81707031491294,454.81707031491294,1.113564668769716,1335.999004039784,16.569247618138206
1962,215.0,242.73843169743012,457.7384316974301,1.1159305993690851,1352.0978280080956,16.098823968311535
1963,215.0,252.57641659525984,467.57641659525984,1.1175078864353312,1370.0033224035428,17.90549439544725
1964,215.0,253.78508937239053,468.78508937239053,1.1190851735015772,1386.6542111566282,16.650888753085383
1965,215.0,260.7489502734299,475.7489502734299,1.1175078864353312,1403.756370547861,17.102159391232817
1966,215.0,265.2430465845324,480.2430465845324,1.1064668769716088,1419.3660756309594,15.609705083098333
1967,215.0,272.1189694198009,487.1189694198009,1.1056782334384858,1435.5708755399753,16.204799909015946
1968,215.0,275.9700567619466,490.9700567619466,1.1054131054131053,1451.3591527381016,15.788277198126252
1969,215.0,280.66963851413317,495.66963851413317,1.0962145110410093,1465.994421619717,14.635268881615502
1970,215.0,286.7554424719951,501.7554424719951,1.1017350157728707,1481.8047907288326,15.810369109115527
1971,215.0,296.29479715759095,511.29479715759095,1.107312440645774,1499.8354550110703,18.030664282237694
1972,215.0,309.7925504905967,524.7925504905967,1.0949667616334284,1518.9959053834614,19.160450372391097
1973,215.0,321.5097804752024,536.5097804752024,1.0864197530864197,1538.9888375828045,19.99293219934316
1974,215.0,323.90781625487864,538.9078162548786,1.092117758784425,1558.423940461222,19.43510287841741
1975,215.0,317.6599241426396,532.6599241426396,1.0892687559354226,1573.3818842445899,14.95794378336791
1976,215.0,332.4310155097663,547.4310155097663,1.090218423551757,1591.8284382814106,18.44655403682077
1977,215.0,331.86937666306744,546.8693766630674,1.0816714150047484,1607.0204724006467,15.192034119236041
1978,215.0,341.8147800298701,556.8147800298701,1.0721747388414056,1622.6286797863668,15.608207385720107
1979,215.0,343.8016532522121,558.8016532522121,1.0796529968454258,1638.2870132521298,15.658333465763008
1980,215.0,336.43435957683573,551.4343595768357,1.0978157644824313,1652.3302029214583,14.043189669328513
1981,215.0,319.944026226233,534.9440262262331,1.0788224121557457,1656.7991313805262,4.468928459067911
1982,215.0,325.4862880386215,540.4862880386215,1.0858490566037737,1663.6268040518191,6.82767267129293
1983,215.0,314.78340390067586,529.7834039006759,1.0683760683760681,1663.7011729140443,0.0743688622251284
1984,215.0,313.6218524399723,528.6218524399724,1.0826210826210825,1665.400904281744,1.6997313676997692
1985,215.0,312.6892946359584,527.6892946359584,1.0759734093067426,1665.6743227619136,0.2734184801695392
1986,215.0,315.3279750176004,530.3279750176005,1.0664767331433995,1665.439396525799,-0.23492623611446106
1987,215.0,317.2485140553672,532.2485140553672,1.0597156398104266,1664.8875403642226,-0.551856161576552
1988,215.0,321.411691319549,536.4116913195489,1.056980056980057,1665.3802058721649,0.4926655079423199
1989,215.0,324.1105786961214,539.1105786961214,1.0503323836657168,1665.7364274782353,0.3562216060704486
1990,200.3301288457454,328.0908796007256,528.421008446471,1.0556603773584907,1663.2841044125191,-2.4523230657162003
1991,199.7503266400383,341.6898806403371,541.4402072803754,1.0797752808988763,1668.9000644648095,5.6159600522903474
1992,184.67510149951386,321.75928362938964,506.4343851289035,1.074688796680498,1661.539944748058,-7.360119716751569
1993,197.36691793433434,320.736322800518,518.1032407348523,1.0382022471910113,1653.5021171881021,-8.037827559955758
1994,206.86238646048096,332.26831963852857,539.1307060990096,1.053932584269663,1655.6720893151025,2.169972127000392
1995,201.7570917407637,324.2177472722203,525.974839012984,1.0258426966292136,1649.0028679372888,-6.669221377813756
1996,213.15982548765285,327.5188030162106,540.6786285038635,1.0126182965299684,1645.8903871143127,-3.1124808229760674
1997,219.11808678658687,350.5117382000001,569.629824986587,1.0674157303370786,1660.980836655075,15.090449540762393
1998,212.25503626636817,330.2514803,542.5065165663682,1.0443396226415094,1662.046577894294,1.0657412392188235
1999,221.87093317633915,321.97082819999997,543.8417613763392,1.0058091286307054,1657.4489949948265,-4.5975828994673975
2000,227.84472784773624,321.0746415,548.9193693477362,1.0,1654.1105380031918,-3.3384569916347573
2001,206.6473954472032,322.0038254,528.6512208472031,1.0141509433962264,1646.6783427598982,-7.432195243293563
2002,212.26455200956343,329.2447249,541.5092769095634,1.02909796314258,1646.6587454659627,-0.019597293935476046
2003,215.22835450612564,336.95281180000006,552.1811663061258,1.0404494382022471,1651.9095519741834,5.2508065082206485
2004,212.63153770421576,346.8821553,559.5136930042158,1.0337078651685394,1658.0096655309055,6.100113556722135
2005,212.49070626724972,351.53041470000005,564.0211209672498,1.0112359550561796,1661.433729627242,3.4240640963364513
2006,213.71072289363457,361.5815305,575.2922533936346,1.0146067415730338,1668.7598217576965,7.326092130454526
2007,219.18200332427125,357.22785230000005,576.4098556242714,1.0258426966292136,1677.4221639593604,8.662342201663932
2008,228.68671106740234,358.4336323,587.1203433674024,1.0,1684.53039491219,7.108230952829672
2009,221.551417970207,359.7836666,581.3350845702071,1.0078651685393258,1690.2153853049942,5.6849903928041385
2010,221.69514826634378,365.82240210000003,587.5175503663438,1.0024896265560168,1696.4361033337545,6.220718028760302
2011,227.28038439645948,367.0318972,594.3122815964595,1.0024896265560168,1704.2179171245962,7.781813790841625
2012,209.97597491597992,370.96316160000003,580.93913651598,1.0024896265560168,1706.6896126198344,2.4716954952382366
2013,213.54435145588445,370.2459324,583.7902838558845,1.0024896265560168,1709.8318478773317,3.1422352574973047
2014,216.40412124879504,377.00284780000004,593.4069690487951,1.0024896265560168,1715.8162044427318,5.984356565400049
2015,206.32314747732138,381.5206772,587.8438246773214,1.0024896265560168,1719.2846149945644,3.468410551832676
2016,201.11929681211606,369.4090335000001,570.5283303121162,1.0024896265560168,1716.6158253654182,-2.668789629146204
2017,215.0,370.1151464,585.1151464,1.0024896265560168,1719.0888237955658,2.472998430147527
2018,215.0,373.18654800000013,588.1865480000001,1.0024896265560168,1722.3053521866777,3.2165283911119786
2019,215.0,381.5144058,596.5144058000001,1.0024896265560168,1727.927743081303,5.622390894625369
2020,215.0,375.00440580000003,590.0044058000001,1.0024896265560168,1730.7602292057254,2.832486124422303
