,natemis,Antr+BB,Totemis,ch4lifetime_fact,Conc,Trend
1950,215.0,145.69132180652684,360.69132180652684,0.9900099900099899,1149.0340603126276,
1951,215.0,161.13354968984004,376.13354968984004,0.9900099900099899,1144.120100651868,-4.913959660759701
1952,215.0,166.62191102563256,381.6219110256326,0.9900099900099899,1141.5821925274897,-2.537908124378191
1953,215.0,171.91703072490478,386.91703072490475,0.9900099900099899,1141.0879471826038,-0.49424534488593963
1954,215.0,176.79220711205573,391.79220711205573,0.9900099900099899,1142.2672752426427,1.1793280600388698
1955,215.0,181.34715698739865,396.34715698739865,0.9900099900099899,1144.8249614733556,2.5576862307129886
1956,215.0,187.46573470613905,402.4657347061391,0.9900099900099899,1149.1242569021254,4.29929542876971
1957,215.0,193.03725401591896,408.03725401591896,0.9900099900099899,1154.7869932670328,5.66273636490746
1958,215.0,195.54960059426637,410.5496005942664,0.9900099900099899,1160.6440822829873,5.857089015954443
1959,215.0,200.03622198438438,415.0362219843844,0.9900099900099899,1167.3287214445043,6.684639161516998
1960,215.0,204.79639047797613,419.79639047797616,0.9900099900099899,1174.8382512028809,7.50952975837663
1961,215.0,212.86841715028493,427.8684171502849,0.9832246039142591,1183.3715447221718,8.533293519290964
1962,215.0,215.12824201953555,430.12824201953555,0.9828209764918625,1191.636856005787,8.26531128361512
1963,215.0,224.30469040409875,439.3046904040988,0.9808988764044944,1201.7731186490357,10.136262643248756
1964,215.0,224.85182666796288,439.8518266679629,0.9943820224719102,1212.5753294002927,10.802210751257007
1965,215.0,231.1541510557357,446.1541510557357,0.9990958408679929,1224.822093592214,12.24676419192133
1966,215.0,234.98671085357168,449.9867108535717,0.9891500904159132,1235.7526798490926,10.930586256878541
1967,215.0,241.20109717557358,456.2010971755736,0.9945750452079567,1248.1827931797077,12.430113330615086
1968,215.0,244.3906480044528,459.3906480044528,0.9936708860759491,1260.160811633346,11.978018453638242
1969,215.0,248.42869324337278,463.4286932433728,0.9850885368126747,1271.0411043206161,10.880292687270185
1970,215.0,253.8529606879682,468.8529606879682,1.0018083182640147,1284.6126070555758,13.571502734959722
1971,215.0,257.52620629587904,472.52620629587904,0.9891500904159132,1296.266942663719,11.654335608143128
1972,215.0,264.8182405958808,479.8182405958808,0.9990958408679929,1310.3120155111358,14.045072847416805
1973,215.0,267.14971892758393,482.14971892758393,0.9850885368126747,1321.7174570878428,11.405441576707062
1974,215.0,268.7846400384715,483.7846400384715,0.9898876404494381,1333.0135085267352,11.296051438892391
1975,215.0,271.109550132768,486.109550132768,0.9963833634719712,1344.6713067445248,11.657798217789605
1976,215.0,275.151199176438,490.151199176438,1.0081374321880652,1357.914558794456,13.243252049931243
1977,215.0,277.8837806829508,492.8837806829508,1.0055917986952472,1370.255842824325,12.34128402986903
1978,215.0,279.1532573379765,494.1532573379765,1.015370705244123,1382.938756912661,12.682914088335792
1979,215.0,283.509905097283,498.509905097283,1.011754068716094,1395.1861358186864,12.24737890602546
1980,210.94999730878948,282.39789700257745,493.34789431136693,1.014911463187325,1404.7836079987535,9.597472180067143
1981,207.46940093654123,277.70632086781643,485.17572180435764,1.011183597390494,1410.101666926809,5.318058928055507
1982,196.9955325905592,285.44898160510485,482.44451419566406,1.0195712954333644,1415.0518897678826,4.9502228410735825
1983,201.33424834490552,279.2322937007664,480.5665420456719,1.0074557315936628,1417.1902776427019,2.138387874819273
1984,214.1098013886646,284.2736509570633,498.3834523457279,1.0027958993476236,1424.3643483301657,7.174070687463882
1985,211.68781958124762,287.21176940850773,498.89958898975533,0.9900542495479203,1429.1095602218593,4.745211891693543
1986,211.8802949566715,291.2706380860499,503.1509330427214,1.0027958993476236,1436.5351751791547,7.4256149572954655
1987,203.0665267237203,295.5911049346384,498.6576316583587,1.0027124773960217,1441.627497333907,5.09232215475231
1988,213.4200979600624,299.50593861356083,512.9260365736233,0.9953401677539611,1449.8396255435216,8.212128209614548
1989,215.39297055815703,304.6665974459152,520.0595680040723,1.0041493775933612,1460.7562486284448,10.91662308492323
1990,213.067226438452,307.914041620146,520.9812680585981,1.007233273056058,1471.1999729906736,10.44372436222875
1991,208.59217395984714,320.68279532797294,529.2749692878201,1.0144665461121156,1484.263853464341,13.063880473667496
1992,188.55869530114643,304.53940686846767,493.0981021696141,1.011183597390494,1483.395644680405,-0.8682087839360975
1993,202.27256580009686,305.54609779725865,507.8186635973555,1.0027958993476236,1486.306789421574,2.9111447411689824
1994,205.68900371387048,317.597620646701,523.2866243605715,1.0009319664492078,1493.757126658477,7.450337236903124
1995,201.59890198611336,312.19366926980626,513.7925712559196,0.988245931283906,1495.3388693416339,1.58174268315679
1996,211.8482157274342,314.27731063372306,526.1255263611572,0.9953401677539611,1501.894977840744,6.556108499110223
1997,205.35217180687872,337.39423398689746,542.7464057937761,0.9981916817359855,1513.6561297144433,11.761151873699191
1998,214.55891059798697,318.3664476301497,532.9253582281367,0.9960567823343849,1520.5180789830652,6.861949268621856
1999,223.82980784756984,313.54878980346416,537.3785976510339,0.985307621671258,1526.4486992229874,5.930620239922291
2000,220.46950858496152,315.2590354804872,535.7285440654488,1.0,1533.39889418961,6.9501949666225755
2001,217.96732870445126,315.6535417996881,533.6208705041394,0.9924026590693258,1537.7164262988867,4.317532109276726
2002,212.04069110285803,322.5524780298677,534.5931691327257,0.9933523266856601,1542.0158050722184,4.299378773331682
2003,215.0561386511653,328.93805732438307,543.9941959755483,0.9895536562203229,1548.364936888052,6.349131815833516
2004,213.89326659131277,336.0629318005267,549.9561983918395,0.9925442684063377,1556.4394039770168,8.074467088964866
2005,205.11959739490823,342.20939793202444,547.3289953269327,0.9870129870129869,1561.867863651968,5.4284596749512275
2006,217.5182194951289,352.88884852886645,570.4070680239954,0.986013986013986,1574.1808796658777,12.313016013909646
2007,217.93524947521394,350.1027628899805,568.0380123651944,0.986013986013986,1584.3130807948735,10.132201128995803
2008,221.99327197373375,353.6885615404862,575.68183351422,0.9687203791469194,1593.0101144678783,8.697033673004853
2009,219.24247806663436,355.1745289722293,574.4170070388636,0.9696969696969695,1600.4509548349251,7.440840367046803
2010,222.65891598040798,360.86969570672267,583.5286116871307,0.9658767772511849,1609.415481230263,8.96452639533777
2011,222.8112923192852,366.86200176465536,589.6732940839406,0.9658767772511849,1619.383423338041,9.967942107778072
2012,213.70079121588887,372.93936189598577,586.6401531118746,0.9658767772511849,1627.197519569723,7.814096231682015
2013,225.01673932935032,372.12612208235606,597.1428614117063,0.9658767772511849,1637.5918978364277,10.394378266704734
2014,216.49168415953494,379.6360199266544,596.1277040861894,0.9658767772511849,1646.4520739236957,8.860176087267973
2015,210.13999677054736,386.38580047504416,596.5257972455915,0.9658767772511849,1654.423204767616,7.971130843920264
2016,217.28564508315839,378.3196319917136,595.605277074872,0.9658767772511849,1661.1707334803318,6.747528712715848
2017,215.0,383.4074474991411,598.4074474991411,0.9658767772511849,1668.0694007576244,6.8986672772925886
2018,215.0,388.5484716668797,603.5484716668798,0.9658767772511849,1675.8769134769257,7.807512719301258
2019,215.0,399.41284493865857,614.4128449386585,0.9658767772511849,1686.3853267770428,10.508413300117127
2020,215.0,396.9719628374015,611.9719628374015,0.9658767772511849,1694.8738958701997,8.488569093156912
