,natemis,Antr+BB,Totemis,ch4lifetime_fact,Conc,Trend
1950,215.0,163.17450659965715,378.17450659965715,1.0488608866700293,1161.294311058155,
1951,215.0,179.19507276100282,394.19507276100285,1.0455466626386185,1167.1222295352352,5.827918477080175
1952,215.0,185.26177237482784,400.26177237482784,1.0435105097854591,1174.1247407581436,7.002511222908424
1953,215.0,191.13523035213254,406.13523035213257,1.0405455939203825,1182.0077815994678,7.883040841324146
1954,215.0,196.588745017316,411.588745017316,1.044295794488673,1191.2539532507874,9.246171651319628
1955,215.0,201.72203317069142,416.7220331706914,1.037508489961066,1200.4716785265605,9.217725275773091
1956,215.0,208.41894916746426,423.41894916746423,1.028116236302615,1209.8713680628928,9.39968953633229
1957,215.0,214.5688067552767,429.5688067552767,1.0421601616543277,1221.8548212286041,11.983453165711353
1958,215.0,217.6594916116566,432.65949161165656,1.048657602665344,1234.2884301684635,12.433608939859369
1959,215.0,222.72445127980714,437.7244512798071,1.036391182649435,1245.690843395353,11.402413226889621
1960,215.0,228.0629580514313,443.06295805143134,1.0366828171259594,1257.6626824749342,11.97183907958106
1961,215.0,236.72050668084023,451.72050668084023,1.0360169714873653,1271.1357318642386,13.473049389304379
1962,215.0,239.56585350719098,454.565853507191,1.0483804322861743,1285.5220200628817,14.386288198643115
1963,215.0,249.3278238488543,464.32782384885434,1.0443546910580446,1301.1394637587066,15.617443695824932
1964,215.0,250.4604820698185,465.4604820698185,1.0448466365780047,1315.5046521018362,14.365188343129603
1965,215.0,257.3483284146914,472.3483284146914,1.0416887487729276,1330.2324900993726,14.727837997536426
1966,215.0,261.76641016962753,476.76641016962753,1.045021997433171,1345.2389616084706,15.006471509097992
1967,215.0,268.56631844872953,483.56631844872953,1.0453696087467055,1360.9300924814368,15.691130872966141
1968,215.0,272.34139123470885,487.34139123470885,1.0399298066040126,1375.5094795543569,14.579387072920099
1969,215.0,276.9649584307289,491.9649584307289,1.044521823964872,1390.621903439473,15.112423885116186
1970,215.0,282.9747478324244,497.9747478324244,1.0439258467327728,1406.0263141755095,15.404410736036425
1971,215.0,292.39338546227265,507.39338546227265,1.0436193741341604,1422.860611025109,16.83429684959947
1972,215.0,305.77288904383573,520.7728890438357,1.0520906785217377,1443.415455513963,20.554844488854087
1973,215.0,317.30180353705,532.30180353705,1.0403958536106162,1464.0707260022175,20.655270488254473
1974,215.0,319.6737152945646,534.6737152945645,1.035825630675854,1482.6615457180662,18.59081971584874
1975,215.0,313.4687162301143,528.4687162301143,1.0405937531705223,1497.8153332304837,15.153787512417466
1976,215.0,328.0681369115893,543.0681369115894,1.0471224324819541,1517.073068033316,19.257734802832374
1977,215.0,327.50971043294277,542.5097104329427,1.0411935162013237,1533.2523657581837,16.179297724867638
1978,215.0,337.29152495073333,552.2915249507333,1.039175143440748,1550.6504704212598,17.398104663076083
1979,215.0,339.2625001945196,554.2625001945196,1.0376285224625028,1566.5968933335057,15.946422912245907
1980,215.0,331.9744129863428,546.9744129863428,1.046993032958082,1579.7217614127708,13.12486807926507
1981,215.0,315.6808105870111,530.6808105870111,1.057235362607005,1587.452251153546,7.730489740775283
1982,215.0,321.2350753555989,536.2350753555988,1.0571718977688278,1596.1962503077114,8.743999154165294
1983,215.0,310.5807537196765,525.5807537196765,1.059741846409663,1600.8190991401705,4.622848832459113
1984,215.0,309.44370211114114,524.4437021111412,1.0468082345506051,1602.730351994096,1.911252853925589
1985,215.0,308.5329440305821,523.532944030582,1.0438054769311433,1603.6987234256653,0.9683714315692669
1986,215.0,311.14209539675954,526.1420953967595,1.049246969643094,1606.2154759240211,2.5167524983557996
1987,215.0,313.06531577001317,528.0653157700132,1.040268768905054,1607.7999805669026,1.584504642881484
1988,215.0,317.1635669480235,532.1635669480236,1.0374802786999169,1610.1669719109143,2.3669913440116943
1989,215.0,319.83132361261084,534.8313236126108,1.0428034452743942,1613.9447357983809,3.7777638874665627
1990,215.0,323.79183660072556,538.7918366007256,1.0438158204508707,1618.779539171719,4.834803373338218
1991,215.0,335.4818104403371,550.4818104403371,1.044515988674617,1627.083912420256,8.304373248536876
1992,215.0,316.3955526293896,531.3955526293896,1.0373376907957834,1627.0795705414223,-0.004341878833656665
1993,215.0,315.00618740051794,530.006187400518,1.0235051451726433,1624.5293513795577,-2.550219161864561
1994,215.0,322.1935623385285,537.1935623385285,1.025931824493182,1625.0175716265644,0.4882202470066659
1995,215.0,309.8613907722203,524.8613907722204,1.0098251171866819,1618.8728516302392,-6.144719996325193
1996,215.0,309.1011425162106,524.1011425162105,1.0059472571608135,1612.5520301314355,-6.3208214988037525
1997,215.0,332.86,547.86,1.0155065898427584,1616.310398309787,3.758368178351475
1998,215.0,317.28000000000003,532.28,1.0260604213678781,1616.0856149423528,-0.2247833674341564
1999,215.0,311.53999999999996,526.54,0.9977243350302163,1609.5871744560948,-6.498440486258005
2000,214.54182802451348,309.38,523.9218280245135,1.0,1603.3083936606558,-6.278780795438934
2001,214.1563307106119,313.65,527.8063307106119,0.9976712650532031,1598.6553196493182,-4.653074011337594
2002,210.9910221949882,324.65000000000003,535.6410221949882,0.9898186618728184,1595.8778155505397,-2.777504098778536
2003,216.58474794423114,326.12,542.7047479442311,0.994865821953046,1596.56108680321,0.683271252670238
2004,214.9715301815769,330.53000000000003,545.501530181577,0.9830062724148221,1596.1949172853433,-0.36616951786663776
2005,211.68655777411277,334.55,546.2365577741127,0.9724656594085386,1594.3879985331243,-1.8069187522189623
2006,215.33501141148187,340.45,555.7850114114818,0.9697798027915692,1595.5082153716573,1.120216838532997
2007,221.73297175848361,336.24,557.9729717584836,0.9645130934714374,1596.3438306002033,0.8356152285459757
2008,222.4890299842028,335.67,558.1590299842028,0.9627371565534859,1596.845342223166,0.5015116229626528
2009,221.62496344052374,339.88,561.5049634405237,0.9682589027181607,1599.325560386253,2.480218163087102
2010,229.6133484279244,341.18,570.7933484279245,0.9741615880697929,1605.582609829985,6.25704944373183
2011,225.50885967028023,342.69,568.1988596702802,0.9620153522297454,1608.2206186460508,2.638008816065849
2012,223.21279795339362,348.16,571.3727979533936,0.9808702795232336,1614.761875582312,6.541256936261334
2013,225.03624773381947,348.96,573.9962477338195,0.9678609782840504,1619.2547015012892,4.4928259189771325
2014,224.39070161600486,357.09000000000003,581.4807016160049,0.9658128139938376,1625.3628225330897,6.108121031800465
2015,218.5213862976749,365.45,583.9713862976748,0.9658128139938376,1631.5924910754902,6.229668542400532
2016,232.2276504805425,358.0,590.2276504805425,0.9658128139938376,1639.1776519681496,7.58516089265936
2017,232.8928815675776,360.73,593.6228815675777,0.9658128139938376,1647.0139244237275,7.836272455577955
2018,231.29149205397255,362.77000000000004,594.0614920539726,0.9658128139938376,1654.092516215193,7.078591791465442
2019,231.55775716395522,371.87,603.4277571639552,0.9658128139938376,1663.4594579834034,9.366941768210381
2020,236.7967217793075,367.56,604.3567217793075,0.9658128139938376,1672.054835376524,8.595377393120543
