,natemis,Antr+BB,Totemis,ch4lifetime_fact,Conc,Trend
1950,215.0,165.44423622518232,380.4442362251823,1.0247219712311393,1159.4849243673082,
1951,215.0,181.5398843317661,396.5398843317661,1.0244368393312935,1164.0342888531711,4.549364485862952
1952,215.0,187.68166589082924,402.6816658908292,1.0241517074314475,1170.0947330370348,6.060444183863638
1953,215.0,193.63020581337207,408.6302058133721,1.0238665755316017,1177.4357862058175,7.341053168782764
1954,215.0,199.15880242379365,414.15880242379365,1.0235814436317558,1185.7768241111858,8.341037905368239
1955,215.0,204.36717252240715,419.36717252240715,1.02329631173191,1194.9011063773323,9.124282266146565
1956,215.0,211.13917046441813,426.13917046441816,1.023011179832064,1205.2418143558991,10.340707978566797
1957,215.0,217.36410999746863,432.36410999746863,1.0227260479322182,1216.4828723916314,11.241058035732294
1958,215.0,220.52987679908665,435.52987679908665,1.0224409160323724,1227.5078871250353,11.02501473340385
1959,215.0,225.6699184124753,440.66991841247534,1.0221557841325266,1238.9962040594633,11.488316934427985
1960,215.0,231.08350712933756,446.0835071293376,1.0218706522326808,1250.9871619040766,11.990957844613376
1961,215.0,239.81707031491294,454.81707031491294,1.0215855203328348,1264.528266902543,13.54110499846638
1962,215.0,242.73843169743012,457.7384316974301,1.021300388432989,1277.5164736283498,12.988206725806776
1963,215.0,252.57641659525984,467.57641659525984,1.021015256533143,1292.3107046379564,14.79423100960662
1964,215.0,253.78508937239053,468.78508937239053,1.0207301246332974,1305.8433805278823,13.53267588992594
1965,215.0,260.7489502734299,475.7489502734299,1.0204449927334514,1320.165370174412,14.321989646529573
1966,215.0,265.2430465845324,480.2430465845324,1.0201598608336055,1334.3681545629017,14.202784388489818
1967,215.0,272.1189694198009,487.1189694198009,1.0198747289337597,1349.2556542256302,14.887499662728487
1968,215.0,275.9700567619466,490.9700567619466,1.019589597033914,1363.7463546436722,14.490700418042024
1969,215.0,280.66963851413317,495.66963851413317,1.019304465134068,1378.1651582211139,14.418803577441622
1970,215.0,286.7554424719951,501.7554424719951,1.0190193332342221,1392.979868228538,14.814710007424083
1971,215.0,296.29479715759095,511.29479715759095,1.0199605556308002,1409.4563306247421,16.47646239620417
1972,215.0,309.7925504905967,524.7925504905967,1.0209017780273784,1428.7297891421347,19.273458517392555
1973,215.0,321.5097804752024,536.5097804752024,1.0218430004239563,1449.9037556556582,21.17396651352351
1974,215.0,323.90781625487864,538.9078162548786,1.0227842228205342,1469.6751243158226,19.7713686601644
1975,215.0,317.6599241426396,532.6599241426396,1.0237254452171123,1485.3273842618803,15.652259946057711
1976,215.0,332.4310155097663,547.4310155097663,1.0246666676136902,1504.302530233996,18.975145972115797
1977,215.0,331.86937666306744,546.8693766630674,1.0256078900102683,1521.1418972132217,16.839366979225588
1978,215.0,341.8147800298701,556.8147800298701,1.0265491124068462,1539.5754609005035,18.433563687281776
1979,215.0,343.8016532522121,558.8016532522121,1.0274903348034243,1556.785606683679,17.21014578317545
1980,215.0,336.43435957683573,551.4343595768357,1.0284315572000022,1569.7990002495726,13.013393565893693
1981,215.0,319.944026226233,534.9440262262331,1.0283999636415508,1575.9013041057349,6.10230385616228
1982,215.0,325.4862880386215,540.4862880386215,1.0283683700830997,1583.1739816198708,7.272677514135921
1983,215.0,314.78340390067586,529.7834039006759,1.0283367765246483,1586.087795253751,2.9138136338801814
1984,215.0,313.6218524399723,528.6218524399724,1.028305182966197,1588.2919329822664,2.204137728515434
1985,215.0,312.6892946359584,527.6892946359584,1.0282735894077455,1589.9401693968573,1.6482364145908832
1986,215.0,315.3279750176004,530.3279750176005,1.028241995849294,1592.280672278046,2.3405028811887405
1987,215.0,317.2485140553672,532.2485140553672,1.028210402290843,1594.9989116944237,2.718239416377628
1988,215.0,321.411691319549,536.4116913195489,1.0281788087323915,1598.7991562844159,3.8002445899921895
1989,215.0,324.1105786961214,539.1105786961214,1.0281472151739404,1603.076139783908,4.276983499492189
1990,203.46046503508242,328.0908796007256,531.551344635808,1.0281156216154888,1604.3671116110197,1.2909718271116617
1991,203.86480763910888,341.6898806403371,545.5546882794459,1.02530405945394,1609.7509281512205,5.383816540200769
1992,192.99593815610623,321.75928362938964,514.7552217854959,1.022492497292391,1603.881856922371,-5.869071228849407
1993,197.53013600762725,320.736322800518,518.2664588081452,1.0196809351308422,1599.4003960636903,-4.481460858680748
1994,201.6702175992425,332.26831963852857,533.938537237771,1.0168693729692933,1600.1946320947095,0.7942360310191816
1995,198.42425222373905,324.2177472722203,522.6419994959593,1.0140578108077443,1596.7190024045824,-3.475629690127107
1996,207.98618316435926,327.5188030162106,535.5049861805699,1.0112462486461955,1597.4713420987312,0.752339694148759
1997,214.82762962942098,350.5117382000001,565.339367829421,1.0084346864846467,1607.6168807762922,10.145538677561035
1998,212.48904469996359,330.2514803,542.7405249999636,1.0056231243230978,1608.6899302150798,1.0730494387876206
1999,217.9089641525754,321.97082819999997,539.8797923525754,1.002811562161549,1608.2527425245833,-0.4371876904965575
2000,223.84146230918932,321.0746415,544.9161038091893,1.0,1609.093678346876,0.8409358222927494
2001,212.14445447990562,322.0038254,534.1482798799057,0.995914002735031,1605.6177439058217,-3.475934441054278
2002,212.8758216861255,329.2447249,542.1205465861256,0.991828005470062,1604.526662315285,-1.09108159053676
2003,211.72546899530604,336.95281180000006,548.6782807953061,0.987742008205093,1605.0777557217218,0.5510934064368485
2004,213.08436107609737,346.8821553,559.9665163760974,0.9836560109401239,1608.6486056040799,3.5708498823580612
2005,212.75712594098638,351.53041470000005,564.2875406409864,0.9795700136751548,1612.5772605285683,3.9286549244884554
2006,214.2753006005639,361.5815305,575.8568311005639,0.9754840164101859,1619.2174832275703,6.640222699001924
2007,219.2960049118257,357.22785230000005,576.5238572118258,0.9713980191452168,1624.6338660675287,5.416382839958487
2008,223.58951985494042,358.4336323,582.0231521549404,0.977052169906687,1632.2036124294145,7.569746361885791
2009,225.71980135560707,359.7836666,585.5034679556071,0.9827063206681571,1641.009031472712,8.805419043297434
2010,221.51078875464103,365.82240210000003,587.3331908546411,0.9883604714296271,1650.3613503965557,9.352318923843768
2011,231.70388323857958,367.0318972,598.7357804385796,0.9889882341230849,1662.5442400043967,12.182889607840934
2012,214.9830507354091,370.96316160000003,585.9462123354092,0.9896159968165429,1669.211520037104,6.667280032707367
2013,217.41204857078336,370.2459324,587.6579809707833,0.9902437595100009,1675.798999405714,6.5874793686100475
2014,224.21455529617825,377.00284780000004,601.2174030961783,0.9908715222034588,1686.248065548274,10.449066142560014
2015,216.73377395544077,381.5206772,598.2544511554408,0.9908600068687826,1694.5330347529919,8.284969204717754
2016,211.4816056757864,369.4090335000001,580.8906391757864,0.9908484915341064,1696.1190786843338,1.5860439313419192
2017,219.41648958015332,370.1151464,589.5316359801534,0.9908369761994302,1700.3917640080294,4.272685323695669
2018,220.87595683236208,373.18654800000013,594.0625048323623,0.9924774178789595,1705.9649095539664,5.573145545936995
2019,217.1260225955851,381.5144058,598.6404283955851,0.9941178595584886,1712.7085065670985,6.743597013132103
2020,215.0,375.00440580000003,590.0044058000001,0.9957583012380179,1716.105931494753,3.397424927654356
