,natemis,Antr+BB,Totemis,ch4lifetime_fact,Conc,Trend
1950,215.0,145.72559245704448,360.7255924570445,0.9900099900099899,1149.0454326361646,
1951,215.0,161.1689540027448,376.16895400274484,0.9900099900099899,1144.1419375205667,-4.903495115597934
1952,215.0,166.6584490009245,381.6584490009245,0.9900099900099899,1141.6136886540237,-2.528248866542981
1953,215.0,171.95470236258384,386.9547023625838,0.9900099900099899,1141.1283881991324,-0.48530045489133045
1954,215.0,176.831012412122,391.831012412122,0.9900099900099899,1142.3160274357112,1.1876392365788888
1955,215.0,181.387095949852,396.387095949852,0.9900099900099899,1144.8814626777623,2.5654352420510804
1956,215.0,187.50680733097954,402.50680733097954,0.9900099900099899,1149.1880084228967,4.306545745134372
1957,215.0,193.07946030314662,408.0794603031466,0.9900099900099899,1154.8575527134337,5.669544290537033
1958,215.0,195.59294054388116,410.5929405438811,0.9900099900099899,1160.721057211595,5.863504498161319
1959,215.0,200.08069559638636,415.08069559638636,0.9900099900099899,1167.4117637199993,6.690706508404219
1960,215.0,204.8419977523652,419.84199775236516,0.9900099900099899,1174.9270519955214,7.515288275522153
1961,215.0,212.9151721685548,427.9151721685548,0.9832246039142591,1183.4657720440546,8.53872004853315
1962,215.0,215.1761447816861,430.1761447816861,0.9828209764918625,1191.7362704477027,8.270498403648162
1963,215.0,224.35374091013003,439.35374091013,0.9808988764044944,1201.8774917953524,10.141221347649662
1964,215.0,224.902024917875,439.902024917875,0.9943820224719102,1212.6846228234303,10.807131028077947
1965,215.0,231.2054970495285,446.2054970495285,0.9990958408679929,1224.9361868304165,12.2515640069862
1966,215.0,235.0392045912452,450.0392045912452,0.9891500904159132,1235.8713010086258,10.935114178209233
1967,215.0,241.25473865712786,456.25473865712786,0.9945750452079567,1248.3058769926836,12.434575984057801
1968,215.0,244.44543722988774,459.4454372298877,0.9936708860759491,1260.2882258608865,11.982348868202962
1969,215.0,248.48463021268853,463.48463021268856,0.9850885368126747,1271.1726309429355,10.884405082048943
1970,215.0,253.9100454011647,468.91004540116467,1.0018083182640147,1284.7483829929836,13.575752050048095
1971,215.0,257.57479257777885,472.57479257777885,0.9891500904159132,1296.4035001314737,11.65511713849014
1972,215.0,264.87815496199676,479.87815496199676,0.9990958408679929,1310.4531624006204,14.049662269146665
1973,215.0,267.174414913303,482.174414913303,0.9850885368126747,1321.8507952158138,11.397632815193447
1974,215.0,268.77272781252634,483.77272781252634,0.9898876404494381,1333.1278379095265,11.277042693712701
1975,215.0,271.02888398583644,486.02888398583644,0.9963833634719712,1344.7460192922103,11.618181382683815
1976,215.0,275.0518357547742,490.0518357547742,1.0081374321880652,1357.9479583673826,13.201939075172277
1977,215.0,277.72254164205543,492.72254164205543,1.0055917986952472,1370.2319717237065,12.28401335632384
1978,215.0,279.07729251334416,494.07729251334416,1.015370705244123,1382.8922846621113,12.660312938404786
1979,215.0,283.36524243347924,498.36524243347924,1.011754068716094,1395.0967592210025,12.204474558891206
1980,215.0,282.2371159769046,497.2371159769046,1.014911463187325,1405.9963451207252,10.899585899722751
1981,215.0,277.5286029825358,492.5286029825358,1.011183597390494,1413.6224607246327,7.626115603907465
1982,215.0,285.26941946839,500.26941946839,1.0195712954333644,1424.1085596329913,10.4860989083586
1983,215.0,279.04267506764637,494.04267506764637,1.0074557315936628,1429.714968229694,5.6064085967027495
1984,215.0,284.0863192602393,499.0863192602393,1.0027958993476236,1435.7232689979692,6.008300768275149
1985,215.0,287.0049229958179,502.0049229958179,0.9900542495479203,1440.2165421965287,4.493273198559564
1986,215.0,290.9973934447917,505.9973934447917,1.0027958993476236,1447.3465575013552,7.130015304826429
1987,215.0,295.28841803933904,510.28841803933904,1.0027124773960217,1455.0930980158041,7.746540514448952
1988,215.0,299.1743864512828,514.1743864512828,0.9953401677539611,1462.2060149069332,7.112916891129089
1989,215.0,304.2999708971575,519.2999708971574,1.0041493775933612,1471.4904519565803,9.284437049647067
1990,200.3301288457454,307.58244894288526,507.91257778863064,1.007233273056058,1476.3988774733377,4.908425516757461
1991,199.7503266400383,320.3405374138564,520.0908640538947,1.0144665461121156,1485.8360669279846,9.437189454646841
1992,184.67510149951386,304.1997961122732,488.87489761178705,1.011183597390494,1483.3904902418165,-2.445576686168124
1993,197.36691793433434,305.23302163145047,502.5999395657848,1.0027958993476236,1484.569297946198,1.1788077043815974
1994,206.86238646048096,317.2848254228341,524.1472118833151,1.0009319664492078,1492.499769683936,7.930471737737889
1995,201.7570917407637,311.7473692430924,513.5044609838561,0.988245931283906,1494.128084114969,1.6283144310330044
1996,213.15982548765285,313.88494695523417,527.044772442887,0.9953401677539611,1501.1254142655719,6.99733015060292
1997,219.11808678658687,337.0204142930985,556.1385010796854,0.9981916817359855,1517.4187555743547,16.29334130878283
1998,212.25503626636817,317.9406473511351,530.1956836175033,0.9960567823343849,1522.9519303079098,5.533174733555143
1999,221.87093317633915,313.09385370096595,534.9647868773051,0.985307621671258,1527.8058786940007,4.853948386090906
2000,227.84472784773624,314.79158226734603,542.6363101150823,1.0,1536.8975542504445,9.09167555644376
2001,206.6473954472032,315.2928524514628,521.940247898666,0.9924026590693258,1536.9443010836055,0.04674683316102346
2002,212.26455200956343,322.1007386331392,534.3652906427026,0.9933523266856601,1541.2549807096557,4.31067962605016
2003,215.22835450612564,328.4756943824689,543.7040488885946,0.9895536562203229,1547.5937650442881,6.338784334632464
2004,212.63153770421576,335.7220642725255,548.3536019767412,0.9925442684063377,1555.2232427473286,7.629477703040493
2005,212.49070626724972,341.88187367125875,554.3725799385085,0.9870129870129869,1563.1263226316262,7.90307988429754
2006,213.71072289363457,352.4529993712408,566.1637222648753,0.986013986013986,1573.8889671222873,10.76264449066116
2007,219.18200332427125,349.7789386288197,568.9609419530909,0.986013986013986,1584.3604361448765,10.47146902258919
2008,228.68671106740234,353.30974763980123,581.9964587072036,0.9687203791469194,1595.1450898474404,10.7846537025639
2009,221.551417970207,355.2102928669951,576.7617108372021,0.9696969696969695,1603.1179383836086,7.972848536168158
2010,221.69514826634378,360.8548031390112,582.5499514053549,0.9658767772511849,1611.4508030858613,8.332864702252664
2011,227.28038439645948,365.99466311704407,593.2750475135035,0.9658767772511849,1622.377872840031,10.927069754169679
2012,209.97597491597992,372.97725290758524,582.9532278235652,0.9658767772511849,1628.6250227113705,6.247149871339616
2013,213.54435145588445,372.6442144644898,586.1885659203742,0.9658767772511849,1635.2245276451747,6.599504933804155
2014,216.40412124879504,380.3961968225409,596.8003180713359,0.9658767772511849,1644.580413062237,9.355885417062382
2015,206.32314747732138,387.4758223403408,593.7989698176622,0.9658767772511849,1651.8635177332774,7.283104671040292
2016,201.11929681211606,379.4876497908962,580.6069466030123,0.9658767772511849,1653.9353864413085,2.071868708031161
2017,215.0,385.0082127080213,600.0082127080213,0.9658767772511849,1662.1983108338236,8.26292439251506
2018,215.0,387.8058049137809,602.8058049137809,0.9658767772511849,1670.4362340889122,8.237923255088617
2019,215.0,394.70580491378087,609.7058049137809,0.9658767772511849,1680.0116220612379,9.575387972325643
2020,215.0,388.1958049137809,603.1958049137809,0.9658767772511849,1686.3261281532934,6.314506092055581
