,natemis,Antr+BB,Totemis,ch4lifetime_fact,Conc,Trend
1950,215.0,140.0104525128931,355.0104525128931,1.0488608866700293,1153.5853040466884,
1951,215.0,155.2647590189582,370.2647590189582,1.0455466626386185,1152.2824775013407,-1.3028265453476706
1952,215.0,160.56519897750266,375.56519897750263,1.0435105097854591,1152.6722595505257,0.38978204918498705
1953,215.0,165.67239729952678,380.6723972995268,1.0405455939203825,1154.409114303927,1.7368547534013032
1954,215.0,170.3596523094297,385.3596523094297,1.044295794488673,1157.909791902503,3.500677598575976
1955,215.0,174.7266808075245,389.72668080752453,1.037508489961066,1161.7700723590856,3.8602804565825863
1956,215.0,180.6573371490168,395.6573371490168,1.028116236302615,1166.175144828591,4.405072469505512
1957,215.0,186.04093508154867,401.0409350815487,1.0421601616543277,1173.3962950821392,7.221150253548103
1958,215.0,188.36536028264797,403.365360282648,1.048657602665344,1181.29831463125,7.902019549110719
1959,215.0,192.664060295518,407.66406029551797,1.036391182649435,1188.4633611448749,7.1650465136249295
1960,215.0,197.23630741186156,412.23630741186156,1.0366828171259594,1196.4020573214398,7.9386961765649176
1961,215.0,205.11807849022705,420.11807849022705,1.0360169714873653,1206.0261575478462,9.624100226406426
1962,215.0,207.1876477655343,422.1876477655343,1.0483804322861743,1216.6489293407592,10.622771792913
1963,215.0,216.17384055615415,431.1738405561541,1.0443546910580446,1228.6755868447992,12.026657504040031
1964,215.0,216.530721226075,431.530721226075,1.0448466365780047,1239.5764914269962,10.900904582196972
1965,215.0,222.6427900199044,437.6427900199044,1.0416887487729276,1250.9782041707756,11.401712743779399
1966,215.0,226.28509422379705,441.28509422379705,1.045021997433171,1262.73615339346,11.757949222684374
1967,215.0,232.3092249518556,447.30922495185564,1.0453696087467055,1275.26875604832,12.532602654860057
1968,215.0,235.30852018679144,450.30852018679144,1.0399298066040126,1286.815399472815,11.54664342449496
1969,215.0,239.15630983176808,454.1563098317681,1.044521823964872,1298.9282445359593,12.112845063144277
1970,215.0,244.39032168242014,459.3903216824201,1.0439258467327728,1311.4039748070002,12.475730271040902
1971,215.0,249.2500236569801,464.2500236569801,1.0436193741341604,1324.1119048091773,12.707930002177136
1972,215.0,257.1728277174416,472.1728277174416,1.0520906785217377,1339.0936886478396,14.981783838662295
1973,215.0,260.25257580258824,475.25257580258824,1.0403958536106162,1352.0759599852531,12.982271337413522
1974,215.0,261.75608614159665,476.75608614159665,1.035825630675854,1363.584700177376,11.508740192122787
1975,215.0,262.9879199985267,477.9879199985267,1.0405937531705223,1374.8474475792257,11.262747401849765
1976,215.0,269.88077697352765,484.88077697352765,1.0471224324819541,1387.9976180295469,13.150170450321184
1977,215.0,273.963154930751,488.963154930751,1.0411935162013237,1400.3422360037628,12.344617974215907
1978,215.0,276.2604287421843,491.2604287421843,1.039175143440748,1411.8559650707411,11.513729066978385
1979,215.0,281.5334355614996,496.5334355614996,1.0376285224625028,1423.674639107016,11.818674036274842
1980,215.0,283.2799933041633,498.2799933041633,1.046993032958082,1436.0036411552278,12.329002048211805
1981,215.0,279.7228833024812,494.7228833024812,1.057235362607005,1447.1330998688213,11.129458713593522
1982,215.0,287.61463066683257,502.61463066683257,1.0571718977688278,1459.6915433512088,12.558443482387474
1983,215.0,281.5577046073275,496.5577046073275,1.059741846409663,1469.2212040300199,9.52966067881107
1984,215.0,284.9536362831875,499.9536362831875,1.0468082345506051,1477.1723790172935,7.951174987273589
1985,215.0,285.63759742417085,500.63759742417085,1.0438054769311433,1484.0932268564966,6.920847839203134
1986,215.0,290.77781253724584,505.77781253724584,1.049246969643094,1492.7043089936365,8.611082137139874
1987,215.0,295.02494838641707,510.02494838641707,1.040268768905054,1500.5899766005937,7.885667606957213
1988,215.0,298.6755905767461,513.6755905767461,1.0374802786999169,1508.4528276031563,7.862851002562593
1989,215.0,302.17109081824873,517.1710908182488,1.0428034452743942,1517.3568481393645,8.904020536208236
1990,215.0,305.2999200711051,520.2999200711051,1.0438158204508707,1526.478081163583,9.121233024218554
1991,215.0,318.81183287573293,533.811832875733,1.044515988674617,1539.2061220832993,12.72804091971625
1992,215.0,299.49068782266335,514.4906878226634,1.0373376907957834,1543.1254314596601,3.919309376360843
1993,215.0,299.5481852918242,514.5481852918242,1.0235051451726433,1544.6587866793532,1.5333552196930214
1994,215.0,310.39650696329267,525.3965069632927,1.025931824493182,1549.9813431447851,5.322556465431944
1995,215.0,305.56039716107193,520.5603971610719,1.0098251171866819,1550.742197976673,0.7608548318878547
1996,215.0,307.45705920620384,522.4570592062039,1.0059472571608135,1551.466693321941,0.7244953452679965
1997,215.0,331.457796516877,546.457796516877,1.0155065898427584,1561.5125400446382,10.045846722697206
1998,215.0,315.50915615703855,530.5091561570385,1.0260604213678781,1566.7058699450251,5.193329900386971
1999,215.0,309.5890972813972,524.5890972813972,0.9977243350302163,1565.099264644568,-1.606605300457204
2000,214.54182802451348,310.3755556419565,524.91738366647,1.0,1564.1323388548262,-0.9669257897417083
2001,214.1563307106119,313.1005194228316,527.2568501334435,0.9976712650532031,1563.6918630296889,-0.44047582513735506
2002,210.9910221949882,322.47491151980734,533.4659337147955,0.9898186618728184,1564.1407034570032,0.44884042731428053
2003,216.58474794423114,328.33133481161764,544.9160827558487,0.994865821953046,1569.1267235259222,4.986020068919061
2004,214.9715301815769,339.1599047856282,554.1314349672051,0.9830062724148221,1574.7389013293064,5.6121778033841565
2005,211.68655777411277,346.62478641877203,558.3113441928848,0.9724656594085386,1579.3936857027934,4.6547843734870185
2006,215.33501141148187,356.7053574534424,572.0403688649243,0.9697798027915692,1587.624328235418,8.230642532624643
2007,221.73297175848361,355.2617524896731,576.9947242481567,0.9645130934714374,1595.6730407054006,8.048712469982547
2008,222.4890299842028,360.75844432030715,583.24747430451,0.9627371565534859,1604.565223224213,8.892182518812433
2009,221.62496344052374,364.45377111581536,586.0787345563391,0.9682589027181607,1614.3027623553492,9.737539131136145
2010,229.6133484279244,371.1593157300012,600.7726641579256,0.9741615880697929,1628.7860682031792,14.483305847830025
2011,225.50885967028023,372.924998542445,598.4338582127252,0.9620153522297454,1638.7595061005638,9.973437897384656
2012,223.21279795339362,381.0856580369786,604.2984559903722,0.9808702795232336,1652.7470345084425,13.987528407878699
2013,225.03624773381947,381.87778643760544,606.9140341714249,0.9678609782840504,1663.7806899888913,11.033655480448715
2014,224.39070161600486,388.1687589286987,612.5594605447036,0.9658128139938376,1675.057521113163,11.276831124271666
2015,218.5213862976749,398.732,617.253386297675,0.9658128139938376,1686.5904418446858,11.532920731522836
2016,232.2276504805425,390.97880000000004,623.2064504805426,0.9658128139938376,1698.7672322215055,12.176790376819781
2017,232.8928815675776,393.4056,626.2984815675776,0.9658128139938376,1710.5655178265768,11.798285605071214
2018,231.29149205397255,395.1424,626.4338920539726,0.9658128139938376,1721.049062507771,10.48354468119419
2019,231.55775716395522,403.9392,635.4969571639552,0.9658128139938376,1733.3280917238178,12.279029216046865
2020,236.7967217793075,399.326,636.1227217793075,0.9658128139938376,1744.3994882228783,11.071396499060484
