,natemis,Antr+BB,Totemis,ch4lifetime_fact,Conc,Trend
1950,215.0,145.72559245704448,360.7255924570445,1.0,1150.1896481473018,
1951,215.0,161.1689540027448,376.16895400274484,1.0,1146.2943445382887,-3.8953036090131263
1952,215.0,166.6584490009245,381.6584490009245,1.0,1144.6577636741636,-1.6365808641251078
1953,215.0,171.95470236258384,386.9547023625838,1.0,1144.962837805201,0.30507413103737235
1954,215.0,176.831012412122,391.831012412122,1.0,1146.8527342067257,1.8898964015247657
1955,215.0,181.387095949852,396.387095949852,1.0,1150.0436817222278,3.1909475155021028
1956,215.0,187.50680733097954,402.50680733097954,1.0,1154.9091407439503,4.865459021722472
1957,215.0,193.07946030314662,408.0794603031466,1.0,1161.079987236674,6.17084649272374
1958,215.0,195.59294054388116,410.5929405438811,1.0,1167.3943821275964,6.314394890922358
1959,215.0,200.08069559638636,415.08069559638636,1.0,1174.4917303558884,7.097348228292049
1960,215.0,204.8419977523652,419.84199775236516,1.0,1182.375184714232,7.88345435834367
1961,215.0,212.9151721685548,427.9151721685548,1.0,1192.0562979336885,9.681113219456392
1962,215.0,215.1761447816861,430.1761447816861,1.0,1201.404079272386,9.347781338697587
1963,215.0,224.35374091013003,439.35374091013,1.0,1212.752237010504,11.348157738117834
1964,215.0,224.902024917875,439.902024917875,1.0,1223.0117745600314,10.259537549527522
1965,215.0,231.2054970495285,446.2054970495285,1.0,1234.2153623612585,11.203587801227059
1966,215.0,235.0392045912452,450.0392045912452,1.0,1245.4373094788912,11.22194711763268
1967,215.0,241.25473865712786,456.25473865712786,1.0,1257.466349360261,12.029039881369727
1968,215.0,244.44543722988774,459.4454372298877,1.0,1269.2078373912525,11.741488030991604
1969,215.0,248.48463021268853,463.48463021268856,1.0,1280.9756790599286,11.767841668676056
1970,215.0,253.9100454011647,468.91004540116467,1.0,1293.2271625494825,12.251483489553948
1971,215.0,257.57479257777885,472.57479257777885,1.0,1305.323575790977,12.096413241494474
1972,215.0,264.87815496199676,479.87815496199676,1.0,1318.4903370189277,13.166761227950701
1973,215.0,267.174414913303,482.174414913303,1.0,1330.945193326507,12.454856307579348
1974,215.0,268.77272781252634,483.77272781252634,1.0,1342.536131779731,11.590938453223998
1975,215.0,271.02888398583644,486.02888398583644,1.0,1353.5782956974845,11.042163917753442
1976,215.0,275.0518357547742,490.0518357547742,1.0,1364.719724489364,11.141428791879434
1977,215.0,277.72254164205543,492.72254164205543,1.0,1375.5003449037574,10.780620414393525
1978,215.0,279.07729251334416,494.07729251334416,1.0,1385.5236471058918,10.023302202134346
1979,215.0,283.36524243347924,498.36524243347924,1.0,1395.8482782681228,10.324631162231071
1980,215.0,282.2371159769046,497.2371159769046,1.0,1404.642309459243,8.794031191120212
1981,215.0,277.5286029825358,492.5286029825358,1.0,1410.8883997835057,6.2460903242626955
1982,215.0,285.26941946839,500.26941946839,1.0,1419.0051389735354,8.116739190029648
1983,215.0,279.04267506764637,494.04267506764637,1.0,1424.145706510121,5.14056753658565
1984,215.0,284.0863192602393,499.0863192602393,1.0,1430.3852215919246,6.2395150818035745
1985,215.0,287.0049229958179,502.0049229958179,1.0,1436.8951011027134,6.509879510788778
1986,215.0,290.9973934447917,505.9973934447917,1.0,1444.0016062784841,7.106505175770735
1987,215.0,295.28841803933904,510.28841803933904,1.0,1451.737055639009,7.7354493605248535
1988,215.0,299.1743864512828,514.1743864512828,1.0,1459.8965436463664,8.159488007357368
1989,215.0,304.2999708971575,519.2999708971574,1.0,1468.844154957379,8.947611311012679
1990,200.3301288457454,307.58244894288526,507.91257778863064,1.0,1473.0091770442716,4.165022086892577
1991,199.7503266400383,320.3405374138564,520.0908640538947,1.0,1480.7511479932143,7.741970948942708
1992,184.67510149951386,304.1997961122732,488.87489761178705,1.0,1477.2622498947578,-3.4888980984565023
1993,197.36691793433434,305.23302163145047,502.5999395657848,1.0,1478.72084943655,1.4585995417921822
1994,206.86238646048096,317.2848254228341,524.1472118833151,1.0,1487.170029376885,8.449179940334943
1995,201.7570917407637,311.7473692430924,513.5044609838561,1.0,1491.1396578852039,3.9696285083189196
1996,213.15982548765285,313.88494695523417,527.044772442887,1.0,1499.1603188843042,8.0206609991003
1997,219.11808678658687,337.0204142930985,556.1385010796854,1.0,1515.9423003598213,16.781981475517114
1998,212.25503626636817,317.9406473511351,530.1956836175033,1.0,1522.231936625829,6.289636266007619
1999,221.87093317633915,313.09385370096595,534.9647868773051,1.0,1529.4007087485732,7.168772122744258
2000,227.84472784773624,314.79158226734603,542.6363101150823,1.0,1538.3138108336748,8.913102085101627
2001,206.6473954472032,315.2928524514628,521.940247898666,1.0,1539.3576206916591,1.0438098579843427
2002,212.26455200956343,322.1007386331392,534.3652906427026,1.0,1544.4097877368024,5.052167045143278
2003,215.22835450612564,328.4756943824689,543.7040488885946,1.0,1551.9968194184007,7.587031681598319
2004,212.63153770421576,335.7220642725255,548.3536019767412,1.0,1560.2780255089501,8.281206090549404
2005,212.49070626724972,341.88187367125875,554.3725799385085,1.0,1569.630341278674,9.352315769723873
2006,213.71072289363457,352.4529993712408,566.1637222648753,1.0,1581.8502480143898,12.219906735715767
2007,219.18200332427125,349.7789386288197,568.9609419530909,1.0,1593.6305927501458,11.780344735755989
2008,228.68671106740234,353.30974763980123,581.9964587072036,1.0,1608.4198057048882,14.789212954742425
2009,221.551417970207,355.2102928669951,576.7617108372021,1.0,1619.815080972122,11.395275267233728
2010,221.69514826634378,360.8548031390112,582.5499514053549,1.0,1631.8561758917458,12.041094919623902
2011,227.28038439645948,365.99466311704407,593.2750475135035,1.0,1646.1098610642384,14.253685172492624
2012,209.97597491597992,372.97725290758524,582.9532278235652,1.0,1655.3406153048568,9.230754240618353
2013,213.54435145588445,372.6442144644898,586.1885659203742,1.0,1664.6119631007653,9.271347795908468
2014,216.40412124879504,380.3961968225409,596.8003180713359,1.0,1676.3683990672407,11.756435966475465
2015,206.32314747732138,387.4758223403408,593.7989698176622,1.0,1685.8119880450713,9.443588977830586
2016,201.11929681211606,379.4876497908962,580.6069466030123,1.0,1689.8182986474899,4.00631060241858
2017,215.0,385.0082127080213,600.0082127080213,1.0,1699.8174273323584,9.999128684868538
2018,215.0,387.8058049137809,602.8058049137809,1.0,1709.6257787025547,9.808351370196306
2019,215.0,394.70580491378087,609.7058049137809,1.0,1720.626752687021,11.000973984466327
2020,215.0,388.1958049137809,603.1958049137809,1.0,1728.234563051861,7.6078103648399065
