,natemis,Antr+BB,Totemis,ch4lifetime_fact,Conc,Trend
1950,215.0,145.72559245704448,360.7255924570445,1.0,1150.1896481473018,
1951,215.0,161.1689540027448,376.16895400274484,1.0,1146.2943445382887,-3.8953036090131263
1952,215.0,166.6584490009245,381.6584490009245,1.0,1144.6577636741636,-1.6365808641251078
1953,215.0,171.95470236258384,386.9547023625838,1.0,1144.962837805201,0.30507413103737235
1954,215.0,176.831012412122,391.831012412122,1.0,1146.8527342067257,1.8898964015247657
1955,215.0,181.387095949852,396.387095949852,1.0,1150.0436817222278,3.1909475155021028
1956,215.0,187.50680733097954,402.50680733097954,1.0,1154.9091407439503,4.865459021722472
1957,215.0,193.07946030314662,408.0794603031466,1.0,1161.079987236674,6.17084649272374
1958,215.0,195.59294054388116,410.5929405438811,1.0,1167.3943821275964,6.314394890922358
1959,215.0,200.08069559638636,415.08069559638636,1.0,1174.4917303558884,7.097348228292049
1960,215.0,204.8419977523652,419.84199775236516,1.0,1182.375184714232,7.88345435834367
1961,215.0,212.9151721685548,427.9151721685548,1.0,1192.0562979336885,9.681113219456392
1962,215.0,215.1761447816861,430.1761447816861,1.0,1201.404079272386,9.347781338697587
1963,215.0,224.35374091013003,439.35374091013,1.0,1212.752237010504,11.348157738117834
1964,215.0,224.902024917875,439.902024917875,1.0,1223.0117745600314,10.259537549527522
1965,215.0,231.2054970495285,446.2054970495285,1.0,1234.2153623612585,11.203587801227059
1966,215.0,235.0392045912452,450.0392045912452,1.0,1245.4373094788912,11.22194711763268
1967,215.0,241.25473865712786,456.25473865712786,1.0,1257.466349360261,12.029039881369727
1968,215.0,244.44543722988774,459.4454372298877,1.0,1269.2078373912525,11.741488030991604
1969,215.0,248.48463021268853,463.48463021268856,1.0,1280.9756790599286,11.767841668676056
1970,215.0,253.9100454011647,468.91004540116467,1.0,1293.2271625494825,12.251483489553948
1971,215.0,257.57479257777885,472.57479257777885,1.0,1305.323575790977,12.096413241494474
1972,215.0,264.87815496199676,479.87815496199676,1.0,1318.4903370189277,13.166761227950701
1973,215.0,267.174414913303,482.174414913303,1.0,1330.945193326507,12.454856307579348
1974,215.0,268.77272781252634,483.77272781252634,1.0,1342.536131779731,11.590938453223998
1975,215.0,271.02888398583644,486.02888398583644,1.0,1353.5782956974845,11.042163917753442
1976,215.0,275.0518357547742,490.0518357547742,1.0,1364.719724489364,11.141428791879434
1977,215.0,277.72254164205543,492.72254164205543,1.0,1375.5003449037574,10.780620414393525
1978,215.0,279.07729251334416,494.07729251334416,1.0,1385.5236471058918,10.023302202134346
1979,215.0,283.36524243347924,498.36524243347924,1.0,1395.8482782681228,10.324631162231071
1980,215.0,282.2371159769046,497.2371159769046,1.0,1404.642309459243,8.794031191120212
1981,215.0,277.5286029825358,492.5286029825358,1.0,1410.8883997835057,6.2460903242626955
1982,215.0,285.26941946839,500.26941946839,1.0,1419.0051389735354,8.116739190029648
1983,215.0,279.04267506764637,494.04267506764637,1.0,1424.145706510121,5.14056753658565
1984,215.0,284.0863192602393,499.0863192602393,1.0,1430.3852215919246,6.2395150818035745
1985,215.0,287.0049229958179,502.0049229958179,1.0,1436.8951011027134,6.509879510788778
1986,215.0,290.9973934447917,505.9973934447917,1.0,1444.0016062784841,7.106505175770735
1987,215.0,295.28841803933904,510.28841803933904,1.0,1451.737055639009,7.7354493605248535
1988,215.0,299.1743864512828,514.1743864512828,1.0,1459.8965436463664,8.159488007357368
1989,215.0,304.2999708971575,519.2999708971574,1.0,1468.844154957379,8.947611311012679
1990,204.64647443295402,307.58244894288526,512.2289233758393,1.0,1474.4422449850185,5.5980900276395005
1991,202.84908478641162,320.3405374138564,523.189622200268,1.0,1483.0525722887655,8.610327303746999
1992,190.51506057038983,304.1997961122732,494.714856682663,1.0,1481.2449053691082,-1.807666919657322
1993,195.3330359213366,305.23302163145047,500.5660575527871,1.0,1481.5822978584033,0.33739248929509813
1994,199.90276569546643,317.2848254228341,517.1875911183006,1.0,1487.4004202570534,5.818122398650075
1995,196.32841195227857,311.7473692430924,508.07578119537095,1.0,1489.5418783335217,2.141458076468325
1996,207.46436651190697,313.88494695523417,521.3493134671412,1.0,1495.8504963084197,6.30861797489797
1997,215.069403551697,337.0204142930985,552.0898178447956,1.0,1511.6588778598514,15.808381551431694
1998,211.19685718568462,317.9406473511351,529.1375045368197,1.0,1518.0768043269252,6.417926467073812
1999,218.01274748085203,313.09385370096595,531.106601181818,1.0,1524.4298730425087,6.353068715583504
2000,224.99476821169003,314.79158226734603,539.7863504790361,1.0,1532.953346886748,8.523473844239334
2001,211.6541686142129,315.2928524514628,526.9470210656757,1.0,1536.2596655580903,3.3063186713422965
2002,212.44845349875482,322.1007386331392,534.549192131894,1.0,1541.7197683696877,5.46010281159738
2003,211.15104048992268,328.4756943824689,539.6267348723916,1.0,1548.2542949331237,6.534526563435975
2004,213.4267447417675,335.7220642725255,549.148809014293,1.0,1557.2185686398038,8.96427370668016
2005,212.36702568834235,341.88187367125875,554.2488993596011,1.0,1566.872389333936,9.653820694132264
2006,214.33253962675096,352.4529993712408,566.7855389979918,1.0,1579.6075536459284,12.735164311992321
2007,219.6252591285588,349.7789386288197,569.4041977573785,1.0,1591.7861785210303,12.178624875101832
2008,225.0863228023433,353.30974763980123,578.3960704421445,1.0,1605.5865476669928,13.800369145962577
2009,227.38941008758178,355.2102928669951,582.5997029545769,1.0,1619.2373325738383,13.650784906845502
2010,222.05416973076032,360.8548031390112,582.9089728697716,1.0,1631.4623166620258,12.224984088187512
2011,234.1365331595362,365.99466311704407,600.1311962765803,1.0,1648.036409180188,16.57409251816216
2012,214.91072953742258,372.97725290758524,587.8879824450078,1.0,1658.689833049032,10.653423868843902
2013,217.65607902838656,372.6442144644898,590.3002934928763,1.0,1668.9513010053206,10.261467956288698
2014,225.58641103472286,380.3961968225409,605.9826078572637,1.0,1683.2704682211915,14.319167215870948
2015,217.07285443075872,387.4758223403408,604.5486767710995,1.0,1695.510236330686,12.239768109494435
2016,210.38186013375284,379.4876497908962,589.869509924649,1.0,1701.505891390812,5.995655060125955
2017,219.85459889671557,385.0082127080213,604.8628116047369,1.0,1711.808130928212,10.302239537400055
2018,221.18675975116392,387.8058049137809,608.9925646649448,1.0,1722.3279438833254,10.519812955113366
2019,217.3676024610999,394.70580491378087,612.0734073748807,1.0,1732.6927202631402,10.364776379814884
2020,215.0,388.1958049137809,603.1958049137809,1.0,1738.949501589501,6.256781326360851
