,natemis,Antr+BB,Totemis,ch4lifetime_fact,Conc,Trend
1950,215.0,163.598,378.598,1.0,1156.1234580696766,
1951,215.0,178.6518045817319,393.6518045817319,1.0,1157.3682177523867,1.2447596827100824
1952,215.0,183.7517426159432,398.75174261594316,1.0,1160.1668295338286,2.7986117814418776
1953,215.0,188.65843901363414,403.65843901363417,1.0,1164.2811501852748,4.114320651446178
1954,215.0,193.14519209920383,408.1451920992038,1.0,1169.424434307104,5.143284121829311
1955,215.0,197.31171867296544,412.3117186729654,1.0,1175.37515037469,5.950716067585972
1956,215.0,203.04187309012457,418.04187309012457,1.0,1182.5620294269106,7.186879052220547
1957,215.0,208.22496909832324,423.22496909832324,1.0,1190.6650294087437,8.102999981833136
1958,215.0,210.34889237508935,425.34889237508935,1.0,1198.5658975074878,7.900868098744013
1959,215.0,214.44709046362615,429.4470904636262,1.0,1206.9427445592996,8.376847051811865
1960,215.0,218.81883565563655,433.8188356556366,1.0,1215.833095346065,8.890350786765339
1961,215.0,224.59797580858205,439.5979758085821,1.0,1225.6467213045075,9.813625958442572
1962,215.0,224.56491415846932,439.5649141584693,1.0,1234.3505366264258,8.703815321918228
1963,215.0,231.44847602366914,446.4484760236692,1.0,1244.3651920887514,10.014655462325663
1964,215.0,229.70272576816996,444.70272576816996,1.0,1252.678898629778,8.313706541026477
1965,215.0,233.7121636365794,448.71216363657936,1.0,1261.3928892724264,8.713990642648469
1966,215.0,235.251836915052,450.25183691505197,1.0,1269.6423586966077,8.24946942418137
1967,215.0,239.17333671769057,454.1733367176906,1.0,1278.270108589155,8.627749892547172
1968,215.0,240.0700010272064,455.0700010272064,1.0,1286.2295085428077,7.959399953652792
1969,215.0,241.81515974676304,456.815159746763,1.0,1293.8771020912006,7.647593548392933
1970,215.0,244.94654067199508,459.9465406719951,1.0,1301.7080412717762,7.8309391805755695
1971,215.0,248.76207785759098,463.76207785759095,1.0,1309.928943243553,8.220901971776811
1972,215.0,256.04497069059664,471.04497069059664,1.0,1319.6473389630787,9.718395719525688
1973,215.0,255.60237187520235,470.6023718752024,1.0,1328.1306167483374,8.483277785258679
1974,215.0,258.8376989548787,473.8376989548787,1.0,1336.7381795339015,8.607562785564141
1975,215.0,261.71079484263964,476.71079484263964,1.0,1345.3358468872625,8.597667353360976
1976,215.0,266.11259910976634,481.11259910976634,1.0,1354.4322725778302,9.096425690567685
1977,215.0,269.5931488630674,484.5931488630674,1.0,1363.6657452317845,9.233472653954323
1978,215.0,272.7548380298701,487.7548380298701,1.0,1372.9150549118428,9.249309680058332
1979,215.0,276.282103452212,491.282103452212,1.0,1382.2998031495108,9.384748237667964
1980,215.0,279.7152927768357,494.7152927768357,1.0,1391.7735906972234,9.473787547712618
1981,215.0,281.48962262623303,496.48962262623303,1.0,1400.775690621887,9.002099924663526
1982,215.0,290.3138617386215,505.3138617386215,1.0,1411.6995550671554,10.923864445268464
1983,215.0,285.25634640067585,500.25634640067585,1.0,1419.72112863871,8.021573571554654
1984,215.0,288.3160050399723,503.3160050399723,1.0,1427.8603607335253,8.13923209481527
1985,215.0,290.7718115359584,505.7718115359584,1.0,1435.903592424695,8.043231691169694
1986,215.0,293.2029897176004,508.2029897176004,1.0,1443.8533960630168,7.949803638321782
1987,215.0,297.6636160553672,512.6636160553671,1.0,1452.394028969945,8.540632906928295
1988,215.0,297.990817919549,512.990817919549,1.0,1460.086999477787,7.692970507841892
1989,215.0,299.2419704961214,514.2419704961214,1.0,1467.333980988431,7.246981510643991
1990,215.0,302.9738366007256,517.9738366007256,1.0,1475.0085315611307,7.674550572699673
1991,215.0,316.0443104403371,531.0443104403371,1.0,1486.1632831127486,11.154751551617892
1992,215.0,298.3385526293896,513.3385526293896,1.0,1490.1905540637665,4.027270951017954
1993,215.0,298.32968740051797,513.329687400518,1.0,1493.7639472616288,3.5733931978622877
1994,215.0,306.8975623385286,521.8975623385286,1.0,1499.7818431108599,6.017895849231081
1995,215.0,295.94589077222037,510.94589077222037,1.0,1501.489854331033,1.708011220173148
1996,215.0,293.32614251621055,508.32614251621055,1.0,1502.1368377296028,0.6469833985697733
1997,215.0,315.2255,530.2255,1.0,1509.9821740008183,7.845336271215501
1998,215.0,297.786,512.7860000000001,1.0,1511.1589857619874,1.1768117611691196
1999,215.0,290.18649999999997,505.18649999999997,1.0,1509.6809231036227,-1.4780626583647063
2000,214.54182802451348,286.167,500.7088280245134,1.0,1506.8817296038612,-2.7991934997614862
2001,214.1563307106119,293.96279999999996,508.1191307106119,1.0,1506.8562536487045,-0.02547595515670764
2002,210.9910221949882,308.4886,519.4796221949882,1.0,1510.6054218670606,3.7491682183560897
2003,216.58474794423114,313.4844,530.0691479442312,1.0,1517.4506185380756,6.845196671014946
2004,214.9715301815769,321.4202,536.3917301815769,1.0,1525.6285146960709,8.177896157995292
2005,211.68655777411277,328.966,540.6525577741128,1.0,1534.305365462383,8.6768507663121
2006,215.33501141148187,339.5914,554.9264114114819,1.0,1546.749723015753,12.444357553370082
2007,221.73297175848361,340.1068,561.8397717584836,1.0,1560.0959847550985,13.346261739345437
2008,222.4890299842028,344.2622,566.7512299842028,1.0,1573.5785136553782,13.482528900279704
2009,221.62496344052374,353.1976,574.8225634405237,1.0,1588.2311605948291,14.65264693945096
2010,229.6133484279244,359.223,588.8363484279243,1.0,1605.8958578373727,17.664697242543525
2011,225.50885967028023,364.4245,589.9333596702802,1.0,1621.9468532565634,16.050995419190713
2012,223.21279795339362,373.586,596.7987979533937,1.0,1638.4800062453896,16.53315298882626
2013,225.03624773381947,378.0775,603.1137477338194,1.0,1655.2585620768211,16.778555831431504
2014,224.39070161600486,389.899,614.2897016160049,1.0,1673.8689427078302,18.610380631009093
2015,218.5213862976749,401.9505,620.4718862976749,1.0,1692.4480592660884,18.579116558258193
2016,232.2276504805425,399.27200000000005,631.4996504805425,1.0,1712.6081910491844,20.16013178309595
2017,232.8928815675776,406.7735,639.6663815675777,1.0,1733.2224211347568,20.614230085572444
2018,231.29149205397255,413.58500000000004,644.8764920539726,1.0,1753.25827777153,20.035856636773133
2019,231.55775716395522,427.4565,659.0142571639552,1.0,1775.7445881240167,22.486310352486726
2020,236.7967217793075,427.918,664.7147217793075,1.0,1797.6057100411754,21.861121917158698
