,natemis,Antr+BB,Totemis,ch4lifetime_fact,Conc,Trend
1950,215.0,163.598,378.598,1.0,1156.1234580696766,
1951,215.0,178.6518045817319,393.6518045817319,1.0,1157.3682177523867,1.2447596827100824
1952,215.0,183.7517426159432,398.75174261594316,1.0,1160.1668295338286,2.7986117814418776
1953,215.0,188.65843901363414,403.65843901363417,1.0,1164.2811501852748,4.114320651446178
1954,215.0,193.14519209920383,408.1451920992038,1.0,1169.424434307104,5.143284121829311
1955,215.0,197.31171867296544,412.3117186729654,1.0,1175.37515037469,5.950716067585972
1956,215.0,203.04187309012457,418.04187309012457,1.0,1182.5620294269106,7.186879052220547
1957,215.0,208.22496909832324,423.22496909832324,1.0,1190.6650294087437,8.102999981833136
1958,215.0,210.34889237508935,425.34889237508935,1.0,1198.5658975074878,7.900868098744013
1959,215.0,214.44709046362615,429.4470904636262,1.0,1206.9427445592996,8.376847051811865
1960,215.0,218.81883565563655,433.8188356556366,1.0,1215.833095346065,8.890350786765339
1961,215.0,224.59797580858205,439.5979758085821,1.0,1225.6467213045075,9.813625958442572
1962,215.0,224.56491415846932,439.5649141584693,1.0,1234.3505366264258,8.703815321918228
1963,215.0,231.44847602366914,446.4484760236692,1.0,1244.3651920887514,10.014655462325663
1964,215.0,229.70272576816996,444.70272576816996,1.0,1252.678898629778,8.313706541026477
1965,215.0,233.7121636365794,448.71216363657936,1.0,1261.3928892724264,8.713990642648469
1966,215.0,235.251836915052,450.25183691505197,1.0,1269.6423586966077,8.24946942418137
1967,215.0,239.17333671769057,454.1733367176906,1.0,1278.270108589155,8.627749892547172
1968,215.0,240.0700010272064,455.0700010272064,1.0,1286.2295085428077,7.959399953652792
1969,215.0,241.81515974676304,456.815159746763,1.0,1293.8771020912006,7.647593548392933
1970,215.0,244.94654067199508,459.9465406719951,1.0,1301.7080412717762,7.8309391805755695
1971,215.0,248.76207785759098,463.76207785759095,1.0,1309.928943243553,8.220901971776811
1972,215.0,256.04497069059664,471.04497069059664,1.0,1319.6473389630787,9.718395719525688
1973,215.0,255.60237187520235,470.6023718752024,1.0,1328.1306167483374,8.483277785258679
1974,215.0,258.8376989548787,473.8376989548787,1.0,1336.7381795339015,8.607562785564141
1975,215.0,261.71079484263964,476.71079484263964,1.0,1345.3358468872625,8.597667353360976
1976,215.0,266.11259910976634,481.11259910976634,1.0,1354.4322725778302,9.096425690567685
1977,215.0,269.5931488630674,484.5931488630674,1.0,1363.6657452317845,9.233472653954323
1978,215.0,272.7548380298701,487.7548380298701,1.0,1372.9150549118428,9.249309680058332
1979,215.0,276.282103452212,491.282103452212,1.0,1382.2998031495108,9.384748237667964
1980,215.0,279.7152927768357,494.7152927768357,1.0,1391.7735906972234,9.473787547712618
1981,215.0,281.48962262623303,496.48962262623303,1.0,1400.775690621887,9.002099924663526
1982,215.0,290.3138617386215,505.3138617386215,1.0,1411.6995550671554,10.923864445268464
1983,215.0,285.25634640067585,500.25634640067585,1.0,1419.72112863871,8.021573571554654
1984,215.0,288.3160050399723,503.3160050399723,1.0,1427.8603607335253,8.13923209481527
1985,215.0,290.7718115359584,505.7718115359584,1.0,1435.903592424695,8.043231691169694
1986,215.0,293.2029897176004,508.2029897176004,1.0,1443.8533960630168,7.949803638321782
1987,215.0,297.6636160553672,512.6636160553671,1.0,1452.394028969945,8.540632906928295
1988,215.0,297.990817919549,512.990817919549,1.0,1460.086999477787,7.692970507841892
1989,215.0,299.2419704961214,514.2419704961214,1.0,1467.333980988431,7.246981510643991
1990,204.64647443295402,302.9738366007256,507.6203110336796,1.0,1471.5710622334177,4.237081244986712
1991,202.84908478641162,316.0443104403371,518.8933952267487,1.0,1479.0764881312643,7.505425897846635
1992,190.51506057038983,298.3385526293896,488.85361319977943,1.0,1475.7680354372305,-3.3084526940338037
1993,195.3330359213366,298.32968740051797,493.66272332185457,1.0,1474.4267013881672,-1.3413340490633345
1994,199.90276569546643,306.8975623385286,506.800328033995,1.0,1477.5973669890236,3.1706656008564096
1995,196.32841195227857,295.94589077222037,492.27430272449897,1.0,1475.5902333916765,-2.0071335973470923
1996,207.46436651190697,293.32614251621055,500.7905090281175,1.0,1476.6353007762455,1.045067384568938
1997,215.069403551697,315.2255,530.294903551697,1.0,1487.3590923804968,10.723791604251346
1998,211.19685718568462,297.786,508.9828571856846,1.0,1489.8063358365193,2.447243456022534
1999,218.01274748085203,290.18649999999997,508.199247480852,1.0,1491.719395002801,1.913059166281755
2000,224.99476821169003,286.167,511.16176821169,1.0,1494.4018336784438,2.682438675642743
2001,211.6541686142129,293.96279999999996,505.61696861421285,1.0,1494.9429927071328,0.5411590286889805
2002,212.44845349875482,308.4886,520.9370534987548,1.0,1500.5099724747233,5.56697976759051
2003,211.15104048992268,313.4844,524.6354404899226,1.0,1506.681516083102,6.17154360837867
2004,213.4267447417675,321.4202,534.8469447417675,1.0,1515.5523474940062,8.870831410904202
2005,212.36702568834235,328.966,541.3330256883423,1.0,1525.5833507576506,10.03100326364438
2006,214.33253962675096,339.5914,553.923939626751,1.0,1538.6714840097732,13.088133252122589
2007,219.6252591285588,340.1068,559.7320591285588,1.0,1552.2224872298111,13.551003220037956
2008,225.0863228023433,344.2622,569.3485228023433,1.0,1567.4489393871163,15.226452157305175
2009,227.38941008758178,353.1976,580.5870100875818,1.0,1584.7017674199278,17.25282803281152
2010,222.05416973076032,359.223,581.2771697307603,1.0,1600.2519321003053,15.55016468037752
2011,234.1365331595362,364.4245,598.5610331595362,1.0,1619.7993490854712,19.54741698516591
2012,214.91072953742258,373.586,588.4967295374227,1.0,1633.8165926183865,14.017243532915245
2013,217.65607902838656,378.0775,595.7335790283865,1.0,1648.6670254328028,14.850432814416308
2014,225.58641103472286,389.899,615.4854110347228,1.0,1668.4124488107582,19.745423377955376
2015,217.07285443075872,401.9505,619.0233544307587,1.0,1687.1216037804402,18.709154969682004
2016,210.38186013375284,399.27200000000005,609.6538601337529,1.0,1700.6251290086789,13.503525228238686
2017,219.85459889671557,406.7735,626.6280988967155,1.0,1718.2522708656174,17.62714185693858
2018,221.18675975116392,413.58500000000004,634.7717597511639,1.0,1736.609470925704,18.357200060086598
2019,217.3676024610999,427.4565,644.8241024610999,1.0,1756.248685008818,19.639214083113984
2020,215.0,427.918,642.918,1.0,1773.0560477658182,16.807362757000192
