,natemis,Antr+BB,Totemis,ch4lifetime_fact,Conc,Trend
1950,215.0,148.86472757401697,363.86472757401697,1.0247219712311393,1153.9735837681174,
1951,215.0,164.4119307263549,379.4119307263549,1.0244368393312933,1153.4343029994534,-0.5392807686639571
1952,215.0,170.00526733117223,385.00526733117226,1.0241517074314475,1154.7826740833752,1.3483710839218475
1953,215.0,175.4053622994692,390.4053622994692,1.0238665755316017,1157.7471362154577,2.964462132082417
1954,215.0,180.38551395564497,395.38551395564497,1.0235814436317556,1162.0104599573426,4.26332374188496
1955,215.0,185.0454391000126,400.0454391000126,1.0232963117319098,1167.323296043953,5.312836086610332
1956,215.0,191.26899208777778,406.26899208777775,1.023011179832064,1174.0897777678483,6.766481723895367
1957,215.0,196.94548666658253,411.9454866665825,1.0227260479322182,1181.9679541378548,7.878176370006486
1958,215.0,199.56280851395465,414.5628085139547,1.0224409160323724,1189.8183832964683,7.850429158613451
1959,215.0,204.15440517309747,419.1544051730975,1.0221557841325264,1198.2998808388215,8.481497542353281
1960,215.0,209.0195489357139,424.01954893571394,1.0218706522326806,1207.4334994569153,9.133618618093806
1961,215.0,217.19785480015165,432.1978548001516,1.0215855203328348,1218.248194261931,10.814694805015733
1962,215.0,219.56395886153115,434.56395886153115,1.021300388432989,1228.6266630803339,10.37846881840278
1963,215.0,228.84668643822317,443.8466864382232,1.021015256533143,1240.9151310423606,12.288467962026743
1964,215.0,229.50010189421624,444.50010189421624,1.0207301246332972,1252.034710410035,11.119579367674305
1965,215.0,235.90870547411788,450.9087054741179,1.0204449927334514,1264.026199136624,11.991488726589068
1966,215.0,239.84754446408272,454.8475444640827,1.0201598608336055,1275.9721095471718,11.945910410547867
1967,215.0,246.1682099782135,461.1682099782135,1.0198747289337597,1288.6683753606853,12.696265813513492
1968,215.0,249.46403999922154,464.46403999922154,1.0195895970339137,1301.026369806358,12.357994445672603
1969,215.0,253.6083644302704,468.6083644302704,1.019304465134068,1313.3646620131603,12.338292206802407
1970,215.0,259.1389110669947,474.1389110669947,1.0190193332342221,1326.1454157959497,12.780753782789361
1971,215.0,264.2792956760135,479.2792956760135,1.0199605556308,1339.344154936959,13.198739141009355
1972,215.0,272.45721733515404,487.45721733515404,1.0209017780273781,1353.9265097718433,14.5823548348842
1973,215.0,275.97436854007793,490.97436854007793,1.021843000423956,1368.1934363417768,14.266926569933503
1974,215.0,277.58300816315733,492.58300816315733,1.0227842228205342,1381.5475709466036,13.354134604826868
1975,215.0,278.92569799309183,493.92569799309183,1.0237254452171123,1394.002974234063,12.455403287459376
1976,215.0,286.19073893967834,501.19073893967834,1.0246666676136902,1407.6290201398515,13.626045905788487
1977,215.0,290.52582612135245,505.52582612135245,1.0256078900102683,1421.32540160629,13.696381466438424
1978,215.0,292.98308376747053,507.98308376747053,1.0265491124068462,1434.4623065718833,13.13690496559343
1979,215.0,298.58114099630916,513.5811409963092,1.0274903348034243,1448.1473194831046,13.685012911221293
1980,215.0,300.435685537013,515.435685537013,1.0284315572000022,1461.0779567167906,12.930637233685957
1981,215.0,296.68287020073063,511.68287020073063,1.0283999636415508,1471.341823591969,10.263866875178337
1982,215.0,304.65710214976906,519.6571021497691,1.0283683700830994,1483.1296162612498,11.787792669280861
1983,215.0,298.6784287123529,513.6784287123529,1.0283367765246483,1491.6355042700154,8.505888008765623
1984,215.0,302.2370817851458,517.2370817851458,1.0283051829661969,1500.3894726083947,8.753968338379309
1985,215.0,302.9504467045176,517.9504467045176,1.0282735894077457,1508.4183343795985,8.028861771203765
1986,215.0,308.4034370412448,523.4034370412448,1.028241995849294,1517.3771950039813,8.95886062438285
1987,215.0,312.778527186872,527.778527186872,1.0282104022908427,1526.80586076662,9.42866576263873
1988,215.0,316.78079953316467,531.7807995331647,1.0281788087323915,1536.5289134343618,9.72305266774174
1989,215.0,320.55968800249383,535.5596880024939,1.0281472151739401,1546.4398110765917,9.910897642229884
1990,213.229158495527,323.79183660072556,537.0209950962526,1.0281156216154888,1555.7474040804564,9.307593003864667
1991,230.46401973376058,335.4818104403371,565.9458301740976,1.0253040594539398,1573.2426324596167,17.49522837916038
1992,187.08466023758422,316.3955526293896,503.48021286697383,1.022492497292391,1567.6394109898913,-5.60322146972544
1993,201.07742439463695,315.00618740051794,516.0836117951549,1.019680935130842,1566.4258114305226,-1.2135995593687312
1994,209.91391164352387,322.1935623385285,532.1074739820524,1.0168693729692933,1570.2531273383333,3.827315907810771
1995,200.85765603448098,309.8613907722203,510.7190468067013,1.0140578108077443,1566.130293802475,-4.122833535858263
1996,212.4591393800404,309.1011425162106,521.560281896251,1.0112462486461955,1565.6437671660651,-0.4865266364099625
1997,217.02081046246136,332.86,549.8808104624613,1.0084346864846467,1574.1938295511898,8.550062385124647
1998,202.568436978653,317.28000000000003,519.848436978653,1.0056231243230978,1571.3894104665214,-2.804419084668325
1999,215.78806866900686,311.53999999999996,527.3280686690068,1.0028115621615488,1570.951206261691,-0.4382042048305266
2000,226.5622479195188,309.38,535.9422479195188,1.0,1572.9893974647052,2.038191203014321
2001,215.0509626165587,313.65,528.7009626165586,0.9972303853728057,1571.9662522451147,-1.0231452195905604
2002,216.04073174324364,324.65000000000003,540.6907317432436,0.9944607707456116,1574.6065714178562,2.640319172741556
2003,213.98055262609702,326.12,540.100552626097,0.9916911561184175,1576.3195467953378,1.7129753774815981
2004,208.00169259421529,330.53000000000003,538.5316925942153,0.9889215414912234,1576.8816019436892,0.5620551483514191
2005,205.4572700159953,334.55,540.0072700159953,0.9861519268640292,1577.4300832944728,0.5484813507835042
2006,211.2339594451393,340.45,551.6839594451393,0.9833823122368349,1581.3476920940138,3.9176087995410853
2007,223.672583039232,336.24,559.912583039232,0.9806126976096409,1587.1036017373067,5.755909643292853
2008,228.03049543871128,335.67,563.7004954387113,0.9862691313599595,1594.3738114576377,7.270209720330968
2009,235.04040686312868,339.88,574.9204068631286,0.9919255651102782,1605.451147310249,11.07733585261144
2010,224.2663857353366,341.18,565.4463857353367,0.9975819988605968,1613.0388784239813,7.587731113732161
2011,247.4109003803281,342.69,590.1009003803281,0.9982952851331266,1628.0738402644752,15.034961840493906
2012,216.66762554529598,348.16,564.827625545296,0.9990085714056565,1633.147266393371,5.07342612889579
2013,222.88330630031555,348.96,571.8433063003156,0.9997218576781862,1640.0961181392267,6.948851745855791
2014,220.24898314608367,357.09000000000003,577.3389831460837,1.000435143950716,1648.2064963525106,8.110378213283866
2015,215.0,365.45,580.45,0.99758407518491,1655.9783818248504,7.771885472339818
2016,215.0,358.0,573.0,0.9947330064191041,1659.9373096252439,3.9589278003934396
2017,215.0,360.73,575.73,0.9918819376532981,1663.8855839559556,3.9482743307116834
2018,215.0,362.77000000000004,577.77,0.9952698352126487,1668.6272490619704,4.741665106014807
2019,215.0,371.87,586.87,0.9986577327719993,1676.4163155318247,7.789066469854333
2020,215.0,367.56,582.56,1.0208161755200762,1685.4901680831617,9.07385255133704
