,natemis,Antr+BB,Totemis,ch4lifetime_fact,Conc,Trend
1950,215.0,163.17450659965715,378.17450659965715,1.0247219712311393,1158.7304235375464,
1951,215.0,179.19507276100282,394.19507276100285,1.0244368393312935,1162.5831540560823,3.8527305185359637
1952,215.0,185.26177237482784,400.26177237482784,1.0241517074314475,1167.9985168845446,5.415362828462321
1953,215.0,191.13523035213254,406.13523035213257,1.0238665755316017,1174.740416089009,6.741899204464289
1954,215.0,196.588745017316,411.588745017316,1.0235814436317558,1182.5232161819058,7.782800092896878
1955,215.0,201.72203317069142,416.7220331706914,1.02329631173191,1191.125712640535,8.602496458629275
1956,215.0,208.41894916746426,423.41894916746423,1.023011179832064,1200.9771101462013,9.851397505666228
1957,215.0,214.5688067552767,429.5688067552767,1.0227260479322182,1211.7577907181362,10.780680571934909
1958,215.0,217.6594916116566,432.65949161165656,1.0224409160323724,1222.3482056645692,10.59041494643293
1959,215.0,222.72445127980714,437.7244512798071,1.0221557841325266,1233.4248899507454,11.07668428617626
1960,215.0,228.0629580514313,443.06295805143134,1.0218706522326808,1245.02467893571,11.599788984964562
1961,215.0,236.72050668084023,451.72050668084023,1.0215855203328348,1258.1925392188111,13.167860283101163
1962,215.0,239.56585350719098,454.565853507191,1.021300388432989,1270.823473629261,12.630934410449754
1963,215.0,249.3278238488543,464.32782384885434,1.021015256533143,1285.274666449781,14.451192820520191
1964,215.0,250.4604820698185,465.4604820698185,1.0207301246332974,1298.4769901693835,13.202323719602418
1965,215.0,257.3483284146914,472.3483284146914,1.0204449927334514,1312.4799349580946,14.002944788711147
1966,215.0,261.76641016962753,476.76641016962753,1.0201598608336055,1326.3737539944386,13.893819036343984
1967,215.0,268.56631844872953,483.56631844872953,1.0198747289337597,1340.9612744184174,14.58752042397873
1968,215.0,272.34139123470885,487.34139123470885,1.019589597033914,1355.1600080460155,14.19873362759813
1969,215.0,276.9649584307289,491.9649584307289,1.019304465134068,1369.2939902579074,14.133982211891862
1970,215.0,282.9747478324244,497.9747478324244,1.0190193332342221,1383.8302522849233,14.536262027015937
1971,215.0,292.39338546227265,507.39338546227265,1.0199605556308002,1400.018017996976,16.187765712052624
1972,215.0,305.77288904383573,520.7728890438357,1.0209017780273784,1418.9944303113855,18.976412314409572
1973,215.0,317.30180353705,532.30180353705,1.0218430004239563,1439.840581102687,20.846150791301625
1974,215.0,319.6737152945646,534.6737152945645,1.0227842228205342,1459.310602842959,19.47002174027193
1975,215.0,313.4687162301143,528.4687162301143,1.0237254452171123,1474.7079653143442,15.397362471385122
1976,215.0,328.0681369115893,543.0681369115894,1.0246666676136902,1493.3981937734795,18.69022845913537
1977,215.0,327.50971043294277,542.5097104329427,1.0256078900102683,1509.9840060964407,16.585812322961146
1978,215.0,337.29152495073333,552.2915249507333,1.0265491124068462,1528.1364431308257,18.152437034385002
1979,215.0,339.2625001945196,554.2625001945196,1.0274903348034243,1545.0899657491047,16.953522618279067
1980,215.0,331.9744129863428,546.9744129863428,1.0284315572000022,1557.9001337091777,12.810167960072931
1981,215.0,315.6808105870111,530.6808105870111,1.0283999636415508,1563.88689068245,5.98675697327235
1982,215.0,321.2350753555989,536.2350753555988,1.0283683700830997,1571.06068970268,7.173799020230035
1983,215.0,310.5807537196765,525.5807537196765,1.0283367765246483,1573.9026252581264,2.841935555446298
1984,215.0,309.44370211114114,524.4437021111412,1.028305182966197,1576.0509311635528,2.1483059054264686
1985,215.0,308.5329440305821,523.532944030582,1.0282735894077455,1577.6567288270912,1.6057976635383966
1986,215.0,311.14209539675954,526.1420953967595,1.028241995849294,1579.9496552200924,2.292926393001153
1987,215.0,313.06531577001317,528.0653157700132,1.028210402290843,1582.626452031569,2.6767968114766063
1988,215.0,317.1635669480235,532.1635669480236,1.0281788087323915,1586.368239178234,3.7417871466650467
1989,215.0,319.83132361261084,534.8313236126108,1.0281472151739404,1590.5828487825381,4.214609604304087
1990,195.859372138931,323.79183660072556,519.6512087396566,1.0281156216154888,1589.2845683688247,-1.298280413713428
1991,196.4677865234781,335.4818104403371,531.9495969638152,1.02530405945394,1591.7999875090914,2.5154191402666584
1992,186.22954503459533,316.3955526293896,502.62509766398495,1.022492497292391,1583.8724742854909,-7.927513223600499
1993,187.33483185418655,315.00618740051794,502.3410192547045,1.0196809351308422,1576.3030960430697,-7.56937824242118
1994,194.24032411385,322.1935623385285,516.4338864523785,1.0168693729692933,1573.8314303356117,-2.471665707457987
1995,196.26542045954338,309.8613907722203,506.12681123176367,1.0140578108077443,1567.786779795678,-6.044650539933627
1996,208.3748607752008,309.1011425162106,517.4760032914114,1.0112462486461955,1565.759691460967,-2.027088334711152
1997,210.57397740266572,332.86,543.4339774026657,1.0084346864846467,1572.155539143501,6.395847682534168
1998,209.1911838875435,317.28000000000003,526.4711838875435,1.0056231243230978,1571.7777362903955,-0.37780285310554973
1999,217.52201870655188,311.53999999999996,529.0620187065518,1.002811562161549,1571.87192225936,0.09418596896443887
2000,223.5473177914537,309.38,532.9273177914537,1.0,1572.8060351055713,0.934112846211292
2001,208.76739978844725,313.65,522.4173997884473,0.995914002735031,1569.5130564140532,-3.292978691518101
2002,212.5426383460839,324.65000000000003,537.1926383460839,0.991828005470062,1570.8567059089974,1.3436494949442022
2003,209.4704631541179,326.12,535.590463154118,0.987742008205093,1570.873930461158,0.01722455216054186
2004,218.0441344921813,330.53000000000003,548.5741344921813,0.9836560109401239,1574.5479427488456,3.674012287687674
2005,209.43411713475498,334.55,543.984117134755,0.9795700136751548,1575.6268156315482,1.0788728827026262
2006,219.66477835127023,340.45,560.1147783512702,0.9754840164101859,1581.270366147053,5.643550515504785
2007,218.52915094169083,336.24,554.7691509416909,0.9713980191452168,1583.826969430301,2.556603283248023
2008,220.73970219562665,335.67,556.4097021956267,0.977052169906687,1587.560700365844,3.733730935543008
2009,225.16131562752406,339.88,565.041315627524,0.9827063206681571,1594.6498723780744,7.089172012230392
2010,222.0698885088719,341.18,563.2498885088719,0.9883604714296271,1601.2524270593597,6.602554681285255
2011,236.78903992011058,342.69,579.4790399201106,0.9889882341230849,1612.5948159119343,11.342388852574686
2012,215.0776771228679,348.16,563.2376771228679,0.9896159968165429,1617.3679868371185,4.773170925184104
2013,213.66667097656892,348.96,562.6266709765689,0.9902437595100009,1621.5011674904,4.133180653281443
2014,220.38733015363204,357.09000000000003,577.477330153632,0.9908715222034588,1630.1979988245594,8.69683133415947
2015,214.02416939645465,365.45,579.4741693964546,0.9908600068687826,1638.574412123659,8.376413299099568
2016,204.99377754132416,358.0,562.9937775413241,0.9908484915341064,1640.53481318879,1.960401065131009
2017,218.8150981385997,360.73,579.5450981385998,0.9908369761994302,1647.764746387968,7.229933199178049
2018,219.12510429468114,362.77000000000004,581.8951042946812,0.9924774178789595,1655.2293044693683,7.464558081400355
2019,214.5585473649176,371.87,586.4285473649176,0.9941178595584886,1663.628302601897,8.398998132528732
2020,215.0,367.56,582.56,0.9957583012380179,1670.0695077365663,6.44120513466919
