,natemis,Antr+BB,Totemis,ch4lifetime_fact,Conc,Trend
1950,215.0,163.17450659965715,378.17450659965715,1.0386734286208537,1160.226080933783,
1951,215.0,179.19507276100282,394.19507276100285,1.0386734286208537,1165.4447621808506,5.218681247067707
1952,215.0,185.26177237482784,400.26177237482784,1.0386734286208537,1172.1151515253605,6.670389344509886
1953,215.0,191.13523035213254,406.13523035213257,1.0386734286208537,1180.0154304123926,7.900278887032073
1954,215.0,196.588745017316,411.588745017316,1.0386734286208537,1188.872441508616,8.85701109622346
1955,215.0,201.72203317069142,416.7220331706914,1.0386734286208537,1198.475840270834,9.603398762217921
1956,215.0,208.41894916746426,423.41894916746423,1.0386734286208537,1209.264756670623,10.78891639978906
1957,215.0,214.5688067552767,429.5688067552767,1.0386734286208537,1220.9285648318257,11.663808161202724
1958,215.0,217.6594916116566,432.65949161165656,1.0386734286208537,1232.3547144042584,11.426149572432678
1959,215.0,222.72445127980714,437.7244512798071,1.0386734286208537,1244.2257215972484,11.871007192989964
1960,215.0,228.0629580514313,443.06295805143134,1.0386734286208537,1256.5843038733126,12.358582276064226
1961,215.0,236.72050668084023,451.72050668084023,1.0273688805761167,1269.1648164896628,12.580512616350234
1962,215.0,239.56585350719098,454.565853507191,1.0286336117988735,1281.4638398167522,12.299023327089344
1963,215.0,249.3278238488543,464.32782384885434,1.0303815209511082,1295.8722107883284,14.408370971576232
1964,215.0,250.4604820698185,465.4604820698185,1.0388161109745009,1310.0934555750478,14.221244786719353
1965,215.0,257.3483284146914,472.3483284146914,1.0466500135860857,1325.9975424354127,15.904086860364941
1966,215.0,261.76641016962753,476.76641016962753,1.0309948094306236,1339.7527777730998,13.755235337687054
1967,215.0,268.56631844872953,483.56631844872953,1.0343317923476247,1354.6820454743781,14.929267701278377
1968,215.0,272.34139123470885,487.34139123470885,1.0390130401356572,1369.8250200018279,15.142974527449724
1969,215.0,276.9649584307289,491.9649584307289,1.03733064240917,1384.6515447719653,14.82652477013744
1970,215.0,282.9747478324244,497.9747478324244,1.044520863970062,1400.775990779353,16.124446007387633
1971,215.0,292.39338546227265,507.39338546227265,1.0311148875281522,1416.5662721994909,15.790281420137944
1972,215.0,305.77288904383573,520.7728890438357,1.0410234769727889,1436.377288537342,19.811016337851242
1973,215.0,317.30180353705,532.30180353705,1.0237676802553786,1455.5731351534557,19.195846616113613
1974,215.0,319.6737152945646,534.6737152945645,1.0255205419074267,1473.6898413961148,18.11670624265912
1975,215.0,313.4687162301143,528.4687162301143,1.0294434565934747,1488.2983479785228,14.608506582407927
1976,215.0,328.0681369115893,543.0681369115894,1.0411371895645516,1507.77214654781,19.473798569287283
1977,215.0,327.50971043294277,542.5097104329427,1.04310064917037,1525.22090220903,17.448755661220048
1978,215.0,337.29152495073333,552.2915249507333,1.038188476513601,1543.3521131129064,18.13121090387631
1979,215.0,339.2625001945196,554.2625001945196,1.0481297495588873,1561.566581030266,18.21446791735957
1980,215.0,331.9744129863428,546.9744129863428,1.054811359742319,1576.3273994144693,14.760818384203276
1981,215.0,315.6808105870111,530.6808105870111,1.0453494500609413,1582.7476584225387,6.420259008069479
1982,215.0,321.2350753555989,536.2350753555988,1.0607031737894599,1592.4873068717923,9.739648449253536
1983,215.0,310.5807537196765,525.5807537196765,1.0432038431370887,1595.1574126831547,2.6701058113624185
1984,215.0,309.44370211114114,524.4437021111412,1.0308940203039962,1595.3631988137251,0.20578613057045914
1985,215.0,308.5329440305821,523.532944030582,1.024425100745979,1594.282708005637,-1.0804908080881432
1986,215.0,311.14209539675954,526.1420953967595,1.0354513129905416,1595.8186498295318,1.5359418238947455
1987,215.0,313.06531577001317,528.0653157700132,1.0403399650985459,1598.540326282378,2.721676452846168
1988,215.0,317.1635669480235,532.1635669480236,1.0222870139004354,1599.6589922415628,1.1186659591849093
1989,215.0,319.83132361261084,534.8313236126108,1.0267543659990674,1602.2113733133385,2.5523810717756987
1990,207.13777445155313,323.79183660072556,530.9296110522787,1.030736205492146,1603.780172664881,1.568799351542566
1991,206.4189161040385,335.4818104403371,541.9007265443756,1.0498448088618946,1611.6186471736044,7.838474508723266
1992,194.53550769894048,316.3955526293896,510.9310603283301,1.0436593028024648,1607.412195386211,-4.206451787393462
1993,199.9311640200513,315.00618740051794,514.9373514205693,1.0224136274039968,1601.8488618908748,-5.56333349533611
1994,202.9940352402028,322.1935623385285,525.1875975787314,1.0257079106974367,1600.7987685928313,-1.050093298043521
1995,197.44693511447778,309.8613907722203,507.30832588669807,1.006485120188085,1590.9980457665235,-9.80072282630772
1996,207.20103192719466,309.1011425162106,516.3021744434052,1.0050644518952168,1585.05678674301,-5.941259023513567
1997,217.73968242650653,332.86,550.5996824265065,1.0260210342142024,1594.3423044787612,9.285517735751228
1998,212.1138313815474,317.28000000000003,529.3938313815474,1.0215154558941881,1594.8860967837659,0.543792305004672
1999,216.99656031183122,311.53999999999996,528.5365603118312,0.9979967817046644,1591.4714521655826,-3.4146446181832744
2000,224.30553653458136,309.38,533.6855365345814,1.0,1590.4627372063019,-1.0087149592807236
2001,212.51997324232056,313.65,526.1699732423206,1.004280591928866,1587.7369765089995,-2.7257606973023485
2002,212.1704320233259,324.65000000000003,536.8204320233259,1.0092659254714755,1589.6198336226867,1.8828571136871233
2003,211.94485638005466,326.12,538.0648563800546,1.0091672020984297,1591.6916701391779,2.071836516491203
2004,211.43839792487432,330.53000000000003,541.9683979248744,1.0045178825485648,1594.1119692481368,2.420299108958943
2005,214.9095743035305,334.55,549.4595743035305,1.001520616854982,1598.2827752727926,4.170806024655803
2006,211.9578219242644,340.45,552.4078219242645,0.9963837241195741,1602.156902082367,3.8741268095743635
2007,220.7534076670482,336.24,556.9934076670482,1.0019042846930941,1607.9898311072932,5.832929024926216
2008,226.26119336847543,335.67,561.9311933684754,0.9845580445936346,1612.02905131147,4.0392202041769
2009,227.79548429501534,339.88,567.6754842950154,0.9914712628139848,1618.6385876949005,6.609536383430395
2010,222.70559512358187,341.18,563.8855951235819,0.979929226472326,1621.3555841432374,2.716996448336886
2011,231.1165900907369,342.69,573.8065900907369,0.979929226472326,1627.0536388871233,5.698054743885905
2012,214.23806968250926,348.16,562.3980696825092,0.979929226472326,1628.3191171563283,1.2654782692050048
2013,219.16898297119255,348.96,568.1289829711925,0.979929226472326,1631.341234215976,3.022117059647826
2014,228.10570225698547,357.09000000000003,585.1957022569854,0.979929226472326,1639.6796373450668,8.338403129090693
2015,219.00148484941846,365.45,584.4514848494184,0.979929226472326,1646.821777153032,7.142139807965123
2016,213.7915772904531,358.0,571.7915772904531,0.979929226472326,1648.9518745212722,2.1300973682402855
2017,220.463654903922,360.73,581.193654903922,0.979929226472326,1653.9577506877292,5.005876166457028
2018,222.41348146598264,362.77000000000004,585.1834814659827,0.979929226472326,1659.716919943387,5.759169255657753
2019,219.24138085349597,371.87,591.111380853496,0.979929226472326,1666.7863965183255,7.069476574938562
2020,215.0,367.56,582.56,0.979929226472326,1670.214749039721,3.4283525213954817
