,natemis,Antr+BB,Totemis,ch4lifetime_fact,Conc,Trend
1950,215.0,140.0104525128931,355.0104525128931,1.0082976017871197,1149.2253810176041,
1951,215.0,155.2647590189582,370.2647590189582,1.008017040016338,1144.373564633559,-4.851816384045151
1952,215.0,160.56519897750266,375.56519897750263,1.0077364782455562,1141.7909273336911,-2.5826372998678835
1953,215.0,165.67239729952678,380.6723972995268,1.0074559164747743,1141.16094249563,-0.6299848380610911
1954,215.0,170.3596523094297,385.3596523094297,1.0071753547039928,1142.1268504889563,0.9659079933262547
1955,215.0,174.7266808075245,389.72668080752453,1.0068947929332108,1144.4045865240746,2.2777360351183233
1956,215.0,180.6573371490168,395.6573371490168,1.006614231162429,1148.3672691895151,3.962682665440525
1957,215.0,186.04093508154867,401.0409350815487,1.0063336693916476,1153.6453399894508,5.278070799935676
1958,215.0,188.36536028264797,403.365360282648,1.0060531076208656,1159.07598994556,5.430649956109164
1959,215.0,192.664060295518,407.66406029551797,1.005772545850084,1165.2975765810213,6.221586635461335
1960,215.0,197.23630741186156,412.23630741186156,1.0054919840793022,1172.3124478283141,7.014871247292831
1961,215.0,205.11807849022705,420.11807849022705,1.0052114223085205,1181.1308648926101,8.818417064296
1962,215.0,207.1876477655343,422.1876477655343,1.0049308605377387,1189.6210614357155,8.490196543105412
1963,215.0,216.17384055615415,431.1738405561541,1.0046502987669568,1200.1160854714017,10.495024035686129
1964,215.0,216.530721226075,431.530721226075,1.004369736996175,1209.526073758206,9.409988286804264
1965,215.0,222.6427900199044,437.6427900199044,1.0040891752253935,1219.8827227827237,10.356649024517765
1966,215.0,226.28509422379705,441.28509422379705,1.0038086134546116,1230.2596628144593,10.376940031735558
1967,215.0,232.3092249518556,447.30922495185564,1.0035280516838299,1241.4449736794725,11.185310865013207
1968,215.0,235.30852018679144,450.30852018679144,1.0032474899130481,1252.3433338687214,10.898360189248933
1969,215.0,239.15630983176808,454.1563098317681,1.0029669281422664,1263.2679220712919,10.924588202570476
1970,215.0,244.39032168242014,459.3903216824201,1.0026863663714847,1274.6754927854956,11.407570714203757
1971,215.0,249.2500236569801,464.2500236569801,1.0036125027400429,1286.5380676610241,11.86257487552848
1972,215.0,257.1728277174416,472.1728277174416,1.0045386391086013,1299.8239938441507,13.285926183126548
1973,215.0,260.25257580258824,475.25257580258824,1.0054647754771595,1312.7682847356898,12.94429089153914
1974,215.0,261.75608614159665,476.75608614159665,1.006390911845718,1324.8876399347923,12.119355199102529
1975,215.0,262.9879199985267,477.9879199985267,1.0073170482142761,1336.185671336827,11.298031402034667
1976,215.0,269.88077697352765,484.88077697352765,1.0082431845828346,1348.6358975928354,12.450226256008364
1977,215.0,273.963154930751,488.963154930751,1.009169320951393,1361.178646486503,12.54274889366775
1978,215.0,276.2604287421843,491.2604287421843,1.0100954573199512,1373.2126812113304,12.03403472482728
1979,215.0,281.5334355614996,496.5334355614996,1.0110215936885096,1385.7849380370146,12.572256825684235
1980,215.0,283.2799933041633,498.2799933041633,1.0119477300570678,1397.6661873899286,11.881249352913983
1981,215.0,279.7228833024812,494.7228833024812,1.0119166428840465,1407.044183557521,9.3779961675923
1982,215.0,287.61463066683257,502.61463066683257,1.0118855557110251,1417.9998416718618,10.95565811434085
1983,215.0,281.5577046073275,496.5577046073275,1.0118544685380038,1425.724296493068,7.724454821206336
1984,215.0,284.9536362831875,499.9536362831875,1.0118233813649828,1433.7161081794459,7.991811686377787
1985,215.0,285.63759742417085,500.63759742417085,1.0117922941919613,1441.0446458740269,7.328537694580973
1986,215.0,290.77781253724584,505.77781253724584,1.01176120701894,1449.263814201782,8.219168327755142
1987,215.0,295.02494838641707,510.02494838641707,1.0117301198459188,1457.9781116346599,8.714297432877856
1988,215.0,298.6755905767461,513.6755905767461,1.0116990326728972,1466.9344189899607,8.95630735530085
1989,215.0,302.17109081824873,517.1710908182488,1.011667945499876,1476.0543047217625,9.119885731801787
1990,195.859372138931,305.2999200711051,501.1592922100361,1.0116368583268547,1478.8391584362328,2.784853714470273
1991,196.4677865234781,318.81183287573293,515.279619399211,1.009824235180017,1485.747492293229,6.908333856996251
1992,186.22954503459533,299.49068782266335,485.7202328572587,1.0015337334334637,1480.8748666653737,-4.872625627855314
1993,187.33483185418655,299.5481852918242,486.88301714601073,0.996844693397186,1476.2511451712746,-4.6237214940990725
1994,194.24032411385,310.39650696329267,504.6368310771427,1.0084558263903243,1479.7164948799825,3.4653497087078904
1995,196.26542045954338,305.56039716107193,501.82581762061534,1.0030031148607326,1481.0786412814766,1.3621464014941012
1996,208.3748607752008,307.45705920620384,515.8319199814047,1.0102506923191272,1487.9826840768808,6.904042795404166
1997,210.57397740266572,331.457796516877,542.0317739195427,1.0119030530084048,1503.0608678280482,15.078183751167444
1998,209.1911838875435,315.50915615703855,524.700340044582,0.9861864069689835,1506.8977264034843,3.836858575436054
1999,217.52201870655188,309.5890972813972,527.111115987949,1.0063414517912073,1514.1109631058025,7.213236702318227
2000,223.5473177914537,310.3755556419565,533.9228734334102,1.0,1521.8431172065239,7.7321541007213455
2001,208.76739978844725,313.1005194228316,521.8679192112788,0.99386928520895,1523.7844897455498,1.941372539025906
2002,212.5426383460839,322.47491151980734,535.0175498658912,0.9928679555766652,1529.7196757212942,5.935185975744389
2003,209.4704631541179,328.33133481161764,537.8017979657355,0.9864340504659566,1534.9220134996908,5.202337778396668
2004,218.0441344921813,339.1599047856282,557.2040392778096,0.979133650893039,1544.8299000807622,9.907886581071352
2005,209.43411713475498,346.62478641877203,556.058903553527,0.9699646792990931,1551.7624053881461,6.932505307383963
2006,219.66477835127023,356.7053574534424,576.3701358047126,0.9658283605068321,1563.9570927669433,12.194687378797198
2007,218.52915094169083,355.2617524896731,573.7909034313639,0.9597038162268151,1572.8755562662866,8.918463499343261
2008,220.73970219562665,360.75844432030715,581.4981465159337,0.9643339070369527,1584.0883501619624,11.212793895675759
2009,225.16131562752406,364.45377111581536,589.6150867433394,0.9671398996221703,1597.166410195682,13.078060033719566
2010,222.0698885088719,371.1593157300012,593.2292042388731,0.9580604117459025,1608.396788193421,11.23037799773897
2011,236.78903992011058,372.924998542445,609.7140384625555,0.9585228838411334,1623.865012246443,15.46822405302214
2012,215.0776771228679,381.0856580369786,596.1633351598465,0.9675752373720371,1634.6091160703907,10.744103823947626
2013,213.66667097656892,381.87778643760544,595.5444574141743,0.9662389595250078,1643.682083918623,9.072967848232338
2014,220.38733015363204,388.1687589286987,608.5560890823308,0.96907901809612,1656.512945112059,12.830861193436021
2015,214.02416939645465,398.732,612.7561693964547,0.9707424683795629,1669.5499291582719,13.036984046212865
2016,204.99377754132416,390.97880000000004,595.9725775413242,0.952027984493153,1672.2088422791116,2.6589131208397703
2017,218.8150981385997,393.4056,612.2206981385997,0.9603792558988442,1681.4389969235922,9.230154644480535
2018,219.12510429468114,395.1424,614.2675042946812,0.9619692714083327,1690.5630674842896,9.124070560697419
2019,214.5585473649176,403.9392,618.4977473649176,0.963559286917821,1700.318978555301,9.755911071011496
2020,215.0,399.326,614.326,0.9651493024273095,1707.8517059374717,7.532727382170606
