,natemis,Antr+BB,Totemis,ch4lifetime_fact,Conc,Trend
1950,215.0,140.0104525128931,355.0104525128931,1.0082976017871197,1149.2253810176041,
1951,215.0,155.2647590189582,370.2647590189582,1.008017040016338,1144.373564633559,-4.851816384045151
1952,215.0,160.56519897750266,375.56519897750263,1.0077364782455562,1141.7909273336911,-2.5826372998678835
1953,215.0,165.67239729952678,380.6723972995268,1.0074559164747743,1141.16094249563,-0.6299848380610911
1954,215.0,170.3596523094297,385.3596523094297,1.0071753547039928,1142.1268504889563,0.9659079933262547
1955,215.0,174.7266808075245,389.72668080752453,1.0068947929332108,1144.4045865240746,2.2777360351183233
1956,215.0,180.6573371490168,395.6573371490168,1.006614231162429,1148.3672691895151,3.962682665440525
1957,215.0,186.04093508154867,401.0409350815487,1.0063336693916476,1153.6453399894508,5.278070799935676
1958,215.0,188.36536028264797,403.365360282648,1.0060531076208656,1159.07598994556,5.430649956109164
1959,215.0,192.664060295518,407.66406029551797,1.005772545850084,1165.2975765810213,6.221586635461335
1960,215.0,197.23630741186156,412.23630741186156,1.0054919840793022,1172.3124478283141,7.014871247292831
1961,215.0,205.11807849022705,420.11807849022705,1.0052114223085205,1181.1308648926101,8.818417064296
1962,215.0,207.1876477655343,422.1876477655343,1.0049308605377387,1189.6210614357155,8.490196543105412
1963,215.0,216.17384055615415,431.1738405561541,1.0046502987669568,1200.1160854714017,10.495024035686129
1964,215.0,216.530721226075,431.530721226075,1.004369736996175,1209.526073758206,9.409988286804264
1965,215.0,222.6427900199044,437.6427900199044,1.0040891752253935,1219.8827227827237,10.356649024517765
1966,215.0,226.28509422379705,441.28509422379705,1.0038086134546116,1230.2596628144593,10.376940031735558
1967,215.0,232.3092249518556,447.30922495185564,1.0035280516838299,1241.4449736794725,11.185310865013207
1968,215.0,235.30852018679144,450.30852018679144,1.0032474899130481,1252.3433338687214,10.898360189248933
1969,215.0,239.15630983176808,454.1563098317681,1.0029669281422664,1263.2679220712919,10.924588202570476
1970,215.0,244.39032168242014,459.3903216824201,1.0026863663714847,1274.6754927854956,11.407570714203757
1971,215.0,249.2500236569801,464.2500236569801,1.0036125027400429,1286.5380676610241,11.86257487552848
1972,215.0,257.1728277174416,472.1728277174416,1.0045386391086013,1299.8239938441507,13.285926183126548
1973,215.0,260.25257580258824,475.25257580258824,1.0054647754771595,1312.7682847356898,12.94429089153914
1974,215.0,261.75608614159665,476.75608614159665,1.006390911845718,1324.8876399347923,12.119355199102529
1975,215.0,262.9879199985267,477.9879199985267,1.0073170482142761,1336.185671336827,11.298031402034667
1976,215.0,269.88077697352765,484.88077697352765,1.0082431845828346,1348.6358975928354,12.450226256008364
1977,215.0,273.963154930751,488.963154930751,1.009169320951393,1361.178646486503,12.54274889366775
1978,215.0,276.2604287421843,491.2604287421843,1.0100954573199512,1373.2126812113304,12.03403472482728
1979,215.0,281.5334355614996,496.5334355614996,1.0110215936885096,1385.7849380370146,12.572256825684235
1980,215.0,283.2799933041633,498.2799933041633,1.0119477300570678,1397.6661873899286,11.881249352913983
1981,215.0,279.7228833024812,494.7228833024812,1.0119166428840465,1407.044183557521,9.3779961675923
1982,215.0,287.61463066683257,502.61463066683257,1.0118855557110251,1417.9998416718618,10.95565811434085
1983,215.0,281.5577046073275,496.5577046073275,1.0118544685380038,1425.724296493068,7.724454821206336
1984,215.0,284.9536362831875,499.9536362831875,1.0118233813649828,1433.7161081794459,7.991811686377787
1985,215.0,285.63759742417085,500.63759742417085,1.0117922941919613,1441.0446458740269,7.328537694580973
1986,215.0,290.77781253724584,505.77781253724584,1.01176120701894,1449.263814201782,8.219168327755142
1987,215.0,295.02494838641707,510.02494838641707,1.0117301198459188,1457.9781116346599,8.714297432877856
1988,215.0,298.6755905767461,513.6755905767461,1.0116990326728972,1466.9344189899607,8.95630735530085
1989,215.0,302.17109081824873,517.1710908182488,1.011667945499876,1476.0543047217625,9.119885731801787
1990,203.46046503508242,305.2999200711051,508.7603851061875,1.0116368583268547,1481.3642764572458,5.309971735483259
1991,203.86480763910888,318.81183287573293,522.6766405148418,1.009824235180017,1490.449247687541,9.084971230295196
1992,192.99593815610623,299.49068782266335,492.48662597876955,1.0015337334334637,1487.2975143253216,-3.1517333622193746
1993,197.53013600762725,299.5481852918242,497.07832129945143,0.996844693397186,1485.3371586961212,-1.9603556292004214
1994,201.6702175992425,310.39650696329267,512.0667245625352,1.0084558263903243,1490.26004779387,4.922889097748794
1995,198.42425222373905,305.56039716107193,503.98464938481095,1.0030031148607326,1491.1614132463455,0.9013654524756021
1996,207.98618316435926,307.45705920620384,515.4432423705631,1.0102506923191272,1496.8168429916464,5.6554297453008076
1997,214.82762962942098,331.457796516877,546.285426146298,1.0119030530084048,1512.3285841211891,15.51174112954277
1998,212.48904469996359,315.50915615703855,527.9982008570021,0.9861864069689835,1516.2098737301558,3.8812896089666538
1999,217.9089641525754,309.5890972813972,527.4980614339726,1.0063414517912073,1522.5143680749259,6.304494344770092
2000,223.84146230918932,310.3755556419565,534.2170179511459,1.0,1529.4032498642837,6.888881789357811
2001,212.14445447990562,313.1005194228316,525.2449739027372,0.99386928520895,1531.614661578327,2.211411714043379
2002,212.8758216861255,322.47491151980734,535.3507332059328,0.9928679555766652,1536.7784799775864,5.1638183992592985
2003,211.72546899530604,328.33133481161764,540.0568038069237,0.9864340504659566,1541.9296265238934,5.151146546307018
2004,213.08436107609737,339.1599047856282,552.2442658617256,0.979133650893039,1549.3941682394177,7.464541715524319
2005,212.75712594098638,346.62478641877203,559.3819123597584,0.9699646792990931,1556.90408701902,7.509918779602231
2006,214.2753006005639,356.7053574534424,570.9806580540063,0.9658283605068321,1566.7201324387843,9.81604541976435
2007,219.2960049118257,355.2617524896731,574.5577574014987,0.9597038162268151,1575.572567331379,8.852434892594829
2008,223.58951985494042,360.75844432030715,584.3479641752476,0.9643339070369527,1587.418549305872,11.845981974492815
2009,225.71980135560707,364.45377111581536,590.1735724714224,0.9671398996221703,1600.2983794342424,12.879830128370486
2010,221.51078875464103,371.1593157300012,592.6701044846423,0.9580604117459025,1610.9802042852375,10.681824850995099
2011,231.70388323857958,372.924998542445,604.6288817810246,0.9585228838411334,1624.4642487291685,13.484044443930998
2012,214.9830507354091,381.0856580369786,596.0687087723877,0.9675752373720371,1635.1080383985618,10.6437896693933
2013,217.41204857078336,381.87778643760544,599.2898350083888,0.9662389595250078,1645.364817756808,10.256779358246149
2014,224.21455529617825,388.1687589286987,612.3833142248769,0.96907901809612,1659.2709121011912,13.906094344383291
2015,216.73377395544077,398.732,615.4657739554408,0.9707424683795629,1672.8896406538001,13.6187285526089
2016,211.4816056757864,390.97880000000004,602.4604056757864,0.952027984493153,1677.307568596509,4.417927942708957
2017,219.41648958015332,393.4056,612.8220895801533,0.9603792558988442,1686.146649256997,8.83908066048798
2018,220.87595683236208,395.1424,616.0183568323621,0.9619692714083327,1695.3065503725127,9.159901115515595
2019,217.1260225955851,403.9392,621.0652225955852,0.963559286917821,1705.3655534437873,10.059003071274674
2020,215.0,399.326,614.326,0.9651493024273095,1712.316389789498,6.950836345710741
