,natemis,Antr+BB,Totemis,ch4lifetime_fact,Conc,Trend
1950,215.0,165.44423622518232,380.4442362251823,0.9900099900099899,1155.5888391151168,
1951,215.0,181.5398843317661,396.5398843317661,0.9900099900099899,1156.7064330402316,1.117593925114761
1952,215.0,187.68166589082924,402.6816658908292,0.9900099900099899,1159.7359270660077,3.0294940257761027
1953,215.0,193.63020581337207,408.6302058133721,0.9900099900099899,1164.3973365998527,4.661409533845017
1954,215.0,199.15880242379365,414.15880242379365,0.9900099900099899,1170.3670598356935,5.969723235840775
1955,215.0,204.36717252240715,419.36717252240715,0.9900099900099899,1177.3911205143427,7.024060678649221
1956,215.0,211.13917046441813,426.13917046441816,0.9900099900099899,1185.8693526276024,8.478232113259764
1957,215.0,217.36410999746863,432.36410999746863,0.9900099900099899,1195.4560405456505,9.586687918048028
1958,215.0,220.52987679908665,435.52987679908665,0.9900099900099899,1205.0108846107448,9.554844065094358
1959,215.0,225.6699184124753,440.66991841247534,0.9900099900099899,1215.1926206177188,10.181736006974006
1960,215.0,231.08350712933756,446.0835071293376,0.9900099900099899,1226.0212439633556,10.828623345636743
1961,215.0,239.81707031491294,454.81707031491294,0.9832246039142591,1237.6822799119345,11.661035948578956
1962,215.0,242.73843169743012,457.7384316974301,0.9828209764918625,1248.9373429670604,11.255063055125902
1963,215.0,252.57641659525984,467.57641659525984,0.9808988764044944,1261.931703200399,12.994360233338512
1964,215.0,253.78508937239053,468.78508937239053,0.9943820224719102,1275.5698626567125,13.638159456313588
1965,215.0,260.7489502734299,475.7489502734299,0.9990958408679929,1290.5831438178807,15.013281161168152
1966,215.0,265.2430465845324,480.2430465845324,0.9891500904159132,1304.1235329582773,13.540389140396655
1967,215.0,272.1189694198009,487.1189694198009,0.9945750452079567,1319.1258300731092,15.00229711483189
1968,215.0,275.9700567619466,490.9700567619466,0.9936708860759491,1333.5998124785951,14.473982405485913
1969,215.0,280.66963851413317,495.66963851413317,0.9850885368126747,1346.8504068927205,13.250594414125317
1970,215.0,286.7554424719951,501.7554424719951,1.0018083182640147,1362.8711294708037,16.020722578083223
1971,215.0,296.29479715759095,511.29479715759095,0.9891500904159132,1378.5478177591963,15.676688288392597
1972,215.0,309.7925504905967,524.7925504905967,0.9990958408679929,1398.3042056603097,19.756387901113385
1973,215.0,321.5097804752024,536.5097804752024,0.9850885368126747,1417.768148814642,19.463943154332355
1974,215.0,323.90781625487864,538.9078162548786,0.9898876404494381,1436.5105446510051,18.74239583636313
1975,215.0,317.6599241426396,532.6599241426396,0.9963833634719712,1451.9973178873504,15.486773236345243
1976,215.0,332.4310155097663,547.4310155097663,1.0081374321880652,1472.3287076619022,20.33138977455178
1977,215.0,331.86937666306744,546.8693766630674,1.0055917986952472,1489.8467065627642,17.51799890086204
1978,215.0,341.8147800298701,556.8147800298701,1.015370705244123,1510.1269126520729,20.28020608930865
1979,215.0,343.8016532522121,558.8016532522121,1.011754068716094,1528.299085287945,18.17217263587213
1980,215.0,336.43435957683573,551.4343595768357,1.014911463187325,1542.472656266749,14.173570978804037
1981,215.0,319.944026226233,534.9440262262331,1.011183597390494,1549.047475304115,6.574819037366069
1982,215.0,325.4862880386215,540.4862880386215,1.0195712954333644,1557.9761922218338,8.928716917718702
1983,215.0,314.78340390067586,529.7834039006759,1.0074557315936628,1560.5558378883452,2.5796456665113965
1984,215.0,313.6218524399723,528.6218524399724,1.0027958993476236,1561.7550825102762,1.1992446219310295
1985,215.0,312.6892946359584,527.6892946359584,0.9900542495479203,1560.5425761625268,-1.2125063477494677
1986,215.0,315.3279750176004,530.3279750176005,1.0027958993476236,1562.309831901505,1.7672557389782924
1987,215.0,317.2485140553672,532.2485140553672,1.0027124773960217,1564.504649624159,2.194817722653852
1988,215.0,321.411691319549,536.4116913195489,0.9953401677539611,1566.7005932548886,2.1959436307297437
1989,215.0,324.1105786961214,539.1105786961214,1.0041493775933612,1570.9033991415436,4.2028058866549145
1990,203.46046503508242,328.0908796007256,531.551344635808,1.007233273056058,1572.5977737485387,1.6943746069950976
1991,203.86480763910888,341.6898806403371,545.5546882794459,1.0144665461121156,1579.8509342381544,7.253160489615766
1992,192.99593815610623,321.75928362938964,514.7552217854959,1.011183597390494,1575.5721001835896,-4.278834054564868
1993,197.53013600762725,320.736322800518,518.2664588081452,1.0027958993476236,1571.6552650313818,-3.9168351522077955
1994,201.6702175992425,332.26831963852857,533.938537237771,1.0009319664492078,1573.0931709747044,1.4379059433226757
1995,198.42425222373905,324.2177472722203,522.6419994959593,0.988245931283906,1568.6407176454993,-4.452453329205127
1996,207.98618316435926,327.5188030162106,535.5049861805699,0.9953401677539611,1570.070791251228,1.430073605728694
1997,214.82762962942098,350.5117382000001,565.339367829421,0.9981916817359855,1581.6872440059572,11.616452754729153
1998,212.48904469996359,330.2514803,542.7405249999636,0.9960567823343849,1584.1648968883644,2.4776528824072557
1999,217.9089641525754,321.97082819999997,539.8797923525754,0.985307621671258,1583.7110341099701,-0.4538627783942957
2000,223.84146230918932,321.0746415,544.9161038091893,1.0,1587.299910411372,3.588876301401797
2001,212.14445447990562,322.0038254,534.1482798799057,0.9924026590693258,1585.719015224063,-1.5808951873088972
2002,212.8758216861255,329.2447249,542.1205465861256,0.9933523266856601,1587.11213566376,1.393120439696986
2003,211.72546899530604,336.95281180000006,548.6782807953061,0.9895536562203229,1589.9221312006728,2.8099955369127656
2004,213.08436107609737,346.8821553,559.9665163760974,0.9925442684063377,1596.6368119331235,6.714680732450688
2005,212.75712594098638,351.53041470000005,564.2875406409864,0.9870129870129869,1603.1420848565058,6.505272923382336
2006,214.2753006005639,361.5815305,575.8568311005639,0.986013986013986,1612.5875650572189,9.445480200713064
2007,219.2960049118257,357.22785230000005,576.5238572118258,0.986013986013986,1621.1843472407154,8.596782183496543
2008,223.58951985494042,358.4336323,582.0231521549404,0.9687203791469194,1627.744863186267,6.560515945551515
2009,225.71980135560707,359.7836666,585.5034679556071,0.9696969696969695,1634.8711456644714,7.12628247820453
2010,221.51078875464103,365.82240210000003,587.3331908546411,0.9658767772511849,1641.130237712972,6.259092048500634
2011,231.70388323857958,367.0318972,598.7357804385796,0.9658767772511849,1650.447029362425,9.316791649452853
2012,214.9830507354091,370.96316160000003,585.9462123354092,0.9658767772511849,1654.4516169895207,4.004587627095816
2013,217.41204857078336,370.2459324,587.6579809707833,0.9658767772511849,1658.5620467687825,4.110429779261722
2014,224.21455529617825,377.00284780000004,601.2174030961783,0.9658767772511849,1666.6925703012319,8.130523532449388
2015,216.73377395544077,381.5206772,598.2544511554408,0.9658767772511849,1672.904239251545,6.2116689503131965
2016,211.4816056757864,369.4090335000001,580.8906391757864,0.9658767772511849,1672.6455576034646,-0.2586816480804828
2017,219.41648958015332,370.1151464,589.5316359801534,0.9658767772511849,1675.28040970431,2.6348521008453645
2018,220.87595683236208,373.18654800000013,594.0625048323623,0.9658767772511849,1679.1132237326065,3.832814028296525
2019,217.1260225955851,381.5144058,598.6404283955851,0.9658767772511849,1684.0215503305124,4.908326597905898
2020,215.0,375.00440580000003,590.0044058000001,0.9658767772511849,1685.5022027193063,1.480652388793942
