,natemis,Antr+BB,Totemis,ch4lifetime_fact,Conc,Trend
1950,215.0,145.72559245704448,360.7255924570445,1.0,1150.1896481473018,
1951,215.0,161.1689540027448,376.16895400274484,1.0,1146.2943445382887,-3.8953036090131263
1952,215.0,166.6584490009245,381.6584490009245,1.0,1144.6577636741636,-1.6365808641251078
1953,215.0,171.95470236258384,386.9547023625838,1.0,1144.962837805201,0.30507413103737235
1954,215.0,176.831012412122,391.831012412122,1.0,1146.8527342067257,1.8898964015247657
1955,215.0,181.387095949852,396.387095949852,1.0,1150.0436817222278,3.1909475155021028
1956,215.0,187.50680733097954,402.50680733097954,1.0,1154.9091407439503,4.865459021722472
1957,215.0,193.07946030314662,408.0794603031466,1.0,1161.079987236674,6.17084649272374
1958,215.0,195.59294054388116,410.5929405438811,1.0,1167.3943821275964,6.314394890922358
1959,215.0,200.08069559638636,415.08069559638636,1.0,1174.4917303558884,7.097348228292049
1960,215.0,204.8419977523652,419.84199775236516,1.0,1182.375184714232,7.88345435834367
1961,215.0,212.9151721685548,427.9151721685548,1.0,1192.0562979336885,9.681113219456392
1962,215.0,215.1761447816861,430.1761447816861,1.0,1201.404079272386,9.347781338697587
1963,215.0,224.35374091013003,439.35374091013,1.0,1212.752237010504,11.348157738117834
1964,215.0,224.902024917875,439.902024917875,1.0,1223.0117745600314,10.259537549527522
1965,215.0,231.2054970495285,446.2054970495285,1.0,1234.2153623612585,11.203587801227059
1966,215.0,235.0392045912452,450.0392045912452,1.0,1245.4373094788912,11.22194711763268
1967,215.0,241.25473865712786,456.25473865712786,1.0,1257.466349360261,12.029039881369727
1968,215.0,244.44543722988774,459.4454372298877,1.0,1269.2078373912525,11.741488030991604
1969,215.0,248.48463021268853,463.48463021268856,1.0,1280.9756790599286,11.767841668676056
1970,215.0,253.9100454011647,468.91004540116467,1.0,1293.2271625494825,12.251483489553948
1971,215.0,257.57479257777885,472.57479257777885,1.0,1305.323575790977,12.096413241494474
1972,215.0,264.87815496199676,479.87815496199676,1.0,1318.4903370189277,13.166761227950701
1973,215.0,267.174414913303,482.174414913303,1.0,1330.945193326507,12.454856307579348
1974,215.0,268.77272781252634,483.77272781252634,1.0,1342.536131779731,11.590938453223998
1975,215.0,271.02888398583644,486.02888398583644,1.0,1353.5782956974845,11.042163917753442
1976,215.0,275.0518357547742,490.0518357547742,1.0,1364.719724489364,11.141428791879434
1977,215.0,277.72254164205543,492.72254164205543,1.0,1375.5003449037574,10.780620414393525
1978,215.0,279.07729251334416,494.07729251334416,1.0,1385.5236471058918,10.023302202134346
1979,215.0,283.36524243347924,498.36524243347924,1.0,1395.8482782681228,10.324631162231071
1980,215.0,282.2371159769046,497.2371159769046,1.0,1404.642309459243,8.794031191120212
1981,215.0,277.5286029825358,492.5286029825358,1.0,1410.8883997835057,6.2460903242626955
1982,215.0,285.26941946839,500.26941946839,1.0,1419.0051389735354,8.116739190029648
1983,215.0,279.04267506764637,494.04267506764637,1.0,1424.145706510121,5.14056753658565
1984,215.0,284.0863192602393,499.0863192602393,1.0,1430.3852215919246,6.2395150818035745
1985,215.0,287.0049229958179,502.0049229958179,1.0,1436.8951011027134,6.509879510788778
1986,215.0,290.9973934447917,505.9973934447917,1.0,1444.0016062784841,7.106505175770735
1987,215.0,295.28841803933904,510.28841803933904,1.0,1451.737055639009,7.7354493605248535
1988,215.0,299.1743864512828,514.1743864512828,1.0,1459.8965436463664,8.159488007357368
1989,215.0,304.2999708971575,519.2999708971574,1.0,1468.844154957379,8.947611311012679
1990,195.859372138931,307.58244894288526,503.4418210818163,1.0,1471.5248431377363,2.680688180357265
1991,196.4677865234781,320.3405374138564,516.8083239373345,1.0,1478.3431806247515,6.818337487015242
1992,186.22954503459533,304.1997961122732,490.4293411468685,1.0,1475.639993254261,-2.7031873704904683
1993,187.33483185418655,305.23302163145047,492.567853485637,1.0,1473.9494888787867,-1.6905043754743474
1994,194.24032411385,317.2848254228341,511.5251495366841,1.0,1478.7422739132694,4.792785034482677
1995,196.26542045954338,311.7473692430924,508.0127897026358,1.0,1481.8322727597406,3.0899988464711896
1996,208.3748607752008,313.88494695523417,522.259807730435,1.0,1489.306429750718,7.4741569909774626
1997,210.57397740266572,337.0204142930985,547.5943916957642,1.0,1504.3550274744537,15.048597723735611
1998,209.1911838875435,317.9406473511351,527.1318312386786,1.0,1510.924864990629,6.569837516175312
1999,217.52201870655188,313.09385370096595,530.6158724075178,1.0,1517.9158112860582,6.990946295429239
2000,223.5473177914537,314.79158226734603,538.3389000587997,1.0,1526.688098697738,8.772287411679827
2001,208.76739978844725,315.2928524514628,524.06025223991,1.0,1529.7375037757267,3.0494050779886948
2002,212.5426383460839,322.1007386331392,534.6433769792231,1.0,1535.9591647424256,6.221660966698892
2003,209.4704631541179,328.4756943824689,537.9461575365867,1.0,1542.5807396396567,6.621574897231085
2004,218.0441344921813,335.7220642725255,553.7661987647068,1.0,1553.7133000549634,11.13256041530667
2005,209.43411713475498,341.88187367125875,551.3159908060137,1.0,1562.7858528034249,9.072552748461476
2006,219.66477835127023,352.4529993712408,572.117777722511,1.0,1577.7489416684143,14.963088864989459
2007,218.52915094169083,349.7789386288197,568.3080895705104,1.0,1589.7717573526947,12.022815684280431
2008,220.73970219562665,353.30974763980123,574.0494498354278,1.0,1602.354562142882,12.58280479018731
2009,225.16131562752406,355.2102928669951,580.3716084945191,1.0,1615.6274845472776,13.272922404395558
2010,222.0698885088719,360.8548031390112,582.9246916478832,1.0,1628.2618828959023,12.6343983486247
2011,236.78903992011058,365.99466311704407,602.7837030371546,1.0,1646.0749862520295,17.813103356127158
2012,215.0776771228679,372.97725290758524,588.0549300304531,1.0,1657.0034592688783,10.928473016848784
2013,213.66667097656892,372.6442144644898,586.3108854410586,1.0,1666.1292293096565,9.125770040778207
2014,220.38733015363204,380.3961968225409,600.7835269761729,1.0,1679.038240027545,12.909010717888577
2015,214.02416939645465,387.4758223403408,601.4999917367954,1.0,1690.7396991215123,11.701459093967287
2016,204.99377754132416,379.4876497908962,584.4814273322204,1.0,1695.480617422513,4.740918301000647
2017,218.8150981385997,385.0082127080213,603.823310846621,1.0,1706.1123840337013,10.631766611188368
2018,219.12510429468114,387.8058049137809,606.930909208462,1.0,1716.5854617259956,10.473077692294282
2019,214.5585473649176,394.70580491378087,609.2643522786984,1.0,1726.660591985233,10.075130259237312
2020,215.0,388.1958049137809,603.1958049137809,1.0,1733.5927920391734,6.932200053940505
