,natemis,Antr+BB,Totemis,ch4lifetime_fact,Conc,Trend
1950,215.0,148.86472757401697,363.86472757401697,1.0082976017871197,1152.1663202703053,
1951,215.0,164.4119307263549,379.4119307263549,1.008017040016338,1150.025552606458,-2.1407676638473276
1952,215.0,170.00526733117223,385.00526733117226,1.0077364782455562,1149.9494979013928,-0.07605470506518941
1953,215.0,175.4053622994692,390.4053622994692,1.0074559164747743,1151.644242097975,1.6947441965821781
1954,215.0,180.38551395564497,395.38551395564497,1.0071753547039928,1154.7731366933685,3.1288945953936036
1955,215.0,185.0454391000126,400.0454391000126,1.0068947929332108,1159.0700027894363,4.296866096067788
1956,215.0,191.26899208777778,406.26899208777775,1.006614231162429,1164.9238653905961,5.85386260115979
1957,215.0,196.94548666658253,411.9454866665825,1.0063336693916476,1171.9793116097012,7.055446219105079
1958,215.0,199.56280851395465,414.5628085139547,1.0060531076208656,1179.0861118271248,7.106800217423597
1959,215.0,204.15440517309747,419.1544051730975,1.005772545850084,1186.8938097744976,7.807697947372844
1960,215.0,209.0195489357139,424.01954893571394,1.0054919840793022,1195.414700446895,8.5208906723974
1961,215.0,217.19785480015165,432.1978548001516,1.0052114223085205,1205.669098194763,10.25439774786787
1962,215.0,219.56395886153115,434.56395886153115,1.0049308605377387,1215.5329665943523,9.863868399589364
1963,215.0,228.84668643822317,443.8466864382232,1.0046502987669568,1227.3462267041234,11.813260109771136
1964,215.0,229.50010189421624,444.50010189421624,1.004369736996175,1238.0251262665354,10.67889956241197
1965,215.0,235.90870547411788,450.9087054741179,1.0040891752253935,1249.6067950295196,11.581668762984236
1966,215.0,239.84754446408272,454.8475444640827,1.0038086134546116,1261.1696938229811,11.5628987934615
1967,215.0,246.1682099782135,461.1682099782135,1.0035280516838299,1273.5061970648126,12.336503241831451
1968,215.0,249.46403999922154,464.46403999922154,1.0032474899130481,1285.5248012265192,12.018604161706662
1969,215.0,253.6083644302704,468.6083644302704,1.0029669281422664,1297.5420791622191,12.017277935699894
1970,215.0,259.1389110669947,474.1389110669947,1.0026863663714847,1310.0178026779745,12.475723515755362
1971,215.0,264.2792956760135,479.2792956760135,1.0036125027400429,1322.925640168818,12.907837490843576
1972,215.0,272.45721733515404,487.45721733515404,1.0045386391086013,1337.2281872801227,14.302547111304648
1973,215.0,275.97436854007793,490.97436854007793,1.0054647754771595,1351.2243670321989,13.99617975207616
1974,215.0,277.58300816315733,492.58300816315733,1.006390911845718,1364.3167769443078,13.092409912108906
1975,215.0,278.92569799309183,493.92569799309183,1.0073170482142761,1376.5198802289365,12.203103284628696
1976,215.0,286.19073893967834,501.19073893967834,1.0082431845828346,1389.901717388016,13.381837159079623
1977,215.0,290.52582612135245,505.52582612135245,1.009169320951393,1403.360139586577,13.458422198560811
1978,215.0,292.98308376747053,507.98308376747053,1.0100954573199512,1416.2650365620382,12.90489697546127
1979,215.0,298.58114099630916,513.5811409963092,1.0110215936885096,1429.723303300826,13.45826673878787
1980,215.0,300.435685537013,515.435685537013,1.0119477300570678,1442.4320694429468,12.708766142120794
1981,215.0,296.68287020073063,511.68287020073063,1.0119166428840465,1452.4806796717262,10.048610228779353
1982,215.0,304.65710214976906,519.6571021497691,1.0118855557110251,1464.0598596245802,11.57917995285402
1983,215.0,298.6784287123529,513.6784287123529,1.0118544685380038,1472.3645561647322,8.304696540152008
1984,215.0,302.2370817851458,517.2370817851458,1.0118233813649828,1480.9261863052943,8.561630140562102
1985,215.0,302.9504467045176,517.9504467045176,1.0117922941919613,1488.7709825313882,7.844796226093877
1986,215.0,308.4034370412448,523.4034370412448,1.01176120701894,1497.552923594103,8.78194106271485
1987,215.0,312.778527186872,527.778527186872,1.0117301198459188,1506.8099477936184,9.2570241995154
1988,215.0,316.78079953316467,531.7807995331647,1.0116990326728972,1516.3654621165895,9.555514322971021
1989,215.0,320.55968800249383,535.5596880024939,1.011667945499876,1526.1120974682342,9.746635351644727
1990,213.229158495527,323.79183660072556,537.0209950962526,1.0116368583268547,1535.2586883589552,9.146590890720972
1991,230.46401973376058,335.4818104403371,565.9458301740976,1.009824235180017,1552.7305378424965,17.47184948354129
1992,187.08466023758422,316.3955526293896,503.48021286697383,1.0015337334334637,1546.2642392567,-6.466298585796494
1993,201.07742439463695,315.00618740051794,516.0836117951549,0.996844693397186,1543.9930222301375,-2.2712170265624536
1994,209.91391164352387,322.1935623385285,532.1074739820524,1.0084558263903243,1549.0502858523325,5.057263622195023
1995,200.85765603448098,309.8613907722203,510.7190468067013,1.0030031148607326,1545.6214069025098,-3.4288789498227743
1996,212.4591393800404,309.1011425162106,521.560281896251,1.0102506923191272,1547.2620502826544,1.6406433801446383
1997,217.02081046246136,332.86,549.8808104624613,1.0119030530084048,1558.374773494461,11.112723211806497
1998,202.568436978653,317.28000000000003,519.848436978653,0.9861864069689835,1554.3367772753018,-4.03799621915914
1999,215.78806866900686,311.53999999999996,527.3280686690068,1.0063414517912073,1556.3379682310756,2.0011909557738363
2000,226.5622479195188,309.38,535.9422479195188,1.0,1560.0124069045912,3.674438673515624
2001,215.0509626165587,313.65,528.7009626165586,0.99386928520895,1559.926104329169,-0.08630257542222353
2002,216.04073174324364,324.65000000000003,540.6907317432436,0.9928679555766652,1563.6733595232383,3.7472551940693393
2003,213.98055262609702,326.12,540.100552626097,0.9864340504659566,1565.7934054996356,2.1200459763972503
2004,208.00169259421529,330.53000000000003,538.5316925942153,0.979133650893039,1565.9911677063271,0.1977622066915501
2005,205.4572700159953,334.55,540.0072700159953,0.9699646792990931,1565.1728450715384,-0.8183226347887285
2006,211.2339594451393,340.45,551.6839594451393,0.9658283605068321,1567.6408935430213,2.4680484714829163
2007,223.672583039232,336.24,559.912583039232,0.9597038162268151,1571.5347323883743,3.8938388453530024
2008,228.03049543871128,335.67,563.7004954387113,0.9643339070369527,1577.0043901959502,5.4696578075759135
2009,235.04040686312868,339.88,574.9204068631286,0.9671398996221703,1586.0275467128306,9.023156516880363
2010,224.2663857353366,341.18,565.4463857353367,0.9580604117459025,1589.3465711669066,3.319024454076043
2011,247.4109003803281,342.69,590.1009003803281,0.9585228838411334,1600.5265495238084,11.179978356901756
2012,216.66762554529598,348.16,564.827625545296,0.9675752373720371,1603.5701110423452,3.0435615185367624
2013,222.88330630031555,348.96,571.8433063003156,0.9662389595250078,1608.3636741636797,4.7935631213345005
2014,220.24898314608367,357.09000000000003,577.3389831460837,0.96907901809612,1614.9057040955415,6.542029931861862
2015,215.0,365.45,580.45,0.9707424683795629,1622.007808639786,7.102104544244412
2016,215.0,358.0,573.0,0.952027984493153,1622.6035164274738,0.5957077876878429
2017,215.0,360.73,575.73,0.9603792558988442,1625.4871109926703,2.8835945651965176
2018,215.0,362.77000000000004,577.77,0.9619692714083327,1628.9872281885846,3.5001171959142994
2019,215.0,371.87,586.87,0.963559286917821,1635.3723242542944,6.385096065709831
2020,215.0,367.56,582.56,0.9651493024273095,1639.8664735264217,4.494149272127288
