,natemis,Antr+BB,Totemis,ch4lifetime_fact,Conc,Trend
1950,215.0,165.44423622518232,380.4442362251823,0.9900099900099899,1155.5888391151168,
1951,215.0,181.5398843317661,396.5398843317661,0.9900099900099899,1156.7064330402316,1.117593925114761
1952,215.0,187.68166589082924,402.6816658908292,0.9900099900099899,1159.7359270660077,3.0294940257761027
1953,215.0,193.63020581337207,408.6302058133721,0.9900099900099899,1164.3973365998527,4.661409533845017
1954,215.0,199.15880242379365,414.15880242379365,0.9900099900099899,1170.3670598356935,5.969723235840775
1955,215.0,204.36717252240715,419.36717252240715,0.9900099900099899,1177.3911205143427,7.024060678649221
1956,215.0,211.13917046441813,426.13917046441816,0.9900099900099899,1185.8693526276024,8.478232113259764
1957,215.0,217.36410999746863,432.36410999746863,0.9900099900099899,1195.4560405456505,9.586687918048028
1958,215.0,220.52987679908665,435.52987679908665,0.9900099900099899,1205.0108846107448,9.554844065094358
1959,215.0,225.6699184124753,440.66991841247534,0.9900099900099899,1215.1926206177188,10.181736006974006
1960,215.0,231.08350712933756,446.0835071293376,0.9900099900099899,1226.0212439633556,10.828623345636743
1961,215.0,239.81707031491294,454.81707031491294,0.9832246039142591,1237.6822799119345,11.661035948578956
1962,215.0,242.73843169743012,457.7384316974301,0.9828209764918625,1248.9373429670604,11.255063055125902
1963,215.0,252.57641659525984,467.57641659525984,0.9808988764044944,1261.931703200399,12.994360233338512
1964,215.0,253.78508937239053,468.78508937239053,0.9943820224719102,1275.5698626567125,13.638159456313588
1965,215.0,260.7489502734299,475.7489502734299,0.9990958408679929,1290.5831438178807,15.013281161168152
1966,215.0,265.2430465845324,480.2430465845324,0.9891500904159132,1304.1235329582773,13.540389140396655
1967,215.0,272.1189694198009,487.1189694198009,0.9945750452079567,1319.1258300731092,15.00229711483189
1968,215.0,275.9700567619466,490.9700567619466,0.9936708860759491,1333.5998124785951,14.473982405485913
1969,215.0,280.66963851413317,495.66963851413317,0.9850885368126747,1346.8504068927205,13.250594414125317
1970,215.0,286.7554424719951,501.7554424719951,1.0018083182640147,1362.8711294708037,16.020722578083223
1971,215.0,296.29479715759095,511.29479715759095,0.9891500904159132,1378.5478177591963,15.676688288392597
1972,215.0,309.7925504905967,524.7925504905967,0.9990958408679929,1398.3042056603097,19.756387901113385
1973,215.0,321.5097804752024,536.5097804752024,0.9850885368126747,1417.768148814642,19.463943154332355
1974,215.0,323.90781625487864,538.9078162548786,0.9898876404494381,1436.5105446510051,18.74239583636313
1975,215.0,317.6599241426396,532.6599241426396,0.9963833634719712,1451.9973178873504,15.486773236345243
1976,215.0,332.4310155097663,547.4310155097663,1.0081374321880652,1472.3287076619022,20.33138977455178
1977,215.0,331.86937666306744,546.8693766630674,1.0055917986952472,1489.8467065627642,17.51799890086204
1978,215.0,341.8147800298701,556.8147800298701,1.015370705244123,1510.1269126520729,20.28020608930865
1979,215.0,343.8016532522121,558.8016532522121,1.011754068716094,1528.299085287945,18.17217263587213
1980,213.46581505527286,336.43435957683573,549.9001746321086,1.014911463187325,1541.9629099589577,13.663824671012662
1981,209.98540094753466,319.944026226233,529.9294271737676,1.011183597390494,1546.928448413921,4.96553845496328
1982,207.34999122653096,325.4862880386215,532.8362792651525,1.0195712954333644,1553.5483001785549,6.61985176463395
1983,218.54420775574664,314.78340390067586,533.3276116564225,1.0074557315936628,1557.7978610055595,4.249560827004643
1984,216.13469029654325,313.6218524399723,529.7565427365156,1.0027958993476236,1559.6819871356588,1.8841261300992755
1985,218.52747499561326,312.6892946359584,531.2167696315717,0.9900542495479203,1559.8740861020829,0.1920989664240551
1986,212.30288822600457,315.3279750176004,527.630863243605,1.0027958993476236,1560.820426055577,0.9463399534940891
1987,207.81014213019827,317.2485140553672,525.0586561855655,1.0027124773960217,1560.7942089741891,-0.02621708138781287
1988,212.7546727496052,321.411691319549,534.1663640691542,0.9953401677539611,1562.6619260014556,1.867717027266508
1989,213.67497455693982,324.1105786961214,537.7855532530613,1.0041493775933612,1566.8753843414797,4.21345834002409
1990,211.0981294964029,328.0908796007256,539.1890090971285,1.007233273056058,1571.5548072850247,4.679422943544978
1991,210.3200561502018,341.6898806403371,552.0099367905389,1.0144665461121156,1581.0681373430257,9.513330058000975
1992,198.5903912967187,321.75928362938964,520.3496749261084,1.011183597390494,1578.5127198137598,-2.555417529265924
1993,204.7145815055273,320.736322800518,525.4509043060452,1.0027958993476236,1576.6530254052966,-1.859694408463156
1994,209.4666853834006,332.26831963852857,541.7350050219292,1.0009319664492078,1580.1203862796401,3.4673608743435125
1995,208.72207755746624,324.2177472722203,532.9398248296866,0.988245931283906,1578.2902685292097,-1.8301177504304178
1996,212.42838392700475,327.5188030162106,539.9471869432153,0.9953401677539611,1580.110202532183,1.8199340029732411
1997,213.7837374978066,350.5117382000001,564.2954756978068,0.9981916817359855,1590.2543078742858,10.144105342102876
1998,222.52660466748551,330.2514803,552.7780849674855,0.9960567823343849,1595.101460371317,4.847152497031175
1999,211.56664678013686,321.97082819999997,533.5374749801368,0.985307621671258,1591.303846748466,-3.7976136228510313
2000,213.03076329180558,321.0746415,534.1054047918055,1.0,1590.4532988741869,-0.8505478742790729
2001,218.326681874013,322.0038254,540.3305072740129,0.9924026590693258,1590.568842395703,0.11554352151620151
2002,215.21438848920863,329.2447249,544.4591133892086,0.9933523266856601,1592.192086700204,1.623244304500986
2003,219.3222811019477,336.95281180000006,556.2750929019478,0.9895536562203229,1596.9491763569263,4.757089656722201
2004,213.74190559747325,346.8821553,560.6240608974733,0.9925442684063377,1603.0903837636345,6.14120740670819
2005,210.64634497280224,351.53041470000005,562.1767596728023,0.9870129870129869,1608.1648703882852,5.074486624650717
2006,215.9673626952097,361.5815305,577.5488931952096,0.986013986013986,1617.6027368079738,9.43786641968859
2007,213.7502719775399,357.22785230000005,570.97812427754,0.986013986013986,1623.791489967863,6.188753159889302
2008,213.86740129847342,358.4336323,572.3010335984734,0.9687203791469194,1626.8297883330808,3.03829836521777
2009,219.93302684681524,359.7836666,579.7166934468153,0.9696969696969695,1632.1429703823005,5.313182049219677
2010,226.5508334795578,365.82240210000003,592.3732355795578,0.9658767772511849,1640.386764693452,8.243794311151532
2011,214.3442849622741,367.0318972,581.3761821622741,0.9658767772511849,1644.0360587536293,3.649294060177226
2012,208.27865941393227,370.96316160000003,579.2418210139323,0.9658767772511849,1646.5574847864716,2.521426032842328
2013,214.6454746446745,370.2459324,584.8914070446745,0.9658767772511849,1650.6606987687296,4.103213982258012
2014,215.03869450780837,377.00284780000004,592.0415423078084,0.9658767772511849,1656.660726940665,6.000028171935355
2015,214.13512546060713,381.5206772,595.6558026606072,0.9658767772511849,1663.1671657347913,6.506438794126325
2016,220.7529320933497,369.4090335000001,590.1619655933498,0.9658767772511849,1667.103132546742,3.9359668119507205
2017,215.0,370.1151464,585.1151464,0.9658767772511849,1668.9129754447322,1.8098428979901655
2018,215.0,373.18654800000013,588.1865480000001,0.9658767772511849,1671.5321637637512,2.619188319019031
2019,215.0,381.5144058,596.5144058000001,0.9658767772511849,1676.6094845976277,5.077320833876456
2020,215.0,375.00440580000003,590.0044058000001,0.9658767772511849,1678.9442458714996,2.334761273871891
