,natemis,Antr+BB,Totemis,ch4lifetime_fact,Conc,Trend
1950,215.0,148.86472757401697,363.86472757401697,1.0,1151.2318709737456,
1951,215.0,164.4119307263549,379.4119307263549,1.0,1148.2965686772102,-2.935302296535383
1952,215.0,170.00526733117223,385.00526733117226,1.0,1147.5469739725675,-0.7495947046427318
1953,215.0,175.4053622994692,390.4053622994692,1.0,1148.6741946328032,1.1272206602357073
1954,215.0,180.38551395564497,395.38551395564497,1.0,1151.3286580408785,2.654463408075344
1955,215.0,185.0454391000126,400.0454391000126,1.0,1155.233040232077,3.904382191198465
1956,215.0,191.26899208777778,406.26899208777775,1.0,1160.7665268969522,5.533486664875227
1957,215.0,196.94548666658253,411.9454866665825,1.0,1167.5650782356877,6.798551338735479
1958,215.0,199.56280851395465,414.5628085139547,1.0,1174.4713701279297,6.906291892242052
1959,215.0,204.15440517309747,419.1544051730975,1.0,1182.1288169250804,7.657446797150669
1960,215.0,209.0195489357139,424.01954893571394,1.0,1190.5441318972853,8.415314972204897
1961,215.0,217.19785480015165,432.1978548001516,1.0,1200.7324578253538,10.18832592806848
1962,215.0,219.56395886153115,434.56395886153115,1.0,1210.5655637987768,9.833105973423017
1963,215.0,228.84668643822317,443.8466864382232,1.0,1222.379608910172,11.814045111395217
1964,215.0,229.50010189421624,444.50010189421624,1.0,1233.087772965961,10.708164055788984
1965,215.0,235.90870547411788,450.9087054741179,1.0,1244.7246591095015,11.63688614354055
1966,215.0,239.84754446408272,454.8475444640827,1.0,1256.3662927033834,11.641633593881807
1967,215.0,246.1682099782135,461.1682099782135,1.0,1268.8029313185684,12.436638615185075
1968,215.0,249.46403999922154,464.46403999922154,1.0,1280.941283808116,12.138352489547515
1969,215.0,253.6083644302704,468.6083644302704,1.0,1293.0964575792461,12.155173771130194
1970,215.0,259.1389110669947,474.1389110669947,1.0,1305.7268081551576,12.630350575911507
1971,215.0,264.2792956760135,479.2792956760135,1.0,1318.6495923668356,12.922784211677936
1972,215.0,272.45721733515404,487.45721733515404,1.0,1332.8405576542305,14.190965287394874
1973,215.0,275.97436854007793,490.97436854007793,1.0,1346.6102852192453,13.769727565014819
1974,215.0,277.58300816315733,492.58300816315733,1.0,1359.3722970774443,12.762011858199003
1975,215.0,278.92569799309183,493.92569799309183,1.0,1371.1511295075538,11.77883243010956
1976,215.0,286.19073893967834,501.19073893967834,1.0,1384.0231464341657,12.872016926611877
1977,215.0,290.52582612135245,505.52582612135245,1.0,1396.8931711285873,12.870024694421545
1978,215.0,292.98308376747053,507.98308376747053,1.0,1409.1379693290774,12.244798200490095
1979,215.0,298.58114099630916,513.5811409963092,1.0,1421.8703232283858,12.732353899308464
1980,215.0,300.435685537013,515.435685537013,1.0,1433.7927591581454,11.922435929759558
1981,215.0,296.68287020073063,511.68287020073063,1.0,1443.1342668016557,9.34150764351034
1982,215.0,304.65710214976906,519.6571021497691,1.0,1454.0773249161907,10.943058114535006
1983,215.0,298.6784287123529,513.6784287123529,1.0,1461.8101097548333,7.732784838642601
1984,215.0,302.2370817851458,517.2370817851458,1.0,1469.85855977011,8.048450015276785
1985,215.0,302.9504467045176,517.9504467045176,1.0,1477.242667033544,7.384107263433862
1986,215.0,308.4034370412448,523.4034370412448,1.0,1485.6104190340864,8.367752000542396
1987,215.0,312.778527186872,527.778527186872,1.0,1494.4938037010033,8.883384666916982
1988,215.0,316.78079953316467,531.7807995331647,1.0,1503.7113064629702,9.217502761966898
1989,215.0,320.55968800249383,535.5596880024939,1.0,1513.1513504638567,9.440044000886473
1990,215.0,323.79183660072556,538.7918366007256,1.0,1522.6074948556522,9.456144391795533
1991,215.0,335.4818104403371,550.4818104403371,1.0,1534.8860155964283,12.278520740776003
1992,215.0,316.3955526293896,531.3955526293896,1.0,1539.4528878749009,4.5668722784726015
1993,215.0,315.00618740051794,530.006187400518,1.0,1543.0471239422384,3.5942360673375333
1994,215.0,322.1935623385285,537.1935623385285,1.0,1548.6251897013942,5.578065759155834
1995,215.0,309.8613907722203,524.8613907722204,1.0,1549.484279524359,0.8590898229647337
1996,215.0,309.1011425162106,524.1011425162105,1.0,1549.9947671925706,0.510487668211681
1997,215.0,332.86,547.86,1.0,1558.3362629419537,8.341495749383057
1998,215.0,317.28000000000003,532.28,1.0,1560.5710508472228,2.2347879052690587
1999,215.0,311.53999999999996,526.54,1.0,1560.649874263465,0.07882341624235778
2000,214.54182802451348,309.38,523.9218280245135,1.0,1559.8506137143665,-0.7992605490985625
2001,214.1563307106119,313.65,527.8063307106119,1.0,1560.4305385194314,0.5799248050648202
2002,210.9910221949882,324.65000000000003,535.6410221949882,1.0,1563.546721383089,3.116182863657741
2003,216.58474794423114,326.12,542.7047479442311,1.0,1568.6592089496517,5.1124875665625495
2004,214.9715301815769,330.53000000000003,545.501530181577,1.0,1574.127808563134,5.468599613482411
2005,211.68655777411277,334.55,546.2365577741127,1.0,1579.228124054939,5.100315491804849
2006,215.33501141148187,340.45,555.7850114114818,1.0,1586.9275338628734,7.699409807934444
2007,221.73297175848361,336.24,557.9729717584836,1.0,1594.4912627867404,7.563728923867075
2008,222.4890299842028,335.67,558.1590299842028,1.0,1601.269852429584,6.778589642843599
2009,221.62496344052374,339.88,561.5049634405237,1.0,1608.4003237512338,7.130471321649793
2010,229.6133484279244,341.18,570.7933484279245,1.0,1617.8162271205197,9.415903369285843
2011,225.50885967028023,342.69,568.1988596702802,1.0,1625.3164346866595,7.500207566139807
2012,223.21279795339362,348.16,571.3727979533936,1.0,1633.0306201748601,7.7141854882006555
2013,225.03624773381947,348.96,573.9962477338195,1.0,1640.7520569921064,7.7214368172462855
2014,224.39070161600486,357.09000000000003,581.4807016160049,1.0,1650.0938329726282,9.341775980521788
2015,218.5213862976749,365.45,583.9713862976748,1.0,1659.216539337224,9.122706364595842
2016,232.2276504805425,358.0,590.2276504805425,1.0,1669.3949137012116,10.178374363987587
2017,232.8928815675776,360.73,593.6228815675777,1.0,1679.5608623864005,10.165948685188823
2018,231.29149205397255,362.77000000000004,594.0614920539726,1.0,1688.7341504341182,9.173288047717733
2019,231.55775716395522,371.87,603.4277571639552,1.0,1699.9899928363466,11.255842402228382
2020,236.7967217793075,367.56,604.3567217793075,1.0,1710.2939412142869,10.303948377940287
