,natemis,Antr+BB,Totemis,ch4lifetime_fact,Conc,Trend
1950,215.0,163.17450659965715,378.17450659965715,1.0082976017871197,1156.9193001069914,
1951,215.0,179.19507276100282,394.19507276100285,1.008017040016338,1159.1599761916104,2.2406760846190537
1952,215.0,185.26177237482784,400.26177237482784,1.0077364782455562,1163.1349186369084,3.974942445297984
1953,215.0,191.13523035213254,406.13523035213257,1.0074559164747743,1168.5867585359151,5.4518398990067
1954,215.0,196.588745017316,411.588745017316,1.0071753547039928,1175.2113498537778,6.624591317862723
1955,215.0,201.72203317069142,416.7220331706914,1.0068947929332108,1182.7714198594545,7.560070005676607
1956,215.0,208.41894916746426,423.41894916746423,1.006614231162429,1191.6817006078993,8.910280748444848
1957,215.0,214.5688067552767,429.5688067552767,1.0063336693916476,1201.609640545388,9.927939937488645
1958,215.0,217.6594916116566,432.65949161165656,1.0060531076208656,1211.425340100996,9.815699555608035
1959,215.0,222.72445127980714,437.7244512798071,1.005772545850084,1221.7964215243546,10.371081423358646
1960,215.0,228.0629580514313,443.06295805143134,1.0054919840793022,1232.7512556910308,10.954834166676164
1961,215.0,236.72050668084023,451.72050668084023,1.0052114223085205,1245.3264042767873,12.575148585756551
1962,215.0,239.56585350719098,454.565853507191,1.0049308605377387,1257.410323508809,12.083919232021572
1963,215.0,249.3278238488543,464.32782384885434,1.0046502987669568,1271.3540422720075,13.943718763198603
1964,215.0,250.4604820698185,465.4604820698185,1.004369736996175,1284.08368453574,12.729642263732558
1965,215.0,257.3483284146914,472.3483284146914,1.0040891752253935,1297.6451609778942,13.561476442154117
1966,215.0,261.76641016962753,476.76641016962753,1.0038086134546116,1311.1247393071355,13.479578329241349
1967,215.0,268.56631844872953,483.56631844872953,1.0035280516838299,1325.3217346180002,14.196995310864622
1968,215.0,272.34139123470885,487.34139123470885,1.0032474899130481,1339.1508137864134,13.829079168413273
1969,215.0,276.9649584307289,491.9649584307289,1.0029669281422664,1352.9340351242247,13.783221337811256
1970,215.0,282.9747478324244,497.9747478324244,1.0026863663714847,1367.136046839783,14.202011715558228
1971,215.0,292.39338546227265,507.39338546227265,1.0036125027400429,1383.0032256216214,15.867178781838447
1972,215.0,305.77288904383573,520.7728890438357,1.0045386391086013,1401.6676599578805,18.66443433625909
1973,215.0,317.30180353705,532.30180353705,1.0054647754771595,1422.2058555780545,20.538195620174065
1974,215.0,319.6737152945646,534.6737152945645,1.006390911845718,1441.371210864824,19.165355286769454
1975,215.0,313.4687162301143,528.4687162301143,1.0073170482142761,1456.4711732073029,15.099962342478875
1976,215.0,328.0681369115893,543.0681369115894,1.0082431845828346,1474.8708392275878,18.39966602028494
1977,215.0,327.50971043294277,542.5097104329427,1.009169320951393,1491.1713994356774,16.300560208089564
1978,215.0,337.29152495073333,552.2915249507333,1.0100954573199512,1509.0436108110132,17.872211375335837
1979,215.0,339.2625001945196,554.2625001945196,1.0110215936885096,1525.7211723929963,16.677561581983127
1980,215.0,331.9744129863428,546.9744129863428,1.0119477300570678,1538.2634177341938,12.542245341197486
1981,215.0,315.6808105870111,530.6808105870111,1.0119166428840465,1543.99751957784,5.734101843646158
1982,215.0,321.2350753555989,536.2350753555988,1.0118855557110251,1550.9363834061774,6.938863828337389
1983,215.0,310.5807537196765,525.5807537196765,1.0118544685380038,1553.5617545419188,2.6253711357414886
1984,215.0,309.44370211114114,524.4437021111412,1.0118233813649828,1555.5136323085594,1.951877766640564
1985,215.0,308.5329440305821,523.532944030582,1.0117922941919613,1556.9418638333218,1.4282315247623956
1986,215.0,311.14209539675954,526.1420953967595,1.01176120701894,1559.0738455326218,2.131981699300013
1987,215.0,313.06531577001317,528.0653157700132,1.0117301198459188,1561.6036520826287,2.5298065500069242
1988,215.0,317.1635669480235,532.1635669480236,1.0116990326728972,1565.209707981932,3.6060558993033283
1989,215.0,319.83132361261084,534.8313236126108,1.011667945499876,1569.2974179443277,4.087709962395593
1990,207.13777445155313,323.79183660072556,530.9296110522787,1.0116368583268547,1571.630932673153,2.333514728825321
1991,206.4189161040385,335.4818104403371,541.9007265443756,1.009824235180017,1577.075752746822,5.444820073669007
1992,194.53550769894048,316.3955526293896,510.9310603283301,1.0015337334334637,1570.3609099669127,-6.714842779909304
1993,199.9311640200513,315.00618740051794,514.9373514205693,0.996844693397186,1565.0040212051897,-5.356888761722985
1994,202.9940352402028,322.1935623385285,525.1875975787314,1.0084558263903243,1565.4265337787838,0.42251257359407646
1995,197.44693511447778,309.8613907722203,507.30832588669807,1.0030031148607326,1559.0359741004156,-6.390559678368163
1996,207.20103192719466,309.1011425162106,516.3021744434052,1.0102506923191272,1557.440536500758,-1.5954375996575436
1997,217.73968242650653,332.86,550.5996824265065,1.0119030530084048,1567.6634702963106,10.222933795552535
1998,212.1138313815474,317.28000000000003,529.3938313815474,0.9861864069689835,1565.7402869718144,-1.9231833244962218
1999,216.99656031183122,311.53999999999996,528.5365603118312,1.0063414517912073,1566.872633686109,1.1323467142947266
2000,224.30553653458136,309.38,533.6855365345814,1.0,1568.6182538324374,1.7456201463282923
2001,212.51997324232056,313.65,526.1699732423206,0.99386928520895,1566.7233956375921,-1.8948581948452556
2002,212.1704320233259,324.65000000000003,536.8204320233259,0.9928679555766652,1568.4205363521173,1.697140714525176
2003,211.94485638005466,326.12,538.0648563800546,0.9864340504659566,1569.3276088175,0.9070724653827256
2004,211.43839792487432,330.53000000000003,541.9683979248744,0.979133650893039,1570.2624645990068,0.9348557815067124
2005,214.9095743035305,334.55,549.4595743035305,0.9699646792990931,1572.0869683190735,1.8245037200667866
2006,211.9578219242644,340.45,552.4078219242645,0.9658283605068321,1573.9981495363172,1.9111812172436657
2007,220.7534076670482,336.24,556.9934076670482,0.9597038162268151,1576.1884076430883,2.1902581067711253
2008,226.26119336847543,335.67,561.9311933684754,0.9643339070369527,1580.5347842573722,4.346376614283827
2009,227.79548429501534,339.88,567.6754842950154,0.9671398996221703,1586.750349624998,6.2155653676259135
2010,222.70559512358187,341.18,563.8855951235819,0.9580604117459025,1589.4684804194746,2.718130794476565
2011,231.1165900907369,342.69,573.8065900907369,0.9585228838411334,1595.2363885744305,5.767908154955876
2012,214.23806968250926,348.16,562.3980696825092,0.9675752373720371,1598.0834036841768,2.8470151097462804
2013,219.16898297119255,348.96,568.1289829711925,0.9662389595250078,1602.278022444473,4.19461876029618
2014,228.10570225698547,357.09000000000003,585.1957022569854,0.96907901809612,1612.1236576589442,9.845635214471258
2015,219.00148484941846,365.45,584.4514848494184,0.9707424683795629,1620.8715017662707,8.7478441073265
2016,213.7915772904531,358.0,571.7915772904531,0.952027984493153,1621.1995471736748,0.32804540740403354
2017,220.463654903922,360.73,581.193654903922,0.9603792558988442,1626.055861265251,4.856314091576223
2018,222.41348146598264,362.77000000000004,585.1834814659827,0.9619692714083327,1631.9466052508062,5.890743985555218
2019,219.24138085349597,371.87,591.111380853496,0.963559286917821,1639.3954702245085,7.448864973702257
2020,215.0,367.56,582.56,0.9651493024273095,1643.4257340634128,4.030263838904375
