,natemis,Antr+BB,Totemis,ch4lifetime_fact,Conc,Trend
1950,215.0,140.0104525128931,355.0104525128931,1.0488608866700293,1153.5853040466884,
1951,215.0,155.2647590189582,370.2647590189582,1.0455466626386185,1152.2824775013407,-1.3028265453476706
1952,215.0,160.56519897750266,375.56519897750263,1.0435105097854591,1152.6722595505257,0.38978204918498705
1953,215.0,165.67239729952678,380.6723972995268,1.0405455939203825,1154.409114303927,1.7368547534013032
1954,215.0,170.3596523094297,385.3596523094297,1.044295794488673,1157.909791902503,3.500677598575976
1955,215.0,174.7266808075245,389.72668080752453,1.037508489961066,1161.7700723590856,3.8602804565825863
1956,215.0,180.6573371490168,395.6573371490168,1.028116236302615,1166.175144828591,4.405072469505512
1957,215.0,186.04093508154867,401.0409350815487,1.0421601616543277,1173.3962950821392,7.221150253548103
1958,215.0,188.36536028264797,403.365360282648,1.048657602665344,1181.29831463125,7.902019549110719
1959,215.0,192.664060295518,407.66406029551797,1.036391182649435,1188.4633611448749,7.1650465136249295
1960,215.0,197.23630741186156,412.23630741186156,1.0366828171259594,1196.4020573214398,7.9386961765649176
1961,215.0,205.11807849022705,420.11807849022705,1.0360169714873653,1206.0261575478462,9.624100226406426
1962,215.0,207.1876477655343,422.1876477655343,1.0483804322861743,1216.6489293407592,10.622771792913
1963,215.0,216.17384055615415,431.1738405561541,1.0443546910580446,1228.6755868447992,12.026657504040031
1964,215.0,216.530721226075,431.530721226075,1.0448466365780047,1239.5764914269962,10.900904582196972
1965,215.0,222.6427900199044,437.6427900199044,1.0416887487729276,1250.9782041707756,11.401712743779399
1966,215.0,226.28509422379705,441.28509422379705,1.045021997433171,1262.73615339346,11.757949222684374
1967,215.0,232.3092249518556,447.30922495185564,1.0453696087467055,1275.26875604832,12.532602654860057
1968,215.0,235.30852018679144,450.30852018679144,1.0399298066040126,1286.815399472815,11.54664342449496
1969,215.0,239.15630983176808,454.1563098317681,1.044521823964872,1298.9282445359593,12.112845063144277
1970,215.0,244.39032168242014,459.3903216824201,1.0439258467327728,1311.4039748070002,12.475730271040902
1971,215.0,249.2500236569801,464.2500236569801,1.0436193741341604,1324.1119048091773,12.707930002177136
1972,215.0,257.1728277174416,472.1728277174416,1.0520906785217377,1339.0936886478396,14.981783838662295
1973,215.0,260.25257580258824,475.25257580258824,1.0403958536106162,1352.0759599852531,12.982271337413522
1974,215.0,261.75608614159665,476.75608614159665,1.035825630675854,1363.584700177376,11.508740192122787
1975,215.0,262.9879199985267,477.9879199985267,1.0405937531705223,1374.8474475792257,11.262747401849765
1976,215.0,269.88077697352765,484.88077697352765,1.0471224324819541,1387.9976180295469,13.150170450321184
1977,215.0,273.963154930751,488.963154930751,1.0411935162013237,1400.3422360037628,12.344617974215907
1978,215.0,276.2604287421843,491.2604287421843,1.039175143440748,1411.8559650707411,11.513729066978385
1979,215.0,281.5334355614996,496.5334355614996,1.0376285224625028,1423.674639107016,11.818674036274842
1980,215.0,283.2799933041633,498.2799933041633,1.046993032958082,1436.0036411552278,12.329002048211805
1981,215.0,279.7228833024812,494.7228833024812,1.057235362607005,1447.1330998688213,11.129458713593522
1982,215.0,287.61463066683257,502.61463066683257,1.0571718977688278,1459.6915433512088,12.558443482387474
1983,215.0,281.5577046073275,496.5577046073275,1.059741846409663,1469.2212040300199,9.52966067881107
1984,215.0,284.9536362831875,499.9536362831875,1.0468082345506051,1477.1723790172935,7.951174987273589
1985,215.0,285.63759742417085,500.63759742417085,1.0438054769311433,1484.0932268564966,6.920847839203134
1986,215.0,290.77781253724584,505.77781253724584,1.049246969643094,1492.7043089936365,8.611082137139874
1987,215.0,295.02494838641707,510.02494838641707,1.040268768905054,1500.5899766005937,7.885667606957213
1988,215.0,298.6755905767461,513.6755905767461,1.0374802786999169,1508.4528276031563,7.862851002562593
1989,215.0,302.17109081824873,517.1710908182488,1.0428034452743942,1517.3568481393645,8.904020536208236
1990,207.13777445155313,305.2999200711051,512.4376945226581,1.0438158204508707,1523.8621451455444,6.505297006179944
1991,206.4189161040385,318.81183287573293,525.2307489797714,1.044515988674617,1534.017547346496,10.155402200951585
1992,194.53550769894048,299.49068782266335,494.0261955216038,1.0373376907957834,1531.6936070635409,-2.3239402829551636
1993,199.9311640200513,299.5481852918242,499.4793493118755,1.0235051451726433,1529.4738039606987,-2.2198031028422065
1994,202.9940352402028,310.39650696329267,513.3905422034954,1.025931824493182,1532.4698316924118,2.996027731713184
1995,197.44693511447778,305.56039716107193,503.00733227554974,1.0098251171866819,1529.3450049103992,-3.124826782012633
1996,207.20103192719466,307.45705920620384,514.6580911333986,1.0059472571608135,1529.8635296581074,0.5185247477081703
1997,217.73968242650653,331.457796516877,549.1974789433835,1.0155065898427584,1543.2080586970203,13.344529038912924
1998,212.1138313815474,315.50915615703855,527.6229875385859,1.0260604213678781,1549.4484039994218,6.240345302401465
1999,216.99656031183122,309.5890972813972,526.5856575932285,0.9977243350302163,1550.4405615059468,0.9921575065250181
2000,224.30553653458136,310.3755556419565,534.6810921765378,1.0,1554.356618358966,3.9160568530191995
2001,212.51997324232056,313.1005194228316,525.6204926651521,0.9976712650532031,1554.4696210366742,0.11300267770820938
2002,212.1704320233259,322.47491151980734,534.6453435431332,0.9898186618728184,1556.351217888599,1.881596851924769
2003,211.94485638005466,328.33133481161764,540.2761911916723,0.994865821953046,1560.6730634005928,4.321845511993843
2004,211.43839792487432,339.1599047856282,550.5983027105026,0.9830062724148221,1566.0733069100818,5.400243509488973
2005,214.9095743035305,346.62478641877203,561.5343607223025,0.9724656594085386,1572.7895696217352,6.716262711653371
2006,211.9578219242644,356.7053574534424,568.6631793777068,0.9697798027915692,1580.6592052250126,7.869635603277402
2007,220.7534076670482,355.2617524896731,576.0151601567213,0.9645130934714374,1589.1868494482676,8.527644223255038
2008,226.26119336847543,360.75844432030715,587.0196376887826,0.9627371565534859,1600.0783910692594,10.891541620991802
2009,227.79548429501534,364.45377111581536,592.2492554108308,0.9682589027181607,1612.377151504867,12.298760435607619
2010,222.70559512358187,371.1593157300012,593.8649108535831,0.9741615880697929,1624.7904491423897,12.413297637522646
2011,231.1165900907369,372.924998542445,604.0415886331818,0.9620153522297454,1637.0839132320493,12.293464089659665
2012,214.23806968250926,381.0856580369786,595.3237277194878,0.9808702795232336,1648.2853473077496,11.201434075700263
2013,219.16898297119255,381.87778643760544,601.046769408798,0.9678609782840504,1657.8875707702014,9.602223462451775
2014,228.10570225698547,388.1687589286987,616.2744611856842,0.9658128139938376,1671.0747058657143,13.187135095512986
2015,219.00148484941846,398.732,617.7334848494185,0.9658128139938376,1683.2257100611907,12.15100419547639
2016,213.7915772904531,390.97880000000004,604.7703772904531,0.9658128139938376,1689.6803428741086,6.454632812917907
2017,220.463654903922,393.4056,613.869254903922,0.9658128139938376,1698.4066148250783,8.726271950969704
2018,222.41348146598264,395.1424,617.5558814659827,0.9658128139938376,1707.3490698118248,8.942454986746498
2019,219.24138085349597,403.9392,623.1805808534959,0.9658128139938376,1717.1250924936157,9.776022681790892
2020,215.0,399.326,614.326,0.9658128139938376,1722.8400412558237,5.714948762207996
