,natemis,Antr+BB,Totemis,ch4lifetime_fact,Conc,Trend
1950,215.0,145.72559245704448,360.7255924570445,1.0,1150.1896481473018,
1951,215.0,161.1689540027448,376.16895400274484,1.0,1146.2943445382887,-3.8953036090131263
1952,215.0,166.6584490009245,381.6584490009245,1.0,1144.6577636741636,-1.6365808641251078
1953,215.0,171.95470236258384,386.9547023625838,1.0,1144.962837805201,0.30507413103737235
1954,215.0,176.831012412122,391.831012412122,1.0,1146.8527342067257,1.8898964015247657
1955,215.0,181.387095949852,396.387095949852,1.0,1150.0436817222278,3.1909475155021028
1956,215.0,187.50680733097954,402.50680733097954,1.0,1154.9091407439503,4.865459021722472
1957,215.0,193.07946030314662,408.0794603031466,1.0,1161.079987236674,6.17084649272374
1958,215.0,195.59294054388116,410.5929405438811,1.0,1167.3943821275964,6.314394890922358
1959,215.0,200.08069559638636,415.08069559638636,1.0,1174.4917303558884,7.097348228292049
1960,215.0,204.8419977523652,419.84199775236516,1.0,1182.375184714232,7.88345435834367
1961,215.0,212.9151721685548,427.9151721685548,1.0,1192.0562979336885,9.681113219456392
1962,215.0,215.1761447816861,430.1761447816861,1.0,1201.404079272386,9.347781338697587
1963,215.0,224.35374091013003,439.35374091013,1.0,1212.752237010504,11.348157738117834
1964,215.0,224.902024917875,439.902024917875,1.0,1223.0117745600314,10.259537549527522
1965,215.0,231.2054970495285,446.2054970495285,1.0,1234.2153623612585,11.203587801227059
1966,215.0,235.0392045912452,450.0392045912452,1.0,1245.4373094788912,11.22194711763268
1967,215.0,241.25473865712786,456.25473865712786,1.0,1257.466349360261,12.029039881369727
1968,215.0,244.44543722988774,459.4454372298877,1.0,1269.2078373912525,11.741488030991604
1969,215.0,248.48463021268853,463.48463021268856,1.0,1280.9756790599286,11.767841668676056
1970,215.0,253.9100454011647,468.91004540116467,1.0,1293.2271625494825,12.251483489553948
1971,215.0,257.57479257777885,472.57479257777885,1.0,1305.323575790977,12.096413241494474
1972,215.0,264.87815496199676,479.87815496199676,1.0,1318.4903370189277,13.166761227950701
1973,215.0,267.174414913303,482.174414913303,1.0,1330.945193326507,12.454856307579348
1974,215.0,268.77272781252634,483.77272781252634,1.0,1342.536131779731,11.590938453223998
1975,215.0,271.02888398583644,486.02888398583644,1.0,1353.5782956974845,11.042163917753442
1976,215.0,275.0518357547742,490.0518357547742,1.0,1364.719724489364,11.141428791879434
1977,215.0,277.72254164205543,492.72254164205543,1.0,1375.5003449037574,10.780620414393525
1978,215.0,279.07729251334416,494.07729251334416,1.0,1385.5236471058918,10.023302202134346
1979,215.0,283.36524243347924,498.36524243347924,1.0,1395.8482782681228,10.324631162231071
1980,215.0,282.2371159769046,497.2371159769046,1.0,1404.642309459243,8.794031191120212
1981,215.0,277.5286029825358,492.5286029825358,1.0,1410.8883997835057,6.2460903242626955
1982,215.0,285.26941946839,500.26941946839,1.0,1419.0051389735354,8.116739190029648
1983,215.0,279.04267506764637,494.04267506764637,1.0,1424.145706510121,5.14056753658565
1984,215.0,284.0863192602393,499.0863192602393,1.0,1430.3852215919246,6.2395150818035745
1985,215.0,287.0049229958179,502.0049229958179,1.0,1436.8951011027134,6.509879510788778
1986,215.0,290.9973934447917,505.9973934447917,1.0,1444.0016062784841,7.106505175770735
1987,215.0,295.28841803933904,510.28841803933904,1.0,1451.737055639009,7.7354493605248535
1988,215.0,299.1743864512828,514.1743864512828,1.0,1459.8965436463664,8.159488007357368
1989,215.0,304.2999708971575,519.2999708971574,1.0,1468.844154957379,8.947611311012679
1990,215.0,307.58244894288526,522.5824489428853,1.0,1477.879714312732,9.035559355352916
1991,215.0,320.3405374138564,535.3405374138564,1.0,1490.1393672702502,12.259652957518256
1992,215.0,304.1997961122732,519.1997961122731,1.0,1495.6674239956442,5.528056725393981
1993,215.0,305.23302163145047,520.2330216314505,1.0,1500.9195437318642,5.252119736220038
1994,215.0,317.2848254228341,532.284825422834,1.0,1509.5848963788899,8.665352647025657
1995,215.0,311.7473692430924,526.7473692430924,1.0,1515.4414992728784,5.8566028939885655
1996,215.0,313.88494695523417,528.8849469552342,1.0,1521.3520332617773,5.9105339888988055
1997,215.0,337.0204142930985,552.0204142930985,1.0,1534.2819594801726,12.929926218395394
1998,215.0,317.9406473511351,532.9406473511351,1.0,1539.4294542523928,5.1474947722201705
1999,215.0,313.09385370096595,528.093853700966,1.0,1542.39140114333,2.96194689093727
2000,215.0,314.79158226734603,529.791582267346,1.0,1545.5853602819445,3.1939591386144457
2001,215.0,315.2928524514628,530.2928524514627,1.0,1548.5881176010812,3.0027573191366628
2002,215.0,322.1007386331392,537.1007386331391,1.0,1553.5149387274512,4.926821126369987
2003,215.0,328.4756943824689,543.4756943824689,1.0,1560.0066487776578,6.4917100502066205
2004,215.0,335.7220642725255,550.7220642725255,1.0,1568.1773446089771,8.170695831319335
2005,215.0,341.88187367125875,556.8818736712587,1.0,1577.4782813589723,9.300936749995117
2006,215.0,352.4529993712408,567.4529993712408,1.0,1589.2475048282852,11.76922346931292
2007,215.0,349.7789386288197,564.7789386288197,1.0,1598.811112067625,9.563607239339717
2008,215.0,353.30974763980123,568.3097476398012,1.0,1608.4761424031176,9.665030335492702
2009,215.0,355.2102928669951,570.2102928669951,1.0,1617.6899763289653,9.213833925847666
2010,215.0,360.8548031390112,575.8548031390112,1.0,1627.746166542682,10.056190213716718
2011,215.0,365.99466311704407,580.9946631170441,1.0,1638.38284551056,10.63667896787797
2012,215.0,372.97725290758524,587.9772529075852,1.0,1650.1468196686424,11.76397415808242
2013,215.0,372.6442144644898,587.6442144644898,1.0,1660.4830071151196,10.336187446477197
2014,215.0,380.3961968225409,595.3961968225409,1.0,1672.235581530807,11.752574415687377
2015,215.0,387.4758223403408,602.4758223403408,1.0,1685.022720866219,12.787139335412121
2016,215.0,379.4876497908962,594.4876497908963,1.0,1693.7259318578003,8.703210991581273
2017,215.0,385.0082127080213,600.0082127080213,1.0,1703.287521994222,9.561590136421728
2018,215.0,387.8058049137809,602.8058049137809,1.0,1712.7073261032995,9.419804109077404
2019,215.0,394.70580491378087,609.7058049137809,1.0,1723.3632585487765,10.655932445476992
2020,215.0,388.1958049137809,603.1958049137809,1.0,1730.6646617514987,7.301403202722213
