,natemis,Antr+BB,Totemis,ch4lifetime_fact,Conc,Trend
1950,215.0,148.86472757401697,363.86472757401697,1.0,1151.2318709737456,
1951,215.0,164.4119307263549,379.4119307263549,1.0,1148.2965686772102,-2.935302296535383
1952,215.0,170.00526733117223,385.00526733117226,1.0,1147.5469739725675,-0.7495947046427318
1953,215.0,175.4053622994692,390.4053622994692,1.0,1148.6741946328032,1.1272206602357073
1954,215.0,180.38551395564497,395.38551395564497,1.0,1151.3286580408785,2.654463408075344
1955,215.0,185.0454391000126,400.0454391000126,1.0,1155.233040232077,3.904382191198465
1956,215.0,191.26899208777778,406.26899208777775,1.0,1160.7665268969522,5.533486664875227
1957,215.0,196.94548666658253,411.9454866665825,1.0,1167.5650782356877,6.798551338735479
1958,215.0,199.56280851395465,414.5628085139547,1.0,1174.4713701279297,6.906291892242052
1959,215.0,204.15440517309747,419.1544051730975,1.0,1182.1288169250804,7.657446797150669
1960,215.0,209.0195489357139,424.01954893571394,1.0,1190.5441318972853,8.415314972204897
1961,215.0,217.19785480015165,432.1978548001516,1.0,1200.7324578253538,10.18832592806848
1962,215.0,219.56395886153115,434.56395886153115,1.0,1210.5655637987768,9.833105973423017
1963,215.0,228.84668643822317,443.8466864382232,1.0,1222.379608910172,11.814045111395217
1964,215.0,229.50010189421624,444.50010189421624,1.0,1233.087772965961,10.708164055788984
1965,215.0,235.90870547411788,450.9087054741179,1.0,1244.7246591095015,11.63688614354055
1966,215.0,239.84754446408272,454.8475444640827,1.0,1256.3662927033834,11.641633593881807
1967,215.0,246.1682099782135,461.1682099782135,1.0,1268.8029313185684,12.436638615185075
1968,215.0,249.46403999922154,464.46403999922154,1.0,1280.941283808116,12.138352489547515
1969,215.0,253.6083644302704,468.6083644302704,1.0,1293.0964575792461,12.155173771130194
1970,215.0,259.1389110669947,474.1389110669947,1.0,1305.7268081551576,12.630350575911507
1971,215.0,264.2792956760135,479.2792956760135,1.0,1318.6495923668356,12.922784211677936
1972,215.0,272.45721733515404,487.45721733515404,1.0,1332.8405576542305,14.190965287394874
1973,215.0,275.97436854007793,490.97436854007793,1.0,1346.6102852192453,13.769727565014819
1974,215.0,277.58300816315733,492.58300816315733,1.0,1359.3722970774443,12.762011858199003
1975,215.0,278.92569799309183,493.92569799309183,1.0,1371.1511295075538,11.77883243010956
1976,215.0,286.19073893967834,501.19073893967834,1.0,1384.0231464341657,12.872016926611877
1977,215.0,290.52582612135245,505.52582612135245,1.0,1396.8931711285873,12.870024694421545
1978,215.0,292.98308376747053,507.98308376747053,1.0,1409.1379693290774,12.244798200490095
1979,215.0,298.58114099630916,513.5811409963092,1.0,1421.8703232283858,12.732353899308464
1980,213.46581505527286,300.435685537013,513.9015005922859,1.0,1433.2833951104703,11.413071882084523
1981,209.98540094753466,296.68287020073063,506.66827114826526,1.0,1441.0170416011683,7.733646490697993
1982,207.34999122653096,304.65710214976906,512.0070933763,1.0,1449.6572899429736,8.640248341805318
1983,218.54420775574664,298.6784287123529,517.2226364680996,1.0,1459.0616978774726,9.404407934498977
1984,216.13469029654325,302.2370817851458,518.3717720816891,1.0,1467.794616184769,8.732918307296359
1985,218.52747499561326,302.9504467045176,521.4779217001309,1.0,1476.5809790379956,8.786362853226592
1986,212.30288822600457,308.4034370412448,520.7063252672493,1.0,1484.1273535318483,7.5463744938526816
1987,207.81014213019827,312.778527186872,520.5886693170703,1.0,1490.7896959182247,6.662342386376395
1988,212.7546727496052,316.78079953316467,529.5354722827699,1.0,1499.6764783597914,8.886782441566766
1989,213.67497455693982,320.55968800249383,534.2346625594337,1.0,1509.1283818528134,9.451903493021973
1990,211.0981294964029,323.79183660072556,534.8899660971284,1.0,1517.7395206669755,8.611138814162132
1991,210.3200561502018,335.4818104403371,545.8018665905389,1.0,1529.0093235113798,11.26980284440424
1992,198.5903912967187,316.3955526293896,514.9859439261083,1.0,1528.7860635497325,-0.22325996164727258
1993,204.7145815055273,315.00618740051794,519.7207689060452,1.0,1530.1598091491323,1.3737455993998537
1994,209.4666853834006,322.1935623385285,531.6602477219292,1.0,1535.34375709873,5.183947949597723
1995,208.72207755746624,309.8613907722203,518.5834683296865,1.0,1535.605641663224,0.2618845644940393
1996,212.42838392700475,309.1011425162106,521.5295264432153,1.0,1536.8163223736362,1.2106807104121344
1997,213.7837374978066,332.86,546.6437374978066,1.0,1546.2296007208897,9.413278347253481
1998,222.52660466748551,317.28000000000003,539.8066046674855,1.0,1552.3188788549555,6.0892781340658075
1999,211.56664678013686,311.53999999999996,523.1066467801368,1.0,1552.1817937355238,-0.13708511943173107
2000,213.03076329180558,309.38,522.4107632918056,1.0,1551.8290181056655,-0.35277562985834265
2001,218.326681874013,313.65,531.9766818740129,1.0,1554.691719130424,2.8627010247585076
2002,215.21438848920863,324.65000000000003,539.8643884892086,1.0,1559.8526767888302,5.160957658406232
2003,219.3222811019477,326.12,545.4422811019477,1.0,1566.2876744817042,6.434997692874049
2004,213.74190559747325,330.53000000000003,544.2719055974733,1.0,1571.6135682297363,5.325893748032058
2005,210.64634497280224,334.55,545.1963449728023,1.0,1576.650043183273,5.036474953536754
2006,215.9673626952097,340.45,556.4173626952097,1.0,1584.848067935314,8.198024752040965
2007,213.7502719775399,336.24,549.9902719775399,1.0,1589.9943025818704,5.146234646556422
2008,213.86740129847342,335.67,549.5374012984735,1.0,1594.413954816481,4.419652234610567
2009,219.93302684681524,339.88,559.8130268468152,1.0,1601.7503433979189,7.336388581437859
2010,226.5508334795578,341.18,567.7308334795578,1.0,1610.894062328297,9.1437189303781
2011,214.3442849622741,342.69,557.0342849622741,1.0,1615.4626008207692,4.568538492472271
2012,208.27865941393227,348.16,556.4386594139323,1.0,1619.3218456870948,3.8592448663255254
2013,214.6454746446745,348.96,563.6054746446745,1.0,1625.1284211327502,5.806575445655426
2014,215.03869450780837,357.09000000000003,572.1286945078084,1.0,1633.114623412056,7.986202279305871
2015,214.13512546060713,365.45,579.5851254606071,1.0,1642.6822151276476,9.567591715591561
2016,220.7529320933497,358.0,578.7529320933497,1.0,1650.9022253559358,8.220010228288174
2017,215.0,360.73,575.73,1.0,1657.198196921055,6.295971565119089
2018,215.0,362.77000000000004,577.77,1.0,1663.466506642566,6.268309721511059
2019,215.0,371.87,586.87,1.0,1672.0542392211348,8.587732578568875
2020,215.0,367.56,582.56,1.0,1678.2494403523015,6.195201131166641
