,natemis,Antr+BB,Totemis,ch4lifetime_fact,Conc,Trend
1950,215.0,163.17450659965715,378.17450659965715,1.0386734286208537,1160.226080933783,
1951,215.0,179.19507276100282,394.19507276100285,1.0386734286208537,1165.4447621808506,5.218681247067707
1952,215.0,185.26177237482784,400.26177237482784,1.0386734286208537,1172.1151515253605,6.670389344509886
1953,215.0,191.13523035213254,406.13523035213257,1.0386734286208537,1180.0154304123926,7.900278887032073
1954,215.0,196.588745017316,411.588745017316,1.0386734286208537,1188.872441508616,8.85701109622346
1955,215.0,201.72203317069142,416.7220331706914,1.0386734286208537,1198.475840270834,9.603398762217921
1956,215.0,208.41894916746426,423.41894916746423,1.0386734286208537,1209.264756670623,10.78891639978906
1957,215.0,214.5688067552767,429.5688067552767,1.0386734286208537,1220.9285648318257,11.663808161202724
1958,215.0,217.6594916116566,432.65949161165656,1.0386734286208537,1232.3547144042584,11.426149572432678
1959,215.0,222.72445127980714,437.7244512798071,1.0386734286208537,1244.2257215972484,11.871007192989964
1960,215.0,228.0629580514313,443.06295805143134,1.0386734286208537,1256.5843038733126,12.358582276064226
1961,215.0,236.72050668084023,451.72050668084023,1.0273688805761167,1269.1648164896628,12.580512616350234
1962,215.0,239.56585350719098,454.565853507191,1.0286336117988735,1281.4638398167522,12.299023327089344
1963,215.0,249.3278238488543,464.32782384885434,1.0303815209511082,1295.8722107883284,14.408370971576232
1964,215.0,250.4604820698185,465.4604820698185,1.0388161109745009,1310.0934555750478,14.221244786719353
1965,215.0,257.3483284146914,472.3483284146914,1.0466500135860857,1325.9975424354127,15.904086860364941
1966,215.0,261.76641016962753,476.76641016962753,1.0309948094306236,1339.7527777730998,13.755235337687054
1967,215.0,268.56631844872953,483.56631844872953,1.0343317923476247,1354.6820454743781,14.929267701278377
1968,215.0,272.34139123470885,487.34139123470885,1.0390130401356572,1369.8250200018279,15.142974527449724
1969,215.0,276.9649584307289,491.9649584307289,1.03733064240917,1384.6515447719653,14.82652477013744
1970,215.0,282.9747478324244,497.9747478324244,1.044520863970062,1400.775990779353,16.124446007387633
1971,215.0,292.39338546227265,507.39338546227265,1.0311148875281522,1416.5662721994909,15.790281420137944
1972,215.0,305.77288904383573,520.7728890438357,1.0410234769727889,1436.377288537342,19.811016337851242
1973,215.0,317.30180353705,532.30180353705,1.0237676802553786,1455.5731351534557,19.195846616113613
1974,215.0,319.6737152945646,534.6737152945645,1.0255205419074267,1473.6898413961148,18.11670624265912
1975,215.0,313.4687162301143,528.4687162301143,1.0294434565934747,1488.2983479785228,14.608506582407927
1976,215.0,328.0681369115893,543.0681369115894,1.0411371895645516,1507.77214654781,19.473798569287283
1977,215.0,327.50971043294277,542.5097104329427,1.04310064917037,1525.22090220903,17.448755661220048
1978,215.0,337.29152495073333,552.2915249507333,1.038188476513601,1543.3521131129064,18.13121090387631
1979,215.0,339.2625001945196,554.2625001945196,1.0481297495588873,1561.566581030266,18.21446791735957
1980,215.0,331.9744129863428,546.9744129863428,1.054811359742319,1576.3273994144693,14.760818384203276
1981,215.0,315.6808105870111,530.6808105870111,1.0453494500609413,1582.7476584225387,6.420259008069479
1982,215.0,321.2350753555989,536.2350753555988,1.0607031737894599,1592.4873068717923,9.739648449253536
1983,215.0,310.5807537196765,525.5807537196765,1.0432038431370887,1595.1574126831547,2.6701058113624185
1984,215.0,309.44370211114114,524.4437021111412,1.0308940203039962,1595.3631988137251,0.20578613057045914
1985,215.0,308.5329440305821,523.532944030582,1.024425100745979,1594.282708005637,-1.0804908080881432
1986,215.0,311.14209539675954,526.1420953967595,1.0354513129905416,1595.8186498295318,1.5359418238947455
1987,215.0,313.06531577001317,528.0653157700132,1.0403399650985459,1598.540326282378,2.721676452846168
1988,215.0,317.1635669480235,532.1635669480236,1.0222870139004354,1599.6589922415628,1.1186659591849093
1989,215.0,319.83132361261084,534.8313236126108,1.0267543659990674,1602.2113733133385,2.5523810717756987
1990,200.3301288457454,323.79183660072556,524.121965446471,1.030736205492146,1601.5165249255758,-0.6948483877627041
1991,199.7503266400383,335.4818104403371,535.2321370803754,1.0498448088618946,1607.3790835342227,5.86255860864685
1992,184.67510149951386,316.3955526293896,501.07065412890347,1.0436593028024648,1600.3501443405173,-7.028939193705355
1993,197.36691793433434,315.00618740051794,512.3731053348523,1.0224136274039968,1594.7109051820821,-5.639239158435203
1994,206.86238646048096,322.1935623385285,529.0559487990095,1.0257079106974367,1595.7294541176082,1.0185489355260415
1995,201.7570917407637,309.8613907722203,511.61848251298403,1.006485120188085,1587.9248050590224,-7.80464905858571
1996,213.15982548765285,309.1011425162106,522.2609680038635,1.0050644518952168,1584.3051099825225,-3.6196950764999656
1997,219.11808678658687,332.86,551.9780867865869,1.0260210342142024,1594.1312638383536,9.82615385583108
1998,212.25503626636817,317.28000000000003,529.5350362663683,1.0215154558941881,1594.7452065998389,0.6139427614853048
1999,221.87093317633915,311.53999999999996,533.4109331763391,0.9979967817046644,1592.9645361397013,-1.7806704601375714
2000,227.84472784773624,309.38,537.2247278477362,1.0,1592.9636855427382,-0.0008505969631187327
2001,206.6473954472032,313.65,520.2973954472031,1.004280591928866,1588.0087031773553,-4.954982365382875
2002,212.26455200956343,324.65000000000003,536.9145520095635,1.0092659254714755,1589.8926292577746,1.8839260804193145
2003,215.22835450612564,326.12,541.3483545061256,1.0091672020984297,1593.0248085737637,3.132179315989106
2004,212.63153770421576,330.53000000000003,543.1615377042158,1.0045178825485648,1595.6926154149621,2.6678068411983986
2005,212.49070626724972,334.55,547.0407062672498,1.001520616854982,1598.883508624512,3.190893209549813
2006,213.71072289363457,340.45,554.1607228936346,0.9963837241195741,1603.2720415759054,4.388532951393472
2007,219.18200332427125,336.24,555.4220033242713,1.0019042846930941,1608.4585323960398,5.186490820134395
2008,228.68671106740234,335.67,564.3567110674023,0.9845580445936346,1613.2492431256878,4.790710729648026
2009,221.551417970207,339.88,561.431417970207,0.9914712628139848,1617.649004388796,4.399761263108076
2010,221.69514826634378,341.18,562.8751482663438,0.979929226472326,1620.1435501430658,2.4945457542698932
2011,227.28038439645948,342.69,569.9703843964595,0.979929226472326,1624.7072844713684,4.563734328302644
2012,209.97597491597992,348.16,558.1359749159799,0.979929226472326,1624.8263477769603,0.11906330559190792
2013,213.54435145588445,348.96,562.5043514558845,0.979929226472326,1626.3806814191278,1.5543336421674212
2014,216.40412124879504,357.09000000000003,573.4941212487951,0.979929226472326,1631.4029301029168,5.02224868378903
2015,206.32314747732138,365.45,571.7731474773213,0.979929226472326,1635.2825486357285,3.879618532811719
2016,201.11929681211606,358.0,559.1192968121161,0.979929226472326,1634.5236134972445,-0.7589351384840484
2017,215.0,360.73,575.73,0.979929226472326,1639.3602422572933,4.836628760048825
2018,215.0,362.77000000000004,577.77,0.979929226472326,1644.3227505038628,4.962508246569541
2019,215.0,371.87,586.87,0.979929226472326,1651.7383433611594,7.415592857296588
2020,215.0,367.56,582.56,0.979929226472326,1656.8801098832691,5.1417665221097195
