,natemis,Antr+BB,Totemis,ch4lifetime_fact,Conc,Trend
1950,215.0,148.86472757401697,363.86472757401697,1.0,1151.2318709737456,
1951,215.0,164.4119307263549,379.4119307263549,1.0,1148.2965686772102,-2.935302296535383
1952,215.0,170.00526733117223,385.00526733117226,1.0,1147.5469739725675,-0.7495947046427318
1953,215.0,175.4053622994692,390.4053622994692,1.0,1148.6741946328032,1.1272206602357073
1954,215.0,180.38551395564497,395.38551395564497,1.0,1151.3286580408785,2.654463408075344
1955,215.0,185.0454391000126,400.0454391000126,1.0,1155.233040232077,3.904382191198465
1956,215.0,191.26899208777778,406.26899208777775,1.0,1160.7665268969522,5.533486664875227
1957,215.0,196.94548666658253,411.9454866665825,1.0,1167.5650782356877,6.798551338735479
1958,215.0,199.56280851395465,414.5628085139547,1.0,1174.4713701279297,6.906291892242052
1959,215.0,204.15440517309747,419.1544051730975,1.0,1182.1288169250804,7.657446797150669
1960,215.0,209.0195489357139,424.01954893571394,1.0,1190.5441318972853,8.415314972204897
1961,215.0,217.19785480015165,432.1978548001516,1.0,1200.7324578253538,10.18832592806848
1962,215.0,219.56395886153115,434.56395886153115,1.0,1210.5655637987768,9.833105973423017
1963,215.0,228.84668643822317,443.8466864382232,1.0,1222.379608910172,11.814045111395217
1964,215.0,229.50010189421624,444.50010189421624,1.0,1233.087772965961,10.708164055788984
1965,215.0,235.90870547411788,450.9087054741179,1.0,1244.7246591095015,11.63688614354055
1966,215.0,239.84754446408272,454.8475444640827,1.0,1256.3662927033834,11.641633593881807
1967,215.0,246.1682099782135,461.1682099782135,1.0,1268.8029313185684,12.436638615185075
1968,215.0,249.46403999922154,464.46403999922154,1.0,1280.941283808116,12.138352489547515
1969,215.0,253.6083644302704,468.6083644302704,1.0,1293.0964575792461,12.155173771130194
1970,215.0,259.1389110669947,474.1389110669947,1.0,1305.7268081551576,12.630350575911507
1971,215.0,264.2792956760135,479.2792956760135,1.0,1318.6495923668356,12.922784211677936
1972,215.0,272.45721733515404,487.45721733515404,1.0,1332.8405576542305,14.190965287394874
1973,215.0,275.97436854007793,490.97436854007793,1.0,1346.6102852192453,13.769727565014819
1974,215.0,277.58300816315733,492.58300816315733,1.0,1359.3722970774443,12.762011858199003
1975,215.0,278.92569799309183,493.92569799309183,1.0,1371.1511295075538,11.77883243010956
1976,215.0,286.19073893967834,501.19073893967834,1.0,1384.0231464341657,12.872016926611877
1977,215.0,290.52582612135245,505.52582612135245,1.0,1396.8931711285873,12.870024694421545
1978,215.0,292.98308376747053,507.98308376747053,1.0,1409.1379693290774,12.244798200490095
1979,215.0,298.58114099630916,513.5811409963092,1.0,1421.8703232283858,12.732353899308464
1980,210.94999730878948,300.435685537013,511.3856828458025,1.0,1432.4481196014997,10.57779637311387
1981,207.46940093654123,296.68287020073063,504.1522711372719,1.0,1439.4399560517872,6.991836450287565
1982,196.9955325905592,304.65710214976906,501.65263474032827,1.0,1444.8190118932887,5.37905584150144
1983,201.33424834490552,298.6784287123529,500.01267705725843,1.0,1449.0512920647318,4.232280171443108
1984,214.1098013886646,302.2370817851458,516.3468831738104,1.0,1458.2327952606568,9.181503195924961
1985,211.68781958124762,302.9504467045176,514.6382662857652,1.0,1465.8189664099489,7.586171149292113
1986,211.8802949566715,308.4034370412448,520.2837319979162,1.0,1474.430060820787,8.611094410838177
1987,203.0665267237203,312.778527186872,515.8450539105922,1.0,1480.603285601324,6.173224780536884
1988,213.4200979600624,316.78079953316467,530.2008974932271,1.0,1490.8515701647368,10.24828456341288
1989,215.39297055815703,320.55968800249383,535.9526585606509,1.0,1501.8619916389664,11.010421474229588
1990,213.067226438452,323.79183660072556,536.8590630391775,1.0,1511.9405087433008,10.078517104334423
1991,208.59217395984714,335.4818104403371,544.0739844001843,1.0,1523.2859548435777,11.345446100276831
1992,188.55869530114643,316.3955526293896,504.95424793053604,1.0,1520.3729228905286,-2.913031953049085
1993,202.27256580009686,315.00618740051794,517.2787532006148,1.0,1521.8779171697804,1.5049942792518323
1994,205.68900371387048,322.1935623385285,527.8825660523989,1.0,1526.734964004778,4.857046834997618
1995,201.59890198611336,309.8613907722203,511.4602927583337,1.0,1525.5958147312338,-1.1391492735442625
1996,211.8482157274342,309.1011425162106,520.9493582436448,1.0,1527.7346765799878,2.1388618487540043
1997,205.35217180687872,332.86,538.2121718068787,1.0,1535.3654684996138,7.630791919626063
1998,214.55891059798697,317.28000000000003,531.838910597987,1.0,1540.0258554093277,4.660386909713907
1999,223.82980784756984,311.53999999999996,535.3698078475697,1.0,1545.3367093680213,5.310853958693542
2000,220.46950858496152,309.38,529.8495085849615,1.0,1548.2201137885388,2.883404420517536
2001,217.96732870445126,313.65,531.6173287044512,1.0,1551.3675959391476,3.1474821506087665
2002,212.04069110285803,324.65000000000003,536.6906911028581,1.0,1555.847058571241,4.479462632093373
2003,215.0561386511653,326.12,541.1761386511653,1.0,1561.3141661951463,5.467107623905349
2004,213.89326659131277,330.53000000000003,544.4232665913128,1.0,1567.2471980528317,5.933031857685364
2005,205.11959739490823,334.55,539.6695973949082,1.0,1570.9376434769747,3.690445424143036
2006,217.5182194951289,340.45,557.9682194951289,1.0,1580.2901861409948,9.35254266402012
2007,217.93524947521394,336.24,554.175249475214,1.0,1587.3362202936278,7.046034152632956
2008,221.99327197373375,335.67,557.6632719737338,1.0,1594.7513652230475,7.415144929419739
2009,219.24247806663436,339.88,559.1224780666344,1.0,1601.8207050998747,7.069339876827144
2010,222.65891598040798,341.18,563.838915980408,1.0,1609.664391851309,7.843686751434234
2011,222.8112923192852,342.69,565.5012923192852,1.0,1617.181744089476,7.517352238167177
2012,213.70079121588887,348.16,561.8607912158889,1.0,1622.6486956269616,5.466951537485556
2013,225.01673932935032,348.96,573.9767393293503,1.0,1631.52612183858,8.877426211618285
2014,216.49168415953494,357.09000000000003,573.5816841595349,1.0,1639.2783786005648,7.7522567619848815
2015,210.13999677054736,365.45,575.5899967705474,1.0,1646.8293924300876,7.551013829522844
2016,217.28564508315839,358.0,575.2856450831584,1.0,1653.4338699176649,6.604477487577242
2017,215.0,360.73,575.73,1.0,1659.4463726854062,6.012502767741353
2018,215.0,362.77000000000004,577.77,1.0,1665.462953673015,6.016580987608677
2019,215.0,371.87,586.87,1.0,1673.8271436392808,8.36418996626594
2020,215.0,367.56,582.56,1.0,1679.8238322735212,5.9966886342403996
