,natemis,Antr+BB,Totemis,ch4lifetime_fact,Conc,Trend
1950,215.0,165.44423622518232,380.4442362251823,1.0488608866700293,1162.0496780388985,
1951,215.0,181.5398843317661,396.5398843317661,1.0455466626386185,1168.5763025010729,6.526624462174368
1952,215.0,187.68166589082924,402.6816658908292,1.0435105097854591,1176.2267619309298,7.650459429856937
1953,215.0,193.63020581337207,408.6302058133721,1.0405455939203825,1184.7120367592545,8.485274828324691
1954,215.0,199.15880242379365,414.15880242379365,1.044295794488673,1194.521180592212,9.809143832957488
1955,215.0,204.36717252240715,419.36717252240715,1.037508489961066,1204.2638550490603,9.742674456848363
1956,215.0,211.13917046441813,426.13917046441816,1.028116236302615,1214.1529420925074,9.889087043447034
1957,215.0,217.36410999746863,432.36410999746863,1.0421601616543277,1226.6030294650366,12.450087372529197
1958,215.0,220.52987679908665,435.52987679908665,1.048657602665344,1239.480666149451,12.877636684414483
1959,215.0,225.6699184124753,440.66991841247534,1.036391182649435,1251.298277714563,11.817611565111974
1960,215.0,231.08350712933756,446.0835071293376,1.0366828171259594,1263.665304264207,12.367026549643924
1961,215.0,239.81707031491294,454.81707031491294,1.0360169714873653,1277.5154929016514,13.85018863744449
1962,215.0,242.73843169743012,457.7384316974301,1.0483804322861743,1292.270549220514,14.755056318862671
1963,215.0,252.57641659525984,467.57641659525984,1.0443546910580446,1308.239836068142,15.969286847627927
1964,215.0,253.78508937239053,468.78508937239053,1.0448466365780047,1322.9444722235564,14.704636155414391
1965,215.0,260.7489502734299,475.7489502734299,1.0416887487729276,1337.9982205733304,15.053748349773969
1966,215.0,265.2430465845324,480.2430465845324,1.045021997433171,1353.322998508628,15.324777935297561
1967,215.0,272.1189694198009,487.1189694198009,1.0453696087467055,1369.3236177398426,16.000619231214614
1968,215.0,275.9700567619466,490.9700567619466,1.0399298066040126,1384.2001681711142,14.876550431271653
1969,215.0,280.66963851413317,495.66963851413317,1.044521823964872,1399.606505759368,15.406337588253791
1970,215.0,286.7554424719951,501.7554424719951,1.0439258467327728,1415.2978832236897,15.691377464321704
1971,215.0,296.29479715759095,511.29479715759095,1.0436193741341604,1432.4280389493324,17.13015572564268
1972,215.0,309.7925504905967,524.7925504905967,1.0520906785217377,1453.2934933169897,20.86545436765732
1973,215.0,321.5097804752024,536.5097804752024,1.0403958536106162,1474.2781296668054,20.984636349815673
1974,215.0,323.90781625487864,538.9078162548786,1.035825630675854,1493.1669873410433,18.888857674237897
1975,215.0,317.6599241426396,532.6599241426396,1.0405937531705223,1508.5767610048717,15.409773663828446
1976,215.0,332.4310155097663,547.4310155097663,1.0471224324819541,1528.1262897350673,19.54952873019556
1977,215.0,331.86937666306744,546.8693766630674,1.0411935162013237,1544.558869916311,16.432580181243793
1978,215.0,341.8147800298701,556.8147800298701,1.039175143440748,1562.2351464166295,17.67627650031841
1979,215.0,343.8016532522121,558.8016532522121,1.0376285224625028,1578.433200968442,16.198054551812447
1980,215.0,336.43435957683573,551.4343595768357,1.046993032958082,1591.7661563347845,13.332955366342503
1981,215.0,319.944026226233,534.9440262262331,1.057235362607005,1599.627866721156,7.861710386371442
1982,215.0,325.4862880386215,540.4862880386215,1.0571718977688278,1608.4849881502466,8.85712142909074
1983,215.0,314.78340390067586,529.7834039006759,1.059741846409663,1613.1954793002558,4.7104911500091475
1984,215.0,313.6218524399723,528.6218524399724,1.0468082345506051,1615.1626152929007,1.9671359926448986
1985,215.0,312.6892946359584,527.6892946359584,1.0438054769311433,1616.1702211714492,1.0076058785484747
1986,215.0,315.3279750176004,530.3279750176005,1.049246969643094,1618.7379046798976,2.5676835084484537
1987,215.0,317.2485140553672,532.2485140553672,1.040268768905054,1620.35681112435,1.6189064444524774
1988,215.0,321.411691319549,536.4116913195489,1.0374802786999169,1622.7728751258944,2.4160640015443278
1989,215.0,324.1105786961214,539.1105786961214,1.0428034452743942,1626.61085445082,3.837979324925527
1990,204.64647443295402,328.0908796007256,532.7373540336796,1.0438158204508707,1628.0622594863719,1.451405035551943
1991,202.84908478641162,341.6898806403371,544.5389654267487,1.044515988674617,1633.3865411457828,5.324281659410872
1992,190.51506057038983,321.75928362938964,512.2743441997795,1.0373376907957834,1626.3374128275668,-7.049128318215935
1993,195.3330359213366,320.736322800518,516.0693587218545,1.0235051451726433,1619.2361251859738,-7.1012876415929895
1994,199.90276569546643,332.26831963852857,532.171085333995,1.025931824493182,1618.634972525094,-0.601152660879734
1995,196.32841195227857,324.2177472722203,520.5461592244989,1.0098251171866819,1611.765756273936,-6.86921625115815
1996,207.46436651190697,327.5188030162106,534.9831695281175,1.0059472571608135,1609.8508573884283,-1.9148988855076823
1997,215.069403551697,350.5117382000001,565.581141751697,1.0155065898427584,1619.7960353053752,9.945177916946932
1998,211.19685718568462,330.2514803,541.4483374856846,1.0260604213678781,1622.2370905789276,2.441055273552365
1999,218.01274748085203,321.97082819999997,539.983575680852,0.9977243350302163,1619.5114460626232,-2.725644516304328
2000,224.99476821169003,321.0746415,546.06940971169,1.0,1619.4746509476206,-0.03679511500263288
2001,211.6541686142129,322.0038254,533.6579940142128,0.9976712650532031,1614.9505239783402,-4.52412696928036
2002,212.44845349875482,329.2447249,541.6931783987548,0.9898186618728184,1612.3412646296983,-2.609259348641899
2003,211.15104048992268,336.95281180000006,548.1038522899228,0.994865821953046,1612.965344683238,0.6240800535397284
2004,213.4267447417675,346.8821553,560.3089000417675,0.9830062724148221,1615.648029402927,2.6826847196889503
2005,212.36702568834235,351.53041470000005,563.8974403883424,0.9724656594085386,1617.4671803227336,1.8191509198065887
2006,214.33253962675096,361.5815305,575.914070126751,0.9697798027915692,1622.6092154945118,5.142035171778161
2007,219.6252591285588,357.22785230000005,576.8531114285588,0.9645130934714374,1626.5748932547856,3.9656777602738202
2008,225.0863228023433,358.4336323,583.5199551023433,0.9627371565534859,1631.9868597874106,5.4119665326250015
2009,227.38941008758178,359.7836666,587.1730766875818,0.9682589027181607,1638.9337052967785,6.946845509367904
2010,222.05416973076032,365.82240210000003,587.8765718307603,0.9741615880697929,1646.3228964884102,7.389191191631653
2011,234.1365331595362,367.0318972,601.1684303595362,0.9620153522297454,1655.17488769891,8.851991210499818
2012,214.91072953742258,370.96316160000003,585.8738911374226,0.9808702795232336,1661.1837529461438,6.008865247233871
2013,217.65607902838656,370.2459324,587.9020114283866,0.9678609782840504,1664.9453926650965,3.761639718952665
2014,225.58641103472286,377.00284780000004,602.5892588347228,0.9658128139938376,1672.7837776876563,7.838385022559805
2015,217.07285443075872,381.5206772,598.5935316307588,0.9658128139938376,1678.3946534519534,5.610875764297134
2016,210.38186013375284,369.4090335000001,579.790893633753,0.9658128139938376,1677.127552283262,-1.267101168691397
2017,219.85459889671557,370.1151464,589.9697452967156,0.9658128139938376,1679.3798462119778,2.252293928715744
2018,221.18675975116392,373.18654800000013,594.373307751164,0.9658128139938376,1682.83197496412,3.4521287521422437
2019,217.3676024610999,381.5144058,598.8820082610999,0.9658128139938376,1687.3805151452325,4.5485401811124575
2020,215.0,375.00440580000003,590.0044058000001,0.9658128139938376,1688.4627593245675,1.0822441793350208
