,natemis,Antr+BB,Totemis,ch4lifetime_fact,Conc,Trend
1950,215.0,163.17450659965715,378.17450659965715,1.0247219712311393,1158.7304235375464,
1951,215.0,179.19507276100282,394.19507276100285,1.0244368393312935,1162.5831540560823,3.8527305185359637
1952,215.0,185.26177237482784,400.26177237482784,1.0241517074314475,1167.9985168845446,5.415362828462321
1953,215.0,191.13523035213254,406.13523035213257,1.0238665755316017,1174.740416089009,6.741899204464289
1954,215.0,196.588745017316,411.588745017316,1.0235814436317558,1182.5232161819058,7.782800092896878
1955,215.0,201.72203317069142,416.7220331706914,1.02329631173191,1191.125712640535,8.602496458629275
1956,215.0,208.41894916746426,423.41894916746423,1.023011179832064,1200.9771101462013,9.851397505666228
1957,215.0,214.5688067552767,429.5688067552767,1.0227260479322182,1211.7577907181362,10.780680571934909
1958,215.0,217.6594916116566,432.65949161165656,1.0224409160323724,1222.3482056645692,10.59041494643293
1959,215.0,222.72445127980714,437.7244512798071,1.0221557841325266,1233.4248899507454,11.07668428617626
1960,215.0,228.0629580514313,443.06295805143134,1.0218706522326808,1245.02467893571,11.599788984964562
1961,215.0,236.72050668084023,451.72050668084023,1.0215855203328348,1258.1925392188111,13.167860283101163
1962,215.0,239.56585350719098,454.565853507191,1.021300388432989,1270.823473629261,12.630934410449754
1963,215.0,249.3278238488543,464.32782384885434,1.021015256533143,1285.274666449781,14.451192820520191
1964,215.0,250.4604820698185,465.4604820698185,1.0207301246332974,1298.4769901693835,13.202323719602418
1965,215.0,257.3483284146914,472.3483284146914,1.0204449927334514,1312.4799349580946,14.002944788711147
1966,215.0,261.76641016962753,476.76641016962753,1.0201598608336055,1326.3737539944386,13.893819036343984
1967,215.0,268.56631844872953,483.56631844872953,1.0198747289337597,1340.9612744184174,14.58752042397873
1968,215.0,272.34139123470885,487.34139123470885,1.019589597033914,1355.1600080460155,14.19873362759813
1969,215.0,276.9649584307289,491.9649584307289,1.019304465134068,1369.2939902579074,14.133982211891862
1970,215.0,282.9747478324244,497.9747478324244,1.0190193332342221,1383.8302522849233,14.536262027015937
1971,215.0,292.39338546227265,507.39338546227265,1.0199605556308002,1400.018017996976,16.187765712052624
1972,215.0,305.77288904383573,520.7728890438357,1.0209017780273784,1418.9944303113855,18.976412314409572
1973,215.0,317.30180353705,532.30180353705,1.0218430004239563,1439.840581102687,20.846150791301625
1974,215.0,319.6737152945646,534.6737152945645,1.0227842228205342,1459.310602842959,19.47002174027193
1975,215.0,313.4687162301143,528.4687162301143,1.0237254452171123,1474.7079653143442,15.397362471385122
1976,215.0,328.0681369115893,543.0681369115894,1.0246666676136902,1493.3981937734795,18.69022845913537
1977,215.0,327.50971043294277,542.5097104329427,1.0256078900102683,1509.9840060964407,16.585812322961146
1978,215.0,337.29152495073333,552.2915249507333,1.0265491124068462,1528.1364431308257,18.152437034385002
1979,215.0,339.2625001945196,554.2625001945196,1.0274903348034243,1545.0899657491047,16.953522618279067
1980,215.0,331.9744129863428,546.9744129863428,1.0284315572000022,1557.9001337091777,12.810167960072931
1981,215.0,315.6808105870111,530.6808105870111,1.0283999636415508,1563.88689068245,5.98675697327235
1982,215.0,321.2350753555989,536.2350753555988,1.0283683700830997,1571.06068970268,7.173799020230035
1983,215.0,310.5807537196765,525.5807537196765,1.0283367765246483,1573.9026252581264,2.841935555446298
1984,215.0,309.44370211114114,524.4437021111412,1.028305182966197,1576.0509311635528,2.1483059054264686
1985,215.0,308.5329440305821,523.532944030582,1.0282735894077455,1577.6567288270912,1.6057976635383966
1986,215.0,311.14209539675954,526.1420953967595,1.028241995849294,1579.9496552200924,2.292926393001153
1987,215.0,313.06531577001317,528.0653157700132,1.028210402290843,1582.626452031569,2.6767968114766063
1988,215.0,317.1635669480235,532.1635669480236,1.0281788087323915,1586.368239178234,3.7417871466650467
1989,215.0,319.83132361261084,534.8313236126108,1.0281472151739404,1590.5828487825381,4.214609604304087
1990,213.229158495527,323.79183660072556,537.0209950962526,1.0281156216154888,1595.0595622073133,4.476713424775198
1991,230.46401973376058,335.4818104403371,565.9458301740976,1.02530405945394,1608.242862227934,13.183300020620663
1992,187.08466023758422,316.3955526293896,503.48021286697383,1.022492497292391,1598.791959461981,-9.45090276595306
1993,201.07742439463695,315.00618740051794,516.0836117951549,1.0196809351308422,1594.1458782026841,-4.646081259296807
1994,209.91391164352387,322.1935623385285,532.1074739820524,1.0168693729692933,1594.9119476371623,0.7660694344781405
1995,200.85765603448098,309.8613907722203,510.7190468067013,1.0140578108077443,1588.0597050019303,-6.85224263523196
1996,212.4591393800404,309.1011425162106,521.560281896251,1.0112462486461955,1585.1403101880476,-2.919394813882718
1997,217.02081046246136,332.86,549.8808104624613,1.0084346864846467,1591.5224315884377,6.382121400390133
1998,202.568436978653,317.28000000000003,519.848436978653,1.0056231243230978,1586.786690923111,-4.7357406653266025
1999,215.78806866900686,311.53999999999996,527.3280686690068,1.002811562161549,1584.628443698382,-2.158247224729166
2000,226.5622479195188,309.38,535.9422479195188,1.0,1585.1351916228884,0.5067479245064987
2001,215.0509626165587,313.65,528.7009626165586,0.995914002735031,1582.5428023665597,-2.5923892563287154
2002,216.04073174324364,324.65000000000003,540.6907317432436,0.991828005470062,1583.5784938223792,1.0356914558194603
2003,213.98055262609702,326.12,540.100552626097,0.987742008205093,1583.6531066017458,0.07461277936658917
2004,208.00169259421529,330.53000000000003,538.5316925942153,0.9836560109401239,1582.5452473455784,-1.1078592561673304
2005,205.4572700159953,334.55,540.0072700159953,0.9795700136751548,1581.3943018526977,-1.1509454928807372
2006,211.2339594451393,340.45,551.6839594451393,0.9754840164101859,1583.583150936472,2.1888490837743575
2007,223.672583039232,336.24,559.912583039232,0.9713980191452168,1587.5796057554376,3.9964548189655034
2008,228.03049543871128,335.67,563.7004954387113,0.977052169906687,1593.3027229830666,5.723117227629018
2009,235.04040686312868,339.88,574.9204068631286,0.9827063206681571,1603.0166283369026,9.713905353836026
2010,224.2663857353366,341.18,565.4463857353367,0.9883604714296271,1609.4020663678336,6.385438030931027
2011,247.4109003803281,342.69,590.1009003803281,0.9889882341230849,1623.3481045484307,13.946038180597043
2012,216.66762554529598,348.16,564.827625545296,0.9896159968165429,1627.4343909802164,4.086286431785766
2013,222.88330630031555,348.96,571.8433063003156,0.9902437595100009,1633.4897368767702,6.0553458965537175
2014,220.24898314608367,357.09000000000003,577.3389831460837,0.9908715222034588,1640.7880828749092,7.298345998138984
2015,215.0,365.45,580.45,0.9908600068687826,1648.2935227577261,7.505439882816972
2016,215.0,358.0,573.0,0.9908484915341064,1652.4779686249924,4.184445867266277
2017,215.0,360.73,575.73,0.9908369761994302,1657.0943610978698,4.616392472877351
2018,215.0,362.77000000000004,577.77,0.9924774178789595,1662.1386972455168,5.044336147647073
2019,215.0,371.87,586.87,0.9941178595584886,1669.9067907834556,7.768093537938739
2020,215.0,367.56,582.56,0.9957583012380179,1675.642518780695,5.735727997239337
