,natemis,Antr+BB,Totemis,ch4lifetime_fact,Conc,Trend
1950,215.0,148.86472757401697,363.86472757401697,1.0386734286208537,1155.4660551082777,
1951,215.0,164.4119307263549,379.4119307263549,1.0386734286208537,1156.283805127743,0.817750019465393
1952,215.0,170.00526733117223,385.00526733117226,1.0386734286208537,1158.8733891412887,2.5895840135456183
1953,215.0,175.4053622994692,390.4053622994692,1.0386734286208537,1162.9782487496582,4.104859608369452
1954,215.0,180.38551395564497,395.38551395564497,1.0386734286208537,1168.2942567194377,5.316007969779548
1955,215.0,185.0454391000126,400.0454391000126,1.0386734286208537,1174.5834594398177,6.28920272037999
1956,215.0,191.26899208777778,406.26899208777775,1.0386734286208537,1182.260373931981,7.676914492163178
1957,215.0,196.94548666658253,411.9454866665825,1.0386734286208537,1190.992432349995,8.732058418014049
1958,215.0,199.56280851395465,414.5628085139547,1.0386734286208537,1199.6475235015203,8.655091151525312
1959,215.0,204.15440517309747,419.1544051730975,1.0386734286208537,1208.8907254830015,9.243201981481207
1960,215.0,209.0195489357139,424.01954893571394,1.0386734286208537,1218.7492100162096,9.858484533208184
1961,215.0,217.19785480015165,432.1978548001516,1.0273688805761167,1228.9822311031348,10.233021086925191
1962,215.0,219.56395886153115,434.56395886153115,1.0286336117988735,1239.0266218443892,10.044390741254347
1963,215.0,228.84668643822317,443.8466864382232,1.0303815209511082,1251.2605915377221,12.233969693332938
1964,215.0,229.50010189421624,444.50010189421624,1.0388161109745009,1263.3501724212551,12.089580883533017
1965,215.0,235.90870547411788,450.9087054741179,1.0466500135860857,1277.1605658918181,13.810393470562985
1966,215.0,239.84754446408272,454.8475444640827,1.0309948094306236,1288.9596101549828,11.79904426316466
1967,215.0,246.1682099782135,461.1682099782135,1.0343317923476247,1301.9709738682232,13.011363713240371
1968,215.0,249.46403999922154,464.46403999922154,1.0390130401356572,1315.2224996831894,13.251525814966271
1969,215.0,253.6083644302704,468.6083644302704,1.03733064240917,1328.2118946407115,12.989394957522109
1970,215.0,259.1389110669947,474.1389110669947,1.044520863970062,1342.5019055420767,14.290010901365122
1971,215.0,264.2792956760135,479.2792956760135,1.0311148875281522,1355.305687600052,12.80378205797524
1972,215.0,272.45721733515404,487.45721733515404,1.0410234769727889,1370.6688911463577,15.36320354630584
1973,215.0,275.97436854007793,490.97436854007793,1.0237676802553786,1383.343460460146,12.674569313788197
1974,215.0,277.58300816315733,492.58300816315733,1.0255205419074267,1395.388966168426,12.045505708279961
1975,215.0,278.92569799309183,493.92569799309183,1.0294434565934747,1407.0719939582089,11.683027789782955
1976,215.0,286.19073893967834,501.19073893967834,1.0411371895645516,1421.411453755801,14.339459797592099
1977,215.0,290.52582612135245,505.52582612135245,1.04310064917037,1435.894293665049,14.482839909248014
1978,215.0,292.98308376747053,507.98308376747053,1.038188476513601,1448.9844116347572,13.090117969708217
1979,215.0,298.58114099630916,513.5811409963092,1.0481297495588873,1463.825131453266,14.840719818508887
1980,215.0,300.435685537013,515.435685537013,1.054811359742319,1478.5600014403071,14.734869987041066
1981,215.0,296.68287020073063,511.68287020073063,1.0453494500609413,1489.2125830634554,10.652581623148308
1982,215.0,304.65710214976906,519.6571021497691,1.0607031737894599,1503.4085741500944,14.19599108663897
1983,215.0,298.6784287123529,513.6784287123529,1.0432038431370887,1511.7507969268659,8.34222277677145
1984,215.0,302.2370817851458,517.2370817851458,1.0308940203039962,1518.6677320288436,6.916935101977742
1985,215.0,302.9504467045176,517.9504467045176,1.024425100745979,1524.149784957653,5.48205292880948
1986,215.0,308.4034370412448,523.4034370412448,1.0354513129905416,1532.405160585477,8.255375627823923
1987,215.0,312.778527186872,527.778527186872,1.0403399650985459,1541.903937665487,9.498777080010086
1988,215.0,316.78079953316467,531.7807995331647,1.0222870139004354,1549.1226216804562,7.218684014969085
1989,215.0,320.55968800249383,535.5596880024939,1.0267543659990674,1557.4537401638318,8.331118483375576
1990,215.0,323.79183660072556,538.7918366007256,1.030736205492146,1566.5247215457803,9.070981381948513
1991,215.0,335.4818104403371,550.4818104403371,1.0498448088618946,1581.2265888417105,14.701867295930242
1992,215.0,316.3955526293896,531.3955526293896,1.0436593028024648,1587.1142169464197,5.887628104709165
1993,215.0,315.00618740051794,530.006187400518,1.0224136274039968,1588.7910446341427,1.676827687723062
1994,215.0,322.1935623385285,537.1935623385285,1.0257079106974367,1593.163924215232,4.372879581089364
1995,215.0,309.8613907722203,524.8613907722204,1.006485120188085,1590.0432270644772,-3.1206971507549497
1996,215.0,309.1011425162106,524.1011425162105,1.0050644518952168,1586.7984322040331,-3.244794860444017
1997,215.0,332.86,547.86,1.0260210342142024,1594.9822493278432,8.183817123810059
1998,215.0,317.28000000000003,532.28,1.0215154558941881,1596.4149017180468,1.432652390203657
1999,215.0,311.53999999999996,526.54,0.9979967817046644,1592.1659834833556,-4.248918234691246
2000,225.33464648533754,309.38,534.7146464853375,1.0,1591.4211760279468,-0.744807455408818
2001,213.90725818028523,313.65,527.5572581802852,1.004280591928866,1589.0491687874237,-2.3720072405230894
2002,206.08713084067384,324.65000000000003,530.7371308406739,1.0092659254714755,1588.7655533443624,-0.2836154430613078
2003,209.0015641978755,326.12,535.1215641978755,1.0091672020984297,1589.9546711965538,1.1891178521914298
2004,211.85378132861666,330.53000000000003,542.3837813286167,1.0045178825485648,1592.7066825572492,2.7520113606954055
2005,218.12985384089802,334.55,552.679853840898,1.001520616854982,1598.103887883526,5.3972053262768895
2006,219.0184620026358,340.45,559.4684620026358,0.9963837241195741,1604.3418704053195,6.237982521793356
2007,216.66730312367744,336.24,552.9073031236775,1.0019042846930941,1608.5737748770803,4.231904471760799
2008,219.12283847034666,335.67,554.7928384703466,0.9845580445936346,1610.178658967221,1.6048840901407857
2009,222.3235176760374,339.88,562.2035176760373,0.9914712628139848,1615.180908376985,5.002249409763863
2010,226.60960973237948,341.18,567.7896097323795,0.979929226472326,1619.5864217225771,4.405513345592226
2011,221.89235666632754,342.69,564.5823566663275,0.979929226472326,1622.4265848619516,2.8401631393744537
2012,216.87255692976458,348.16,565.0325569297646,0.979929226472326,1625.0926735734076,2.666088711456041
2013,225.04080496585394,348.96,574.000804965854,0.979929226472326,1630.4296265333219,5.3369529599142425
2014,224.25213535169536,357.09000000000003,581.3421353516953,0.979929226472326,1637.5937437896832,7.164117256361351
2015,222.68572023447146,365.45,588.1357202344715,0.979929226472326,1646.195312524469,8.601568734785815
2016,227.65943387735993,358.0,585.6594338773599,0.979929226472326,1652.9961906247775,6.80087810030841
2017,230.3672479145878,360.73,591.0972479145878,0.979929226472326,1660.8262211287397,7.830030503962234
2018,230.83945968551512,362.77000000000004,593.6094596855152,0.979929226472326,1668.5979089036018,7.77168777486213
2019,237.65747052156087,371.87,609.5274705215609,0.979929226472326,1680.7640995013448,12.166190597743025
2020,237.0142281363306,367.56,604.5742281363306,0.979929226472326,1689.9022077782072,9.13810827686234
