,natemis,Antr+BB,Totemis,ch4lifetime_fact,Conc,Trend
1950,215.0,140.0104525128931,355.0104525128931,1.0247219712311393,1151.0302561552483,
1951,215.0,155.2647590189582,370.2647590189582,1.0244368393312933,1147.7733879284729,-3.2568682267753957
1952,215.0,160.56519897750266,375.56519897750263,1.0241517074314475,1146.6052796514655,-1.1681082770073772
1953,215.0,165.67239729952678,380.6723972995268,1.0238665755316017,1147.2324263851046,0.6271467336391652
1954,215.0,170.3596523094297,385.3596523094297,1.0235814436317556,1149.318049714765,2.085623329660393
1955,215.0,174.7266808075245,389.72668080752453,1.0232963117319098,1152.59538562074,3.277335905974951
1956,215.0,180.6573371490168,395.6573371490168,1.023011179832064,1157.4530542998452,4.857668679105245
1957,215.0,186.04093508154867,401.0409350815487,1.0227260479322182,1163.5352860557607,6.082231755915473
1958,215.0,188.36536028264797,403.365360282648,1.0224409160323724,1169.6903299966532,6.155043940892483
1959,215.0,192.664060295518,407.66406029551797,1.0221557841325264,1176.5660377344532,6.875707737799985
1960,215.0,197.23630741186156,412.23630741186156,1.0218706522326806,1184.1736963264175,7.607658591964309
1961,215.0,205.11807849022705,420.11807849022705,1.0215855203328348,1193.5323536643305,9.358657337912973
1962,215.0,207.1876477655343,422.1876477655343,1.021300388432989,1202.5170937688258,8.984740104495359
1963,215.0,216.17384055615415,431.1738405561541,1.021015256533143,1213.467360718501,10.950266949675097
1964,215.0,216.530721226075,431.530721226075,1.0207301246332972,1223.2982275672089,9.830866848707956
1965,215.0,222.6427900199044,437.6427900199044,1.0204449927334514,1234.0451138987867,10.746886331577798
1966,215.0,226.28509422379705,441.28509422379705,1.0201598608336055,1244.7857423314767,10.740628432690073
1967,215.0,232.3092249518556,447.30922495185564,1.0198747289337597,1256.3117812322137,11.526038900736921
1968,215.0,235.30852018679144,450.30852018679144,1.0195895970339137,1267.5308055370233,11.219024304809636
1969,215.0,239.15630983176808,454.1563098317681,1.019304465134068,1278.7580020937055,11.227196556682202
1970,215.0,244.39032168242014,459.3903216824201,1.0190193332342221,1290.4525229697108,11.6945208760053
1971,215.0,249.2500236569801,464.2500236569801,1.0199605556308,1302.5882726460527,12.135749676341902
1972,215.0,257.1728277174416,472.1728277174416,1.0209017780273781,1316.1366345120034,13.54836186595071
1973,215.0,260.25257580258824,475.25257580258824,1.021843000423956,1329.334608639279,13.197974127275529
1974,215.0,261.75608614159665,476.75608614159665,1.0227842228205342,1341.698937012471,12.364328373192166
1975,215.0,262.9879199985267,477.9879199985267,1.0237254452171123,1353.232909103135,11.533972090663838
1976,215.0,269.88077697352765,484.88077697352765,1.0246666676136902,1365.9113632041976,12.678454101062698
1977,215.0,273.963154930751,488.963154930751,1.0256078900102683,1378.6764201489812,12.76505694478351
1978,215.0,276.2604287421843,491.2604287421843,1.0265491124068462,1390.9271533147353,12.250733165754127
1979,215.0,281.5334355614996,496.5334355614996,1.0274903348034243,1403.7111721264234,12.784018811688156
1980,215.0,283.2799933041633,498.2799933041633,1.0284315572000022,1415.7996339640779,12.08846183765445
1981,215.0,279.7228833024812,494.7228833024812,1.0283999636415508,1425.3786691200426,9.579035155964675
1982,215.0,287.61463066683257,502.61463066683257,1.0283683700830994,1436.5292705923919,11.150601472349308
1983,215.0,281.5577046073275,496.5577046073275,1.0283367765246483,1444.441806135413,7.912535543021022
1984,215.0,284.9536362831875,499.9536362831875,1.0283051829661969,1452.6133836234997,8.171577488086768
1985,215.0,285.63759742417085,500.63759742417085,1.0282735894077457,1460.1139450834291,7.500561459929486
1986,215.0,290.77781253724584,505.77781253724584,1.028241995849294,1468.4984662240433,8.384521140614197
1987,215.0,295.02494838641707,510.02494838641707,1.0282104022908427,1477.3732429328525,8.874776708809122
1988,215.0,298.6755905767461,513.6755905767461,1.0281788087323915,1486.48625585491,9.113012922057578
1989,215.0,302.17109081824873,517.1710908182488,1.0281472151739401,1495.759799969273,9.273544114362949
1990,207.13777445155313,305.2999200711051,512.4376945226581,1.0281156216154888,1502.4403627786216,6.6805628093486575
1991,206.4189161040385,318.81183287573293,525.2307489797714,1.0253040594539398,1512.247697145112,9.807334366490295
1992,194.53550769894048,299.49068782266335,494.0261955216038,1.022492497292391,1510.2074819911104,-2.040215154001544
1993,199.9311640200513,299.5481852918242,499.4793493118755,1.019680935130842,1509.8036960967218,-0.40378589438864765
1994,202.9940352402028,310.39650696329267,513.3905422034954,1.0168693729692933,1513.6645702033331,3.8608741066113907
1995,197.44693511447778,305.56039716107193,503.00733227554974,1.0140578108077443,1513.2431745101946,-0.4213956931384928
1996,207.20103192719466,307.45705920620384,514.6580911333986,1.0112462486461955,1516.3310966186702,3.0879221084755955
1997,217.73968242650653,331.457796516877,549.1974789433835,1.0084346864846467,1530.13756979141,13.806473172739743
1998,212.1138313815474,315.50915615703855,527.6229875385859,1.0056231243230978,1534.8253071499644,4.6877373585543864
1999,216.99656031183122,309.5890972813972,526.5856575932285,1.0028115621615488,1538.2251865215621,3.3998793715977627
2000,224.30553653458136,310.3755556419565,534.6810921765378,1.0,1543.5090015933654,5.283815071803247
2001,212.51997324232056,313.1005194228316,525.6204926651521,0.9972303853728057,1544.771755038479,1.2627534451135034
2002,212.1704320233259,322.47491151980734,534.6453435431332,0.9944607707456116,1548.4644999927182,3.692744954239288
2003,211.94485638005466,328.33133481161764,540.2761911916723,0.9916911561184175,1553.183149732682,4.718649739963894
2004,211.43839792487432,339.1599047856282,550.5983027105026,0.9889215414912234,1560.3636933417731,7.180543609091046
2005,214.9095743035305,346.62478641877203,561.5343607223025,0.9861519268640292,1569.9252074551814,9.561514113408293
2006,211.9578219242644,356.7053574534424,568.6631793777068,0.9833823122368349,1580.3272624620959,10.402055006914452
2007,220.7534076670482,355.2617524896731,576.0151601567213,0.9806126976096409,1591.5401109475808,11.212848485484983
2008,226.26119336847543,360.75844432030715,587.0196376887826,0.9862691313599595,1606.0445320839297,14.50442113634881
2009,227.79548429501534,364.45377111581536,592.2492554108308,0.9919255651102782,1621.5572634262214,15.512731342291772
2010,222.70559512358187,371.1593157300012,593.8649108535831,0.9975819988605968,1636.7720325820403,15.214769155818885
2011,231.1165900907369,372.924998542445,604.0415886331818,0.9982952851331266,1653.7738774738045,17.00184489176422
2012,214.23806968250926,381.0856580369786,595.3237277194878,0.9990085714056565,1666.091789702907,12.317912229102376
2013,219.16898297119255,381.87778643760544,601.046769408798,0.9997218576781862,1679.0466789114348,12.954889208527902
2014,228.10570225698547,388.1687589286987,616.2744611856842,1.000435143950716,1695.7245589421098,16.67788003067494
2015,219.00148484941846,398.732,617.7334848494185,0.99758407518491,1710.5421353454678,14.817576403358089
2016,213.7915772904531,390.97880000000004,604.7703772904531,0.9947330064191041,1718.9100478479402,8.367912502472336
2017,220.463654903922,393.4056,613.869254903922,0.9918819376532981,1728.8678102192719,9.957762371331683
2018,222.41348146598264,395.1424,617.5558814659827,0.9952698352126487,1739.5109277676152,10.643117548343298
2019,219.24138085349597,403.9392,623.1805808534959,0.9986577327719993,1751.4089530563267,11.898025288711551
2020,215.0,399.326,614.326,1.0208161755200762,1762.7850746616416,11.376121605314893
