,natemis,Antr+BB,Totemis,ch4lifetime_fact,Conc,Trend
1950,215.0,163.598,378.598,0.9900099900099899,1154.9761867329557,
1951,215.0,178.6518045817319,393.6518045817319,0.9900099900099899,1155.2045748047992,0.22838807184348298
1952,215.0,183.7517426159432,398.75174261594316,0.9900099900099899,1157.0995332672792,1.8949584624799627
1953,215.0,188.65843901363414,403.65843901363417,0.9900099900099899,1160.4087760275638,3.309242760284633
1954,215.0,193.14519209920383,408.1451920992038,0.9900099900099899,1164.8332725311604,4.424496503596629
1955,215.0,197.31171867296544,412.3117186729654,0.9900099900099899,1170.140843598488,5.307571067327444
1956,215.0,203.04187309012457,418.04187309012457,0.9900099900099899,1176.7506593417656,6.60981574327775
1957,215.0,208.22496909832324,423.22496909832324,0.9900099900099899,1184.334157142472,7.583497800706255
1958,215.0,210.34889237508935,425.34889237508935,0.9900099900099899,1191.7662537249666,7.432096582494751
1959,215.0,214.44709046362615,429.4470904636262,0.9900099900099899,1199.7191832885476,7.952929563580938
1960,215.0,218.81883565563655,433.8188356556366,0.9900099900099899,1208.224915621928,8.505732333380365
1961,215.0,224.59797580858205,439.5979758085821,0.9832246039142591,1216.8581865400004,8.633270918072412
1962,215.0,224.56491415846932,439.5649141584693,0.9828209764918625,1224.4501673217223,7.591980781721986
1963,215.0,231.44847602366914,446.4484760236692,0.9808988764044944,1233.2227175728265,8.772550251104121
1964,215.0,229.70272576816996,444.70272576816996,0.9943820224719102,1242.0971589525175,8.874441379691007
1965,215.0,233.7121636365794,448.71216363657936,0.9990958408679929,1251.8851315171466,9.787972564629172
1966,215.0,235.251836915052,450.25183691505197,0.9891500904159132,1259.8459945048348,7.960862987688188
1967,215.0,239.17333671769057,454.1733367176906,0.9945750452079567,1268.8931725874359,9.047178082601022
1968,215.0,240.0700010272064,455.0700010272064,0.9936708860759491,1277.106017294227,8.212844706791202
1969,215.0,241.81515974676304,456.815159746763,0.9850885368126747,1283.8711827200282,6.765165425801115
1970,215.0,244.94654067199508,459.9465406719951,1.0018083182640147,1293.0509522544933,9.179769534465095
1971,215.0,248.76207785759098,463.76207785759095,0.9891500904159132,1300.843741875906,7.792789621412794
1972,215.0,256.04497069059664,471.04497069059664,0.9990958408679929,1311.4632916002945,10.619549724388435
1973,215.0,255.60237187520235,470.6023718752024,0.9850885368126747,1318.9073455173495,7.444053917055044
1974,215.0,258.8376989548787,473.8376989548787,0.9898876404494381,1327.2199422197903,8.312596702440715
1975,215.0,261.71079484263964,476.71079484263964,0.9963833634719712,1336.4084939353106,9.188551715520362
1976,215.0,266.11259910976634,481.11259910976634,1.0081374321880652,1347.5686243497478,11.160130414437162
1977,215.0,269.5931488630674,484.5931488630674,1.0055917986952472,1358.3096711379478,10.741046788200038
1978,215.0,272.7548380298701,487.7548380298701,1.015370705244123,1370.187480189071,11.877809051123222
1979,215.0,276.282103452212,491.282103452212,1.011754068716094,1381.447787824209,11.260307635137906
1980,215.0,279.7152927768357,494.7152927768357,1.014911463187325,1393.0191899383947,11.57140211418573
1981,215.0,281.48962262623303,496.48962262623303,1.011183597390494,1403.4009153653562,10.381725426961566
1982,215.0,290.3138617386215,505.3138617386215,1.0195712954333644,1416.689800231267,13.288884865910859
1983,215.0,285.25634640067585,500.25634640067585,1.0074557315936628,1425.1855861356657,8.495785904398645
1984,215.0,288.3160050399723,503.3160050399723,1.0027958993476236,1433.1043704412177,7.918784305551981
1985,215.0,290.7718115359584,505.7718115359584,0.9900542495479203,1439.1433164115945,6.038945970376744
1986,215.0,293.2029897176004,508.2029897176004,1.0027958993476236,1447.1256074702462,7.982291058651754
1987,215.0,297.6636160553672,512.6636160553671,1.0027124773960217,1455.6855298452774,8.559922375031192
1988,215.0,297.990817919549,512.990817919549,0.9953401677539611,1462.338993368602,6.65346352332449
1989,215.0,299.2419704961214,514.2419704961214,1.0041493775933612,1469.928932893341,7.589939524739066
1990,195.859372138931,302.9738366007256,498.8332087396566,1.007233273056058,1471.9956216988842,2.066688805543208
1991,196.4677865234781,316.0443104403371,512.5120969638152,1.0144665461121156,1479.4019761460786,7.406354447194417
1992,186.22954503459533,298.3385526293896,484.56809766398493,1.011183597390494,1476.2395332808935,-3.162442865185085
1993,187.33483185418655,298.32968740051797,485.6645192547045,1.0027958993476236,1472.5936690136589,-3.6458642672346286
1994,194.24032411385,306.8975623385286,501.13788645237855,1.0009319664492078,1474.22434419872,1.6306751850611363
1995,196.26542045954338,295.94589077222037,492.2113112317637,0.988245931283906,1470.8538185462874,-3.3705256524326614
1996,208.3748607752008,293.32614251621055,501.7010032914113,0.9953401677539611,1472.054887683497,1.2010691372097426
1997,210.57397740266572,315.2255,525.7994774026657,0.9981916817359855,1481.5362194165848,9.4813317330877
1998,209.1911838875435,297.786,506.9771838875435,0.9960567823343849,1483.3931014512766,1.8568820346918073
1999,217.52201870655188,290.18649999999997,507.70851870655184,0.985307621671258,1483.6885282059459,0.29542675466927903
2000,223.5473177914537,286.167,509.7143177914537,1.0,1486.7896174424045,3.10108923645862
2001,208.76739978844725,293.96279999999996,502.7301997884472,0.9924026590693258,1486.1070038330852,-0.6826136093193327
2002,212.5426383460839,308.4886,521.0312383460839,0.9933523266856601,1491.7158859395483,5.60888210646317
2003,209.4704631541179,313.4844,522.9548631541179,0.9895536562203229,1496.7647065922706,5.04882065272227
2004,218.0441344921813,321.4202,539.4643344921814,0.9925442684063377,1507.1706402014306,10.405933609160002
2005,209.43411713475498,328.966,538.400117134755,0.9870129870129869,1515.2131780542486,8.042537852817986
2006,219.66477835127023,339.5914,559.2561783512703,0.986013986013986,1529.1117777321706,13.898599677921993
2007,218.52915094169083,340.1068,558.6359509416909,0.986013986013986,1541.230152880678,12.118375148507312
2008,220.73970219562665,344.2622,565.0019021956266,0.9687203791469194,1551.3396588684498,10.109505987771854
2009,225.16131562752406,353.1976,578.3589156275241,0.9696969696969695,1564.8732766965231,13.533617828073375
2010,222.0698885088719,359.223,581.2928885088719,0.9658767772511849,1577.1965541249717,12.323277428448591
2011,236.78903992011058,364.4245,601.2135399201106,0.9658767772511849,1594.7017247580222,17.50517063305051
2012,215.0776771228679,373.586,588.663677122868,0.9658767772511849,1606.0305672574382,11.328842499415941
2013,213.66667097656892,378.0775,591.744170976569,0.9658767772511849,1617.0748728754688,11.044305618030648
2014,220.38733015363204,389.899,610.286330153632,0.9658767772511849,1632.9916023648016,15.916729489332738
2015,214.02416939645465,401.9505,615.9746693964546,0.9658767772511849,1648.959392333615,15.96778996881335
2016,204.99377754132416,399.27200000000005,604.2657775413243,0.9658767772511849,1659.206717375391,10.247325041776094
2017,218.8150981385997,406.7735,625.5885981385998,0.9658767772511849,1675.339847174596,16.13312979920488
2018,219.12510429468114,413.58500000000004,632.7101042946812,0.9658767772511849,1691.974069087948,16.63422191335212
2019,214.5585473649176,427.4565,642.0150473649176,0.9658767772511849,1709.7752571470976,17.80118805914958
2020,215.0,427.918,642.918,0.9658767772511849,1725.8244233998112,16.049166252713576
