,natemis,Antr+BB,Totemis,ch4lifetime_fact,Conc,Trend
1950,215.0,165.44423622518232,380.4442362251823,1.1198738170347002,1168.9830164644,
1951,215.0,181.5398843317661,396.5398843317661,1.1198738170347002,1182.10862089912,13.125604434720117
1952,215.0,187.68166589082924,402.6816658908292,1.1198738170347002,1195.9455568021067,13.836935902986625
1953,215.0,193.63020581337207,408.6302058133721,1.1198738170347002,1210.3567490935725,14.411192291465795
1954,215.0,199.15880242379365,414.15880242379365,1.1198738170347002,1225.14342618526,14.78667709168758
1955,215.0,204.36717252240715,419.36717252240715,1.1198738170347002,1240.1603823089044,15.016956123644377
1956,215.0,211.13917046441813,426.13917046441816,1.1198738170347002,1255.906112826935,15.745730518030541
1957,215.0,217.36410999746863,432.36410999746863,1.1198738170347002,1272.12364838491,16.217535557974998
1958,215.0,220.52987679908665,435.52987679908665,1.1198738170347002,1287.743613209844,15.619964824933959
1959,215.0,225.6699184124753,440.66991841247534,1.1198738170347002,1303.4860406871871,15.742427477343199
1960,215.0,231.08350712933756,446.0835071293376,1.1198738170347002,1319.4297564216458,15.943715734458692
1961,215.0,239.81707031491294,454.81707031491294,1.113564668769716,1335.999004039784,16.569247618138206
1962,215.0,242.73843169743012,457.7384316974301,1.1159305993690851,1352.0978280080956,16.098823968311535
1963,215.0,252.57641659525984,467.57641659525984,1.1175078864353312,1370.0033224035428,17.90549439544725
1964,215.0,253.78508937239053,468.78508937239053,1.1190851735015772,1386.6542111566282,16.650888753085383
1965,215.0,260.7489502734299,475.7489502734299,1.1175078864353312,1403.756370547861,17.102159391232817
1966,215.0,265.2430465845324,480.2430465845324,1.1064668769716088,1419.3660756309594,15.609705083098333
1967,215.0,272.1189694198009,487.1189694198009,1.1056782334384858,1435.5708755399753,16.204799909015946
1968,215.0,275.9700567619466,490.9700567619466,1.1054131054131053,1451.3591527381016,15.788277198126252
1969,215.0,280.66963851413317,495.66963851413317,1.0962145110410093,1465.994421619717,14.635268881615502
1970,215.0,286.7554424719951,501.7554424719951,1.1017350157728707,1481.8047907288326,15.810369109115527
1971,215.0,296.29479715759095,511.29479715759095,1.107312440645774,1499.8354550110703,18.030664282237694
1972,215.0,309.7925504905967,524.7925504905967,1.0949667616334284,1518.9959053834614,19.160450372391097
1973,215.0,321.5097804752024,536.5097804752024,1.0864197530864197,1538.9888375828045,19.99293219934316
1974,215.0,323.90781625487864,538.9078162548786,1.092117758784425,1558.423940461222,19.43510287841741
1975,215.0,317.6599241426396,532.6599241426396,1.0892687559354226,1573.3818842445899,14.95794378336791
1976,215.0,332.4310155097663,547.4310155097663,1.090218423551757,1591.8284382814106,18.44655403682077
1977,215.0,331.86937666306744,546.8693766630674,1.0816714150047484,1607.0204724006467,15.192034119236041
1978,215.0,341.8147800298701,556.8147800298701,1.0721747388414056,1622.6286797863668,15.608207385720107
1979,215.0,343.8016532522121,558.8016532522121,1.0796529968454258,1638.2870132521298,15.658333465763008
1980,215.0,336.43435957683573,551.4343595768357,1.0978157644824313,1652.3302029214583,14.043189669328513
1981,215.0,319.944026226233,534.9440262262331,1.0788224121557457,1656.7991313805262,4.468928459067911
1982,215.0,325.4862880386215,540.4862880386215,1.0858490566037737,1663.6268040518191,6.82767267129293
1983,215.0,314.78340390067586,529.7834039006759,1.0683760683760681,1663.7011729140443,0.0743688622251284
1984,215.0,313.6218524399723,528.6218524399724,1.0826210826210825,1665.400904281744,1.6997313676997692
1985,215.0,312.6892946359584,527.6892946359584,1.0759734093067426,1665.6743227619136,0.2734184801695392
1986,215.0,315.3279750176004,530.3279750176005,1.0664767331433995,1665.439396525799,-0.23492623611446106
1987,215.0,317.2485140553672,532.2485140553672,1.0597156398104266,1664.8875403642226,-0.551856161576552
1988,215.0,321.411691319549,536.4116913195489,1.056980056980057,1665.3802058721649,0.4926655079423199
1989,215.0,324.1105786961214,539.1105786961214,1.0503323836657168,1665.7364274782353,0.3562216060704486
1990,215.0,328.0908796007256,543.0908796007257,1.0556603773584907,1668.1677759387255,2.4313484604901987
1991,215.0,341.6898806403371,556.6898806403372,1.0797752808988763,1678.3525979788965,10.184822040170957
1992,215.0,321.75928362938964,536.7592836293896,1.074688796680498,1680.0990286265503,1.746430647653824
1993,215.0,320.736322800518,535.736322800518,1.0382022471910113,1675.9117921688483,-4.187236457702056
1994,215.0,332.26831963852857,547.2683196385285,1.053932584269663,1678.3877466999038,2.4759545310555495
1995,215.0,324.2177472722203,539.2177472722203,1.0258426966292136,1673.6304837472517,-4.757262952652127
1996,215.0,327.5188030162106,542.5188030162105,1.0126182965299684,1668.400194075105,-5.230289672146682
1997,215.0,350.5117382000001,565.5117382000001,1.0674157303370786,1679.7304959719027,11.330301896797664
1998,215.0,330.2514803,545.2514803,1.0443396226415094,1679.6839669237265,-0.0465290481761258
1999,215.0,321.97082819999997,536.9708281999999,1.0058091286307054,1670.8390592901585,-8.844907633568027
2000,214.54182802451348,321.0746415,535.6164695245135,1.0,1661.584624122871,-9.254435167287511
2001,214.1563307106119,322.0038254,536.1601561106119,1.0141509433962264,1655.8200229335534,-5.7646011893175455
2002,210.9910221949882,329.2447249,540.2357470949883,1.02909796314258,1654.3773404166507,-1.442682516902778
2003,216.58474794423114,336.95281180000006,553.5375597442312,1.0404494382022471,1659.2429388795965,4.865598462945854
2004,214.9715301815769,346.8821553,561.8536854815769,1.0337078651685394,1665.3222842214047,6.079345341808221
2005,211.68655777411277,351.53041470000005,563.2169724741128,1.0112359550561796,1667.667936665448,2.345652444043253
2006,215.33501141148187,361.5815305,576.9165419114819,1.0146067415730338,1674.843967541247,7.176030875798915
2007,221.73297175848361,357.22785230000005,578.9608240584837,1.0258426966292136,1683.6872992347544,8.84333169350748
2008,222.4890299842028,358.4336323,580.9226622842028,1.0,1688.0363323298427,4.349033095088316
2009,221.62496344052374,359.7836666,581.4086300405238,1.0078651685393258,1693.3557215462042,5.319389216361515
2010,229.6133484279244,365.82240210000003,595.4357505279245,1.0024896265560168,1701.8547883321392,8.499066785934929
2011,225.50885967028023,367.0318972,592.5407568702802,1.0024896265560168,1708.4428780508076,6.588089718668471
2012,223.21279795339362,370.96316160000003,594.1759595533937,1.0024896265560168,1714.8377833101197,6.394905259312054
2013,225.03624773381947,370.2459324,595.2821801338195,1.0024896265560168,1720.88544125405,6.0476579439302895
2014,224.39070161600486,377.00284780000004,601.3935494160049,1.0024896265560168,1728.286621315618,7.401180061568084
2015,218.5213862976749,381.5206772,600.0420634976749,1.0024896265560168,1734.4120269644818,6.125405648863762
2016,232.2276504805425,369.4090335000001,601.6366839805426,1.0024896265560168,1740.3824733001131,5.970446335631323
2017,232.8928815675776,370.1151464,603.0080279675776,1.0024896265560168,1746.1411362204053,5.758662920292181
2018,231.29149205397255,373.18654800000013,604.4780400539727,1.0024896265560168,1751.7444434070112,5.603307186605889
2019,231.55775716395522,381.5144058,613.0721629639552,1.0024896265560168,1759.5753270956877,7.830883688676522
2020,236.7967217793075,375.00440580000003,611.8011275793075,1.0024896265560168,1766.1091348211696,6.533807725481893
