,natemis,Antr+BB,Totemis,ch4lifetime_fact,Conc,Trend
1950,215.0,165.44423622518232,380.4442362251823,1.0488608866700293,1162.0496780388985,
1951,215.0,181.5398843317661,396.5398843317661,1.0455466626386185,1168.5763025010729,6.526624462174368
1952,215.0,187.68166589082924,402.6816658908292,1.0435105097854591,1176.2267619309298,7.650459429856937
1953,215.0,193.63020581337207,408.6302058133721,1.0405455939203825,1184.7120367592545,8.485274828324691
1954,215.0,199.15880242379365,414.15880242379365,1.044295794488673,1194.521180592212,9.809143832957488
1955,215.0,204.36717252240715,419.36717252240715,1.037508489961066,1204.2638550490603,9.742674456848363
1956,215.0,211.13917046441813,426.13917046441816,1.028116236302615,1214.1529420925074,9.889087043447034
1957,215.0,217.36410999746863,432.36410999746863,1.0421601616543277,1226.6030294650366,12.450087372529197
1958,215.0,220.52987679908665,435.52987679908665,1.048657602665344,1239.480666149451,12.877636684414483
1959,215.0,225.6699184124753,440.66991841247534,1.036391182649435,1251.298277714563,11.817611565111974
1960,215.0,231.08350712933756,446.0835071293376,1.0366828171259594,1263.665304264207,12.367026549643924
1961,215.0,239.81707031491294,454.81707031491294,1.0360169714873653,1277.5154929016514,13.85018863744449
1962,215.0,242.73843169743012,457.7384316974301,1.0483804322861743,1292.270549220514,14.755056318862671
1963,215.0,252.57641659525984,467.57641659525984,1.0443546910580446,1308.239836068142,15.969286847627927
1964,215.0,253.78508937239053,468.78508937239053,1.0448466365780047,1322.9444722235564,14.704636155414391
1965,215.0,260.7489502734299,475.7489502734299,1.0416887487729276,1337.9982205733304,15.053748349773969
1966,215.0,265.2430465845324,480.2430465845324,1.045021997433171,1353.322998508628,15.324777935297561
1967,215.0,272.1189694198009,487.1189694198009,1.0453696087467055,1369.3236177398426,16.000619231214614
1968,215.0,275.9700567619466,490.9700567619466,1.0399298066040126,1384.2001681711142,14.876550431271653
1969,215.0,280.66963851413317,495.66963851413317,1.044521823964872,1399.606505759368,15.406337588253791
1970,215.0,286.7554424719951,501.7554424719951,1.0439258467327728,1415.2978832236897,15.691377464321704
1971,215.0,296.29479715759095,511.29479715759095,1.0436193741341604,1432.4280389493324,17.13015572564268
1972,215.0,309.7925504905967,524.7925504905967,1.0520906785217377,1453.2934933169897,20.86545436765732
1973,215.0,321.5097804752024,536.5097804752024,1.0403958536106162,1474.2781296668054,20.984636349815673
1974,215.0,323.90781625487864,538.9078162548786,1.035825630675854,1493.1669873410433,18.888857674237897
1975,215.0,317.6599241426396,532.6599241426396,1.0405937531705223,1508.5767610048717,15.409773663828446
1976,215.0,332.4310155097663,547.4310155097663,1.0471224324819541,1528.1262897350673,19.54952873019556
1977,215.0,331.86937666306744,546.8693766630674,1.0411935162013237,1544.558869916311,16.432580181243793
1978,215.0,341.8147800298701,556.8147800298701,1.039175143440748,1562.2351464166295,17.67627650031841
1979,215.0,343.8016532522121,558.8016532522121,1.0376285224625028,1578.433200968442,16.198054551812447
1980,210.94999730878948,336.43435957683573,547.3843568856253,1.046993032958082,1590.418430854799,11.985229886357047
1981,207.46940093654123,319.944026226233,527.4134271627743,1.057235362607005,1595.9171242403181,5.498693385519118
1982,196.9955325905592,325.4862880386215,522.4818206291807,1.0571718977688278,1599.1769329786928,3.259808738374659
1983,201.33424834490552,314.78340390067586,516.1176522455814,1.059741846409663,1600.330723470949,1.153790492256121
1984,214.1098013886646,313.6218524399723,527.7316538286369,1.0468082345506051,1603.3887622851814,3.058038814232532
1985,211.68781958124762,312.6892946359584,524.377114217206,1.0438054769311433,1604.5668468942386,1.178084609057123
1986,211.8802949566715,315.3279750176004,527.2082699742718,1.049246969643094,1607.3450034740915,2.7781565798529755
1987,203.0665267237203,317.2485140553672,520.3150407790874,1.040268768905054,1606.228830160154,-1.116173313937452
1988,213.4200979600624,321.411691319549,534.8317892796114,1.0374802786999169,1609.6539943894627,3.4251642293086206
1989,215.39297055815703,324.1105786961214,539.5035492542785,1.0428034452743942,1615.0417233283536,5.387728938890859
1990,213.067226438452,328.0908796007256,541.1581060391776,1.0438158204508707,1620.5452757398868,5.503552411533292
1991,208.59217395984714,341.6898806403371,550.2820546001842,1.044515988674617,1628.5924503776566,8.047174637769785
1992,188.55869530114643,321.75928362938964,510.31797893053607,1.0373376907957834,1621.4133984091363,-7.179051968520298
1993,202.27256580009686,320.736322800518,523.0088886006149,1.0235051451726433,1617.159674416748,-4.253723992388359
1994,205.68900371387048,332.26831963852857,537.957323352399,1.025931824493182,1618.709728409796,1.5500539930480954
1995,201.59890198611336,324.2177472722203,525.8166492583337,1.0098251171866819,1613.5829315228282,-5.126796886967895
1996,211.8482157274342,327.5188030162106,539.3670187436448,1.0059472571608135,1612.9214764066523,-0.66145511617583
1997,205.35217180687872,350.5117382000001,555.8639100068788,1.0155065898427584,1619.298447081615,6.376970674962649
1998,214.55891059798697,330.2514803,544.810390897987,1.0260604213678781,1622.9117292893516,3.6132822077365745
1999,223.82980784756984,321.97082819999997,545.8006360475698,0.9977243350302163,1622.0414977071512,-0.8702315822004039
2000,220.46950858496152,321.0746415,541.5441500849615,1.0,1620.2189827578031,-1.822514949348033
2001,217.96732870445126,322.0038254,539.9711541044512,0.9976712650532031,1617.7071317603709,-2.511850997432248
2002,212.04069110285803,329.2447249,541.285416002858,0.9898186618728184,1614.6512830049498,-3.0558487554210387
2003,215.0561386511653,336.95281180000006,552.0089504511653,0.994865821953046,1616.311795675069,1.6605126701192603
2004,213.89326659131277,346.8821553,560.7754218913128,0.9830062724148221,1618.7691839747263,2.4573882996571683
2005,205.11959739490823,351.53041470000005,556.6500120949083,0.9724656594085386,1617.8279553052494,-0.9412286694769136
2006,217.5182194951289,361.5815305,579.0997499951288,0.9697798027915692,1623.9845514189199,6.156596113670503
2007,217.93524947521394,357.22785230000005,575.163101775214,0.9645130934714374,1627.2315138954134,3.246962476493536
2008,221.99327197373375,358.4336323,580.4269042737337,0.9627371565534859,1631.5427163781414,4.311202482728049
2009,219.24247806663436,359.7836666,579.0261446666343,0.9682589027181607,1635.8402997760938,4.297583397952394
2010,222.65891598040798,365.82240210000003,588.4813180804081,0.9741615880697929,1643.7839494420064,7.943649665912517
2011,222.8112923192852,367.0318972,589.8431895192853,0.9620153522297454,1649.176962599732,5.393013157725591
2012,213.70079121588887,370.96316160000003,584.6639528158889,0.9808702795232336,1655.4669151600508,6.289952560318852
2013,225.01673932935032,370.2459324,595.2626717293504,0.9678609782840504,1662.3258717179801,6.858956557929332
2014,216.49168415953494,377.00284780000004,593.4945319595349,0.9658128139938376,1667.4520404605964,5.126168742616301
2015,210.13999677054736,381.5206772,591.6606739705474,0.9658128139938376,1671.3797175284894,3.9276770678930006
2016,217.28564508315839,369.4090335000001,586.6946785831585,0.9658128139938376,1673.2089928000767,1.8292752715872211
2017,215.0,370.1151464,585.1151464,0.9658128139938376,1674.3039918169416,1.0949990168649038
2018,215.0,373.18654800000013,588.1865480000001,0.9658128139938376,1676.290698830821,1.9867070138793679
2019,215.0,381.5144058,596.5144058000001,0.9658128139938376,1680.8083983827,4.5176995518791045
2020,215.0,375.00440580000003,590.0044058000001,0.9658128139938376,1682.6480037832105,1.839605400510436
