,natemis,Antr+BB,Totemis,ch4lifetime_fact,Conc,Trend
1950,215.0,165.44423622518232,380.4442362251823,1.0386734286208537,1160.9810871162724,
1951,215.0,181.5398843317661,396.5398843317661,1.0386734286208537,1166.8978171570557,5.91673004078325
1952,215.0,187.68166589082924,402.6816658908292,1.0386734286208537,1174.2154788835567,7.317661726501001
1953,215.0,193.63020581337207,408.6302058133721,1.0386734286208537,1182.7177639624829,8.502285078926207
1954,215.0,199.15880242379365,414.15880242379365,1.0386734286208537,1192.136427316632,9.418663354149203
1955,215.0,204.36717252240715,419.36717252240715,1.0386734286208537,1202.2655035842458,10.129076267613755
1956,215.0,211.13917046441813,426.13917046441816,1.0386734286208537,1213.5480266925501,11.282523108304304
1957,215.0,217.36410999746863,432.36410999746863,1.0386734286208537,1225.6768510664294,12.128824373879297
1958,215.0,220.52987679908665,435.52987679908665,1.0386734286208537,1237.5425289768411,11.865677910411705
1959,215.0,225.6699184124753,440.66991841247534,1.0386734286208537,1249.830342559921,12.287813583079924
1960,215.0,231.08350712933756,446.0835071293376,1.0386734286208537,1262.585475048501,12.755132488579875
1961,215.0,239.81707031491294,454.81707031491294,1.0273688805761167,1275.538332413185,12.95285736468395
1962,215.0,242.73843169743012,457.7384316974301,1.0286336117988735,1288.1949717709326,12.656639357747736
1963,215.0,252.57641659525984,467.57641659525984,1.0303815209511082,1302.9482329738792,14.753261202946533
1964,215.0,253.78508937239053,468.78508937239053,1.0388161109745009,1317.5075892509337,14.559356277054576
1965,215.0,260.7489502734299,475.7489502734299,1.0466500135860857,1333.7437649510414,16.23617570010765
1966,215.0,265.2430465845324,480.2430465845324,1.0309948094306236,1347.8092793522328,14.065514401191422
1967,215.0,272.1189694198009,487.1189694198009,1.0343317923476247,1363.0427532535346,15.23347390130175
1968,215.0,275.9700567619466,490.9700567619466,1.0390130401356572,1378.4857378070085,15.442984553473934
1969,215.0,280.66963851413317,495.66963851413317,1.03733064240917,1393.6036568715058,15.1179190644973
1970,215.0,286.7554424719951,501.7554424719951,1.044520863970062,1410.019069755376,16.415412883870204
1971,215.0,296.29479715759095,511.29479715759095,1.0311148875281522,1426.0975465473846,16.078476792008587
1972,215.0,309.7925504905967,524.7925504905967,1.0410234769727889,1446.2134138969268,20.115867349542214
1973,215.0,321.5097804752024,536.5097804752024,1.0237676802553786,1465.727802168068,19.514388271141115
1974,215.0,323.90781625487864,538.9078162548786,1.0255205419074267,1484.1384437432207,18.410641575152795
1975,215.0,317.6599241426396,532.6599241426396,1.0294434565934747,1498.9982581465206,14.859814403299879
1976,215.0,332.4310155097663,547.4310155097663,1.0411371895645516,1518.7646170348328,19.766358888312197
1977,215.0,331.86937666306744,546.8693766630674,1.04310064917037,1536.4751579078454,17.710540873012633
1978,215.0,341.8147800298701,556.8147800298701,1.038188476513601,1554.8891822714374,18.414024363592034
1979,215.0,343.8016532522121,558.8016532522121,1.0481297495588873,1573.3715462657037,18.48236399426628
1980,215.0,336.43435957683573,551.4343595768357,1.054811359742319,1588.3521376231133,14.980591357409594
1981,215.0,319.944026226233,534.9440262262331,1.0453494500609413,1594.892916092408,6.540778469294764
1982,215.0,325.4862880386215,540.4862880386215,1.0607031737894599,1604.7527200414045,9.859803948996387
1983,215.0,314.78340390067586,529.7834039006759,1.0432038431370887,1607.4948292083945,2.742109166990076
1984,215.0,313.6218524399723,528.6218524399724,1.0308940203039962,1607.742757028186,0.24792781979135725
1985,215.0,312.6892946359584,527.6892946359584,1.024425100745979,1606.6850909388486,-1.0576660893373173
1986,215.0,315.3279750176004,530.3279750176005,1.0354513129905416,1608.2638687126987,1.5787777738501063
1987,215.0,317.2485140553672,532.2485140553672,1.0403399650985459,1611.0283958608413,2.7645271481426335
1988,215.0,321.411691319549,536.4116913195489,1.0222870139004354,1612.1859717190393,1.1575758581980153
1989,215.0,324.1105786961214,539.1105786961214,1.0267543659990674,1614.7885851198728,2.602613400833434
1990,203.46046503508242,328.0908796007256,531.551344635808,1.030736205492146,1615.1905944234563,0.40200930358355436
1991,203.86480763910888,341.6898806403371,545.5546882794459,1.0498448088618946,1623.0177744422206,7.827180018764238
1992,192.99593815610623,321.75928362938964,514.7552217854959,1.0436593028024648,1618.8515406281401,-4.166233814080442
1993,197.53013600762725,320.736322800518,518.2664588081452,1.0224136274039968,1613.1370986424477,-5.714441985692474
1994,201.6702175992425,332.26831963852857,533.938537237771,1.0257079106974367,1613.7583808564284,0.6212822139807486
1995,198.42425222373905,324.2177472722203,522.6419994959593,1.006485120188085,1607.606895341377,-6.15148551505149
1996,207.98618316435926,327.5188030162106,535.5049861805699,1.0050644518952168,1606.1908406922655,-1.4160546491114019
1997,214.82762962942098,350.5117382000001,565.339367829421,1.0260210342142024,1618.0596773705718,11.868836678306252
1998,212.48904469996359,330.2514803,542.7405249999636,1.0215154558941881,1620.4300881537047,2.370410783132911
1999,217.9089641525754,321.97082819999997,539.8797923525754,0.9979967817046644,1617.916210231486,-2.513877922218626
2000,223.84146230918932,321.0746415,544.9161038091893,1.0,1617.6751254531039,-0.24108477838217368
2001,212.14445447990562,322.0038254,534.1482798799057,1.004280591928866,1614.5625698195463,-3.1125556335575766
2002,212.8758216861255,329.2447249,542.1205465861256,1.0092659254714755,1615.2250657721718,0.662495952625477
2003,211.72546899530604,336.95281180000006,548.6782807953061,1.0091672020984297,1617.9767977789882,2.7517320068163826
2004,213.08436107609737,346.8821553,559.9665163760974,1.0045178825485648,1623.4418029830686,5.4650052040803985
2005,212.75712594098638,351.53041470000005,564.2875406409864,1.001520616854982,1629.2560687346922,5.8142657516236795
2006,214.2753006005639,361.5815305,575.8568311005639,0.9963837241195741,1637.4355648881196,8.179496153427408
2007,219.2960049118257,357.22785230000005,576.5238572118258,1.0019042846930941,1645.8094624466216,8.373897558501994
2008,223.58951985494042,358.4336323,582.0231521549404,0.9845580445936346,1652.2245687036677,6.415106257046091
2009,225.71980135560707,359.7836666,585.5034679556071,0.9914712628139848,1660.2178961994648,7.993327495797075
2010,221.51078875464103,365.82240210000003,587.3331908546411,0.979929226472326,1665.977245791589,5.759349592124181
2011,231.70388323857958,367.0318972,598.7357804385796,0.979929226472326,1674.8626322808768,8.88538648928784
2012,214.9830507354091,370.96316160000003,585.9462123354092,0.979929226472326,1678.4944817641772,3.631849483300357
2013,217.41204857078336,370.2459324,587.6579809707833,0.979929226472326,1682.2805282431657,3.78604647898851
2014,224.21455529617825,377.00284780000004,601.2174030961783,0.979929226472326,1690.1326382454156,7.852110002249901
2015,216.73377395544077,381.5206772,598.2544511554408,0.979929226472326,1696.1079843254752,5.97534608005958
2016,211.4816056757864,369.4090335000001,580.8906391757864,0.979929226472326,1695.6440331288397,-0.4639511966354348
2017,219.41648958015332,370.1151464,589.5316359801534,0.979929226472326,1698.098804397775,2.4547712689352466
2018,220.87595683236208,373.18654800000013,594.0625048323623,0.979929226472326,1701.7767882983007,3.67798390052576
2019,217.1260225955851,381.5144058,598.6404283955851,0.979929226472326,1706.554312660694,4.777524362393251
2020,215.0,375.00440580000003,590.0044058000001,0.979929226472326,1707.9236086450069,1.3692959843128847
