,natemis,Antr+BB,Totemis,ch4lifetime_fact,Conc,Trend
1950,215.0,163.17450659965715,378.17450659965715,0.9900099900099899,1154.8356552901153,
1951,215.0,179.19507276100282,394.19507276100285,0.9900099900099899,1155.2601871398497,0.4245318497344215
1952,215.0,185.26177237482784,400.26177237482784,0.9900099900099899,1157.6499529042871,2.3897657644374704
1953,215.0,191.13523035213254,406.13523035213257,0.9900099900099899,1161.7189464346393,4.068993530352145
1954,215.0,196.588745017316,411.588745017316,0.9900099900099899,1167.1382242213658,5.419277786726525
1955,215.0,201.72203317069142,416.7220331706914,0.9900099900099899,1173.6490713970193,6.510847175653453
1956,215.0,208.41894916746426,423.41894916746423,0.9900099900099899,1181.6471183489934,7.998046951974175
1957,215.0,214.5688067552767,429.5688067552767,0.9900099900099899,1190.782920443283,9.135802094289602
1958,215.0,217.6594916116566,432.65949161165656,0.9900099900099899,1199.9128700343222,9.129949591039122
1959,215.0,222.72445127980714,437.7244512798071,0.9900099900099899,1209.6927684114034,9.779898377081281
1960,215.0,228.0629580514313,443.06295805143134,0.9900099900099899,1220.1400077807198,10.447239369316321
1961,215.0,236.72050668084023,451.72050668084023,0.9832246039142591,1231.4416471611619,11.301639380442111
1962,215.0,239.56585350719098,454.565853507191,0.9828209764918625,1242.3531696113455,10.911522450183611
1963,215.0,249.3278238488543,464.32782384885434,0.9808988764044944,1255.0191171033857,12.665947492040232
1964,215.0,250.4604820698185,465.4604820698185,0.9943820224719102,1268.3314088595764,13.312291756190689
1965,215.0,257.3483284146914,472.3483284146914,0.9990958408679929,1283.02680044802,14.6953915884435
1966,215.0,261.76641016962753,476.76641016962753,0.9891500904159132,1296.2673074142745,13.240506966254543
1967,215.0,268.56631844872953,483.56631844872953,0.9945750452079567,1310.974045017553,14.706737603278498
1968,215.0,272.34139123470885,487.34139123470885,0.9936708860759491,1325.1612260323332,14.187181014780208
1969,215.0,276.9649584307289,491.9649584307289,0.9850885368126747,1338.139458407275,12.978232374941854
1970,215.0,282.9747478324244,497.9747478324244,1.0018083182640147,1353.878750776148,15.739292368873066
1971,215.0,292.39338546227265,507.39338546227265,0.9891500904159132,1369.2768558330436,15.398105056895474
1972,215.0,305.77288904383573,520.7728890438357,0.9990958408679929,1388.737587125153,19.460731292109358
1973,215.0,317.30180353705,532.30180353705,0.9850885368126747,1407.890082213535,19.15249508838201
1974,215.0,319.6737152945646,534.6737152945645,0.9898876404494381,1426.342827913614,18.45274570007905
1975,215.0,313.4687162301143,528.4687162301143,0.9963833634719712,1441.580232729355,15.237404815741002
1976,215.0,328.0681369115893,543.0681369115894,1.0081374321880652,1461.6211300829045,20.040897353549553
1977,215.0,327.50971043294277,542.5097104329427,1.0055917986952472,1478.884687608972,17.263557526067416
1978,215.0,337.29152495073333,552.2915249507333,1.015370705244123,1498.8740258968292,19.98933828785721
1979,215.0,339.2625001945196,554.2625001945196,1.011754068716094,1516.7861500869467,17.912124190117538
1980,215.0,331.9744129863428,546.9744129863428,1.014911463187325,1530.7513117537917,13.965161666845006
1981,215.0,315.6808105870111,530.6808105870111,1.011183597390494,1537.210345774977,6.459034021185289
1982,215.0,321.2350753555989,536.2350753555988,1.0195712954333644,1546.0306017074147,8.820255932437703
1983,215.0,310.5807537196765,525.5807537196765,1.0074557315936628,1548.5437696765828,2.51316796916808
1984,215.0,309.44370211114114,524.4437021111412,1.0027958993476236,1549.6975264843877,1.153756807804939
1985,215.0,308.5329440305821,523.532944030582,0.9900542495479203,1548.4670654095466,-1.2304610748410596
1986,215.0,311.14209539675954,526.1420953967595,1.0027958993476236,1550.19335408089,1.7262886713433545
1987,215.0,313.06531577001317,528.0653157700132,1.0027124773960217,1552.3527705136078,2.1594164327177623
1988,215.0,317.1635669480235,532.1635669480236,0.9953401677539611,1554.5045432158365,2.1517727022287545
1989,215.0,319.83132361261084,534.8313236126108,1.0041493775933612,1558.6472273229872,4.1426841071506715
1990,203.46046503508242,323.79183660072556,527.252301635808,1.007233273056058,1560.2779366769698,1.6307093539826383
1991,203.86480763910888,335.4818104403371,539.346618079446,1.0144665461121156,1566.8316487736458,6.5537120966760085
1992,192.99593815610623,316.3955526293896,509.3914907854959,1.011183597390494,1562.2154437861377,-4.616204987508127
1993,197.53013600762725,315.00618740051794,512.5363234081452,1.0027958993476236,1557.88798061246,-4.327463173677643
1994,201.6702175992425,322.1935623385285,523.863779937771,1.0009319664492078,1557.5211519796005,-0.36682863285955136
1995,198.42425222373905,309.8613907722203,508.2856429959594,0.988245931283906,1550.0658687365706,-7.455283243029953
1996,207.98618316435926,309.1011425162106,517.0873256805698,0.9953401677539611,1547.4704366143212,-2.595432122249349
1997,214.82762962942098,332.86,547.687629629421,0.9981916817359855,1555.7612394021935,8.29080278787228
1998,212.48904469996359,317.28000000000003,529.7690446999636,0.9960567823343849,1556.8455399628378,1.0843005606443512
1999,217.9089641525754,311.53999999999996,529.4489641525754,0.985307621671258,1556.0277859558262,-0.817754007011672
2000,223.84146230918932,309.38,533.2214623091893,1.0,1558.8336290103155,2.805843054489287
2001,212.14445447990562,313.65,525.7944544799057,0.9924026590693258,1557.6877941139321,-1.1458348963833487
2002,212.8758216861255,324.65000000000003,537.5258216861255,0.9933523266856601,1560.7119516325563,3.024157518624179
2003,211.72546899530604,326.12,537.8454689953061,0.9895536562203229,1562.9090884478396,2.1971368152833293
2004,213.08436107609737,330.53000000000003,543.6143610760973,0.9925442684063377,1567.2401982406575,4.33110979281787
2005,212.75712594098638,334.55,547.3071259409865,0.9870129870129869,1571.4388975016443,4.198699260986814
2006,214.2753006005639,340.45,554.7253006005639,0.986013986013986,1577.4649658370931,6.0260683354488265
2007,219.2960049118257,336.24,555.5360049118257,0.986013986013986,1583.077359759413,5.612393922319825
2008,223.58951985494042,335.67,559.2595198549404,0.9687203791469194,1586.4730553586173,3.395695599204373
2009,225.71980135560707,339.88,565.599801355607,0.9696969696969695,1591.741986657939,5.2689312993215935
2010,221.51078875464103,341.18,562.6907887546411,0.9658767772511849,1594.8041737788565,3.0621871209175424
2011,231.70388323857958,342.69,574.3938832385795,0.9658767772511849,1601.3920377588215,6.58786397996505
2012,214.9830507354091,348.16,563.1430507354091,0.9658767772511849,1603.4921127424939,2.100074983672357
2013,217.41204857078336,348.96,566.3720485707834,0.9658767772511849,1606.4203182528556,2.9282055103617495
2014,224.21455529617825,357.09000000000003,581.3045552961783,0.9658767772511849,1613.9599038177357,7.539585564880099
2015,216.73377395544077,365.45,582.1837739554408,0.9658767772511849,1620.9220692337565,6.962165416020753
2016,211.4816056757864,358.0,569.4816056757863,0.9658767772511849,1622.8723247683192,1.950255534562757
2017,219.41648958015332,360.73,580.1464895801533,0.9658767772511849,1628.1323126473626,5.259987879043365
2018,220.87595683236208,362.77000000000004,583.6459568323621,0.9658767772511849,1633.9459438960328,5.813631248670163
2019,217.1260225955851,371.87,588.9960225955851,0.9658767772511849,1640.862730489489,6.916786593456209
2020,215.0,367.56,582.56,0.9658767772511849,1644.849508734956,3.9867782454671215
