,natemis,Antr+BB,Totemis,ch4lifetime_fact,Conc,Trend
1950,215.0,145.72559245704448,360.7255924570445,1.0386734286208537,1154.421848611464,
1951,215.0,161.1689540027448,376.16895400274484,1.0386734286208537,1154.2741666882562,-0.14768192320775597
1952,215.0,166.6584490009245,381.6584490009245,1.0386734286208537,1155.9685447522895,1.6943780640333443
1953,215.0,171.95470236258384,386.9547023625838,1.0386734286208537,1159.2408035273456,3.272258775056116
1954,215.0,176.831012412122,391.831012412122,1.0386734286208537,1163.7800219154262,4.539218388080599
1955,215.0,181.387095949852,396.387095949852,1.0386734286208537,1169.3421897066976,5.562167791271349
1956,215.0,187.50680733097954,402.50680733097954,1.0386734286208537,1176.3364245813204,6.994234874622862
1957,215.0,193.07946030314662,408.0794603031466,1.0386734286208537,1184.4253452851506,8.088920703830127
1958,215.0,195.59294054388116,410.5929405438811,1.0386734286208537,1192.4725495654202,8.047204280269625
1959,215.0,200.08069559638636,415.08069559638636,1.0386734286208537,1201.1392901211004,8.666740555680235
1960,215.0,204.8419977523652,419.84199775236516,1.0386734286208537,1210.4493284060195,9.310038284919074
1961,215.0,212.9151721685548,427.9151721685548,1.0273688805761167,1220.1673804578813,9.718052051861832
1962,215.0,215.1761447816861,430.1761447816861,1.0286336117988735,1229.7171726233378,9.549792165456438
1963,215.0,224.35374091013003,439.35374091013,1.0303815209511082,1241.4741440766077,11.756971453269898
1964,215.0,224.902024917875,439.902024917875,1.0388161109745009,1253.0961020147352,11.62195793812748
1965,215.0,231.2054970495285,446.2054970495285,1.0466500135860857,1266.447202128474,13.351100113738767
1966,215.0,235.0392045912452,450.0392045912452,1.0309948094306236,1277.8171169070708,11.369914778596922
1967,215.0,241.25473865712786,456.25473865712786,1.0343317923476247,1290.4077501709423,12.590633263871496
1968,215.0,244.44543722988774,459.4454372298877,1.0390130401356572,1303.2443490282897,12.836598857347326
1969,215.0,248.48463021268853,463.48463021268856,1.03733064240917,1315.8307329610514,12.586383932761692
1970,215.0,253.9100454011647,468.91004540116467,1.044520863970062,1329.7183239752328,13.887591014181453
1971,215.0,257.57479257777885,472.57479257777885,1.0311148875281522,1341.6883547840212,11.970030808788351
1972,215.0,264.87815496199676,479.87815496199676,1.0410234769727889,1356.0051630328257,14.316808248804591
1973,215.0,267.174414913303,482.174414913303,1.0237676802553786,1367.3649698788358,11.359806846010088
1974,215.0,268.77272781252634,483.77272781252634,1.0255205419074267,1378.2339441652157,10.868974286379853
1975,215.0,271.02888398583644,486.02888398583644,1.0294434565934747,1389.1667188844556,10.932774719239887
1976,215.0,275.0518357547742,490.0518357547742,1.0411371895645516,1401.7397659505693,12.573047066113759
1977,215.0,277.72254164205543,492.72254164205543,1.04310064917037,1414.0901053513435,12.350339400774146
1978,215.0,279.07729251334416,494.07729251334416,1.038188476513601,1424.9217730910418,10.831667739698332
1979,215.0,283.36524243347924,498.36524243347924,1.0481297495588873,1437.2906504654025,12.368877374360636
1980,213.46581505527286,282.2371159769046,495.70293103217745,1.054811359742319,1448.2998274244862,11.009176959083788
1981,209.98540094753466,277.5286029825358,487.51400393007043,1.0453494500609413,1454.1768462846414,5.877018860155204
1982,207.34999122653096,285.26941946839,492.619410694921,1.0607031737894599,1463.1067168414627,8.929870556821243
1983,218.54420775574664,279.04267506764637,497.586882823393,1.0432038431370887,1470.452959595596,7.3462427541333
1984,216.13469029654325,284.0863192602393,500.2210095567825,1.0308940203039962,1476.2212091068511,5.768249511255135
1985,218.52747499561326,287.0049229958179,505.53239799143114,1.024425100745979,1482.2343418085661,6.013132701714994
1986,212.30288822600457,290.9973934447917,503.30028167079627,1.0354513129905416,1488.3638926395843,6.12955083101815
1987,207.81014213019827,295.28841803933904,503.09856016953734,1.0403399650985459,1494.4254628823344,6.061570242750122
1988,212.7546727496052,299.1743864512828,511.929059200888,1.0222870139004354,1500.2661562101937,5.840693327859299
1989,213.67497455693982,304.2999708971575,517.9749454540973,1.0267543659990674,1508.1037455343405,7.8375893241468475
1990,211.0981294964029,307.58244894288526,518.6805784392882,1.030736205492146,1515.8768121974304,7.773066663089821
1991,210.3200561502018,320.3405374138564,530.6605935640582,1.0498448088618946,1529.4299356309052,13.553123433474866
1992,198.5903912967187,304.1997961122732,502.79018740899187,1.0436593028024648,1531.3988061965542,1.9688705656490129
1993,204.7145815055273,305.23302163145047,509.94760313697776,1.0224136274039968,1532.5338869985194,1.1350808019651595
1994,209.4666853834006,317.2848254228341,526.7515108062347,1.0257079106974367,1539.6039918692497,7.070104870730347
1995,208.72207755746624,311.7473692430924,520.4694468005587,1.006485120188085,1540.9898310480835,1.3858391788337485
1996,212.42838392700475,313.88494695523417,526.3133308822389,1.0050644518952168,1543.949341722641,2.9595106745575777
1997,213.7837374978066,337.0204142930985,550.804151790905,1.0260210342142024,1557.8090780533726,13.859736330731494
1998,222.52660466748551,317.9406473511351,540.4672520186207,1.0215154558941881,1566.0526844248136,8.243606371441047
1999,211.56664678013686,313.09385370096595,524.6605004811029,0.9979967817046644,1564.585119425998,-1.4675649988155328
2000,213.03076329180558,314.79158226734603,527.8223455591516,1.0,1564.640237669711,0.05511824371296825
2001,218.326681874013,315.2928524514628,533.6195343254758,1.004280591928866,1567.2695080339818,2.629270364270724
2002,215.21438848920863,322.1007386331392,537.3151271223478,1.0092659254714755,1571.5910421189838,4.321534085001986
2003,219.3222811019477,328.4756943824689,547.7979754844166,1.0091672020984297,1578.899397329255,7.308355210271202
2004,213.74190559747325,335.7220642725255,549.4639698699987,1.0045178825485648,1585.2358996533512,6.336502324096273
2005,210.64634497280224,341.88187367125875,552.528218644061,1.001520616854982,1591.4182126049598,6.182312951608537
2006,215.9673626952097,352.4529993712408,568.4203620664505,0.9963837241195741,1601.3786014611715,9.960388856211694
2007,213.7502719775399,349.7789386288197,563.5292106063596,1.0019042846930941,1609.4686996677863,8.090098206614812
2008,213.86740129847342,353.30974763980123,567.1771489382746,0.9845580445936346,1615.0805002585146,5.611800590728308
2009,219.93302684681524,355.2102928669951,575.1433197138103,0.9914712628139848,1623.8242423381016,8.743742079587037
2010,226.5508334795578,360.8548031390112,587.405636618569,0.979929226472326,1633.7515041039426,9.927261765840967
2011,214.3442849622741,365.99466311704407,580.3389480793181,0.979929226472326,1640.2046632387712,6.453159134828638
2012,208.27865941393227,372.97725290758524,581.2559123215175,0.979929226472326,1646.2271701427028,6.022506903931571
2013,214.6454746446745,372.6442144644898,587.2896891091643,0.979929226472326,1653.5651155708588,7.33794542815599
2014,215.03869450780837,380.3961968225409,595.4348913303493,0.979929226472326,1662.7690008608722,9.203885290013432
2015,214.13512546060713,387.4758223403408,601.610947800948,0.979929226472326,1672.9732727642506,10.204271903378412
2016,220.7529320933497,379.4876497908962,600.2405818842459,0.979929226472326,1681.561158180232,8.587885415981418
2017,215.0,385.0082127080213,600.0082127080213,0.979929226472326,1689.0941344415678,7.532976261335762
2018,215.0,387.8058049137809,602.8058049137809,0.979929226472326,1696.69724143577,7.603106994202108
2019,215.0,394.70580491378087,609.7058049137809,0.979929226472326,1705.7231092090271,9.025867773257232
2020,215.0,388.1958049137809,603.1958049137809,0.979929226472326,1711.5621424083474,5.8390331993202835
