,natemis,Antr+BB,Totemis,ch4lifetime_fact,Conc,Trend
1950,215.0,163.17450659965715,378.17450659965715,1.1198738170347002,1168.2253112438502,
1951,215.0,179.19507276100282,394.19507276100285,1.1198738170347002,1180.6454416422432,12.420130398392985
1952,215.0,185.26177237482784,400.26177237482784,1.1198738170347002,1193.8238064296772,13.17836478743402
1953,215.0,191.13523035213254,406.13523035213257,1.1198738170347002,1207.618545815428,13.794739385750745
1954,215.0,196.588745017316,411.588745017316,1.1198738170347002,1221.826591603354,14.20804578792604
1955,215.0,201.72203317069142,416.7220331706914,1.1198738170347002,1236.2988797274659,14.472288124111856
1956,215.0,208.41894916746426,423.41894916746423,1.1198738170347002,1251.5304408492634,15.23156112179754
1957,215.0,214.5688067552767,429.5688067552767,1.1198738170347002,1267.261194358155,15.730753508891667
1958,215.0,217.6594916116566,432.65949161165656,1.1198738170347002,1282.418970613795,15.157776255639874
1959,215.0,222.72445127980714,437.7244512798071,1.1198738170347002,1297.7212941452603,15.30232353146539
1960,215.0,228.0629580514313,443.06295805143134,1.1198738170347002,1313.2447376370249,15.52344349176451
1961,215.0,236.72050668084023,451.72050668084023,1.113564668769716,1329.4144039991513,16.169666362126463
1962,215.0,239.56585350719098,454.565853507191,1.1159305993690851,1345.1279535673086,15.713549568157305
1963,215.0,249.3278238488543,464.32782384885434,1.1175078864353312,1362.6613238547807,17.533370287472053
1964,215.0,250.4604820698185,465.4604820698185,1.1190851735015772,1378.9518046281503,16.29048077336961
1965,215.0,257.3483284146914,472.3483284146914,1.1175078864353312,1395.7059502232642,16.75414559511387
1966,215.0,261.76641016962753,476.76641016962753,1.1064668769716088,1410.985081021252,15.279130797987818
1967,215.0,268.56631844872953,483.56631844872953,1.1056782334384858,1426.868545836936,15.883464815683965
1968,215.0,272.34139123470885,487.34139123470885,1.1054131054131053,1442.3434413973732,15.47489556043729
1969,215.0,276.9649584307289,491.9649584307289,1.0962145110410093,1456.679150197682,14.335708800308794
1970,215.0,282.9747478324244,497.9747478324244,1.1017350157728707,1472.191436166519,15.512285968836977
1971,215.0,292.39338546227265,507.39338546227265,1.107312440645774,1489.91015642262,17.71872025610105
1972,215.0,305.77288904383573,520.7728890438357,1.0949667616334284,1508.761462149623,18.85130572700291
1973,215.0,317.30180353705,532.30180353705,1.0864197530864197,1528.4219495926911,19.660487443068178
1974,215.0,319.6737152945646,534.6737152945645,1.092117758784425,1547.5455855049825,19.12363591229132
1975,215.0,313.4687162301143,528.4687162301143,1.0892687559354226,1562.2414008678056,14.695815362823168
1976,215.0,328.0681369115893,543.0681369115894,1.090218423551757,1580.395055257279,18.15365438947333
1977,215.0,327.50971043294277,542.5097104329427,1.0816714150047484,1595.334072399542,14.939017142263083
1978,215.0,337.29152495073333,552.2915249507333,1.0721747388414056,1610.67084518943,15.336772789888073
1979,215.0,339.2625001945196,554.2625001945196,1.0796529968454258,1626.0734459259806,15.40260073655054
1980,215.0,331.9744129863428,546.9744129863428,1.0978157644824313,1639.8955567136638,13.822110787683187
1981,215.0,315.6808105870111,530.6808105870111,1.0788224121557457,1644.2517127040708,4.356155990406933
1982,215.0,321.2350753555989,536.2350753555988,1.0858490566037737,1650.975023014243,6.723310310172337
1983,215.0,310.5807537196765,525.5807537196765,1.0683760683760681,1650.9909742321677,0.015951217924566663
1984,215.0,309.44370211114114,524.4437021111412,1.0826210826210825,1652.6311801063903,1.6402058742226018
1985,215.0,308.5329440305821,523.532944030582,1.0759734093067426,1652.865779216511,0.23459911012082557
1986,215.0,311.14209539675954,526.1420953967595,1.0664767331433995,1652.596750015727,-0.269029200784189
1987,215.0,313.06531577001317,528.0653157700132,1.0597156398104266,1652.0228821946764,-0.5738678210504986
1988,215.0,317.1635669480235,532.1635669480236,1.056980056980057,1652.4773670195643,0.4544848248879134
1989,215.0,319.83132361261084,534.8313236126108,1.0503323836657168,1652.7967486716282,0.3193816520638393
1990,203.46046503508242,323.79183660072556,527.252301635808,1.0556603773584907,1651.3409319542377,-1.4558167173904621
1991,203.86480763910888,335.4818104403371,539.346618079446,1.0797752808988763,1657.5145140049583,6.173582050720597
1992,192.99593815610623,316.3955526293896,509.3914907854959,1.074688796680498,1652.3410551023535,-5.173458902604807
1993,197.53013600762725,315.00618740051794,512.5363234081452,1.0382022471910113,1643.4501118407604,-8.890943261593065
1994,201.6702175992425,322.1935623385285,523.863779937771,1.053932584269663,1641.6158689067406,-1.8342429340198123
1995,198.42425222373905,309.8613907722203,508.2856429959594,1.0258426966292136,1630.6071855131454,-11.00868339359522
1996,207.98618316435926,309.1011425162106,517.0873256805698,1.0126182965299684,1621.6957323419647,-8.91145317118071
1997,214.82762962942098,332.86,547.687629629421,1.0674157303370786,1632.0448851190208,10.349152777056133
1998,212.48904469996359,317.28000000000003,529.7690446999636,1.0443396226415094,1631.9985539662396,-0.04633115278124933
1999,217.9089641525754,311.53999999999996,529.4489641525754,1.0058091286307054,1625.9694412939473,-6.029112672292285
2000,223.84146230918932,309.38,533.2214623091893,1.0,1620.943901845128,-5.025539448819245
2001,212.14445447990562,313.65,525.7944544799057,1.0141509433962264,1616.2333917827116,-4.710510062416461
2002,212.8758216861255,324.65000000000003,537.5258216861255,1.02909796314258,1618.2185186660956,1.985126883384055
2003,211.72546899530604,326.12,537.8454689953061,1.0404494382022471,1621.7822508577244,3.5637321916287874
2004,213.08436107609737,330.53000000000003,543.6143610760973,1.0337078651685394,1625.8771665809727,4.094915723248278
2005,212.75712594098638,334.55,547.3071259409865,1.0112359550561796,1627.3137134296742,1.4365468487014823
2006,214.2753006005639,340.45,554.7253006005639,1.0146067415730338,1631.5813130753497,4.267599645675546
2007,219.2960049118257,336.24,555.5360049118257,1.0258426966292136,1637.3805513560724,5.799238280722648
2008,223.58951985494042,335.67,559.2595198549404,1.0,1639.7221910846874,2.341639728615064
2009,225.71980135560707,339.88,565.599801355607,1.0078651685393258,1645.165660657652,5.443469572964659
2010,221.51078875464103,341.18,562.6907887546411,1.0024896265560168,1648.1764887835873,3.010828125935177
2011,231.70388323857958,342.69,574.3938832385795,1.0024896265560168,1654.7369173472575,6.560428563670257
2012,214.9830507354091,348.16,563.1430507354091,1.0024896265560168,1656.8284231481,2.0915058008424694
2013,217.41204857078336,348.96,566.3720485707834,1.0024896265560168,1659.7584171622689,2.9299940141688694
2014,224.21455529617825,357.09000000000003,581.3045552961783,1.0024896265560168,1667.3193757006038,7.560958538334944
2015,216.73377395544077,365.45,582.1837739554408,1.0024896265560168,1674.327415228392,7.008039527788242
2016,211.4816056757864,358.0,569.4816056757863,1.0024896265560168,1676.334597305522,2.0071820771299826
2017,219.41648958015332,360.73,580.1464895801533,1.0024896265560168,1681.6587881649402,5.324190859418195
2018,220.87595683236208,362.77000000000004,583.6459568323621,1.0024896265560168,1687.550055325266,5.891267160325697
2019,217.1260225955851,371.87,588.9960225955851,1.0024896265560168,1694.5595276965087,7.009472371242737
2020,215.0,367.56,582.56,1.0024896265560168,1698.648666489117,4.08913879260831
