,natemis,Antr+BB,Totemis,ch4lifetime_fact,Conc,Trend
1950,215.0,140.0104525128931,355.0104525128931,1.0082976017871197,1149.2253810176041,
1951,215.0,155.2647590189582,370.2647590189582,1.008017040016338,1144.373564633559,-4.851816384045151
1952,215.0,160.56519897750266,375.56519897750263,1.0077364782455562,1141.7909273336911,-2.5826372998678835
1953,215.0,165.67239729952678,380.6723972995268,1.0074559164747743,1141.16094249563,-0.6299848380610911
1954,215.0,170.3596523094297,385.3596523094297,1.0071753547039928,1142.1268504889563,0.9659079933262547
1955,215.0,174.7266808075245,389.72668080752453,1.0068947929332108,1144.4045865240746,2.2777360351183233
1956,215.0,180.6573371490168,395.6573371490168,1.006614231162429,1148.3672691895151,3.962682665440525
1957,215.0,186.04093508154867,401.0409350815487,1.0063336693916476,1153.6453399894508,5.278070799935676
1958,215.0,188.36536028264797,403.365360282648,1.0060531076208656,1159.07598994556,5.430649956109164
1959,215.0,192.664060295518,407.66406029551797,1.005772545850084,1165.2975765810213,6.221586635461335
1960,215.0,197.23630741186156,412.23630741186156,1.0054919840793022,1172.3124478283141,7.014871247292831
1961,215.0,205.11807849022705,420.11807849022705,1.0052114223085205,1181.1308648926101,8.818417064296
1962,215.0,207.1876477655343,422.1876477655343,1.0049308605377387,1189.6210614357155,8.490196543105412
1963,215.0,216.17384055615415,431.1738405561541,1.0046502987669568,1200.1160854714017,10.495024035686129
1964,215.0,216.530721226075,431.530721226075,1.004369736996175,1209.526073758206,9.409988286804264
1965,215.0,222.6427900199044,437.6427900199044,1.0040891752253935,1219.8827227827237,10.356649024517765
1966,215.0,226.28509422379705,441.28509422379705,1.0038086134546116,1230.2596628144593,10.376940031735558
1967,215.0,232.3092249518556,447.30922495185564,1.0035280516838299,1241.4449736794725,11.185310865013207
1968,215.0,235.30852018679144,450.30852018679144,1.0032474899130481,1252.3433338687214,10.898360189248933
1969,215.0,239.15630983176808,454.1563098317681,1.0029669281422664,1263.2679220712919,10.924588202570476
1970,215.0,244.39032168242014,459.3903216824201,1.0026863663714847,1274.6754927854956,11.407570714203757
1971,215.0,249.2500236569801,464.2500236569801,1.0036125027400429,1286.5380676610241,11.86257487552848
1972,215.0,257.1728277174416,472.1728277174416,1.0045386391086013,1299.8239938441507,13.285926183126548
1973,215.0,260.25257580258824,475.25257580258824,1.0054647754771595,1312.7682847356898,12.94429089153914
1974,215.0,261.75608614159665,476.75608614159665,1.006390911845718,1324.8876399347923,12.119355199102529
1975,215.0,262.9879199985267,477.9879199985267,1.0073170482142761,1336.185671336827,11.298031402034667
1976,215.0,269.88077697352765,484.88077697352765,1.0082431845828346,1348.6358975928354,12.450226256008364
1977,215.0,273.963154930751,488.963154930751,1.009169320951393,1361.178646486503,12.54274889366775
1978,215.0,276.2604287421843,491.2604287421843,1.0100954573199512,1373.2126812113304,12.03403472482728
1979,215.0,281.5334355614996,496.5334355614996,1.0110215936885096,1385.7849380370146,12.572256825684235
1980,215.0,283.2799933041633,498.2799933041633,1.0119477300570678,1397.6661873899286,11.881249352913983
1981,215.0,279.7228833024812,494.7228833024812,1.0119166428840465,1407.044183557521,9.3779961675923
1982,215.0,287.61463066683257,502.61463066683257,1.0118855557110251,1417.9998416718618,10.95565811434085
1983,215.0,281.5577046073275,496.5577046073275,1.0118544685380038,1425.724296493068,7.724454821206336
1984,215.0,284.9536362831875,499.9536362831875,1.0118233813649828,1433.7161081794459,7.991811686377787
1985,215.0,285.63759742417085,500.63759742417085,1.0117922941919613,1441.0446458740269,7.328537694580973
1986,215.0,290.77781253724584,505.77781253724584,1.01176120701894,1449.263814201782,8.219168327755142
1987,215.0,295.02494838641707,510.02494838641707,1.0117301198459188,1457.9781116346599,8.714297432877856
1988,215.0,298.6755905767461,513.6755905767461,1.0116990326728972,1466.9344189899607,8.95630735530085
1989,215.0,302.17109081824873,517.1710908182488,1.011667945499876,1476.0543047217625,9.119885731801787
1990,213.229158495527,305.2999200711051,518.529078566632,1.0116368583268547,1484.6094813555062,8.555176633743713
1991,230.46401973376058,318.81183287573293,549.2758526094935,1.009824235180017,1502.1695882640952,17.560106908588978
1992,187.08466023758422,299.49068782266335,486.57534806024756,1.0015337334334637,1495.744432057252,-6.425156206843212
1993,201.07742439463695,299.5481852918242,500.6256096864612,0.996844693397186,1494.0133436603876,-1.7310883968643793
1994,209.91391164352387,310.39650696329267,520.3104186068165,1.0084558263903243,1500.7096479750583,6.6963043146706696
1995,200.85765603448098,305.56039716107193,506.41805319555294,1.0030031148607326,1501.2519008375987,0.5422528625404084
1996,212.4591393800404,307.45705920620384,519.9161985862443,1.0102506923191272,1507.2728061259963,6.020905288397671
1997,217.02081046246136,331.457796516877,548.4786069793383,1.0119030530084048,1522.3537694912895,15.0809633652932
1998,202.568436978653,315.50915615703855,518.0775931356916,0.9861864069689835,1521.8081744955998,-0.5455949956897257
1999,215.78806866900686,309.5890972813972,525.3771659504041,1.0063414517912073,1526.7847061071332,4.976531611533346
2000,226.5622479195188,310.3755556419565,536.9378035614753,1.0,1534.0987640059911,7.314057898857982
2001,215.0509626165587,313.1005194228316,528.1514820393903,0.99386928520895,1536.7464241495609,2.6476601435697376
2002,216.04073174324364,322.47491151980734,538.515643263051,0.9928679555766652,1542.382624412274,5.636200262713146
2003,213.98055262609702,328.33133481161764,542.3118874377146,0.9864340504659566,1547.6473333359602,5.2647089236861575
2004,208.00169259421529,339.1599047856282,547.1615973798434,0.979133650893039,1552.7747433115658,5.1274099756055875
2005,205.4572700159953,346.62478641877203,552.0820564347673,0.9699646792990931,1557.4766761577528,4.701932846186992
2006,211.2339594451393,356.7053574534424,567.9393168985816,0.9658283605068321,1566.21880549876,8.742129341007285
2007,223.672583039232,355.2617524896731,578.9343355289051,0.9597038162268151,1576.5792724004407,10.360466901680638
2008,228.03049543871128,360.75844432030715,588.7889397590184,0.9643339070369527,1589.7807616074183,13.201489206977612
2009,235.04040686312868,364.45377111581536,599.494177978944,0.9671398996221703,1605.4778516464364,15.697090039018121
2010,224.2663857353366,371.1593157300012,595.4257014653379,0.9580604117459025,1616.4716469365521,10.993795290115713
2011,247.4109003803281,372.924998542445,620.3358989227731,0.9585228838411334,1634.5222580386546,18.050611102102494
2012,216.66762554529598,381.0856580369786,597.7532835822745,0.9675752373720371,1644.5670648335927,10.04480679493804
2013,222.88330630031555,381.87778643760544,604.761092737921,0.9662389595250078,1655.5474711426482,10.980406309055525
2014,220.24898314608367,388.1687589286987,608.4177420747824,0.96907901809612,1666.968941370146,11.42147022749782
2015,215.0,398.732,613.732,0.9707424683795629,1679.1295468813855,12.16060551123951
2016,215.0,390.97880000000004,605.9788000000001,0.952027984493153,1683.9849227621623,4.855375880776819
2017,215.0,393.4056,608.4056,0.9603792558988442,1690.5876781477705,6.602755385608134
2018,215.0,395.1424,610.1424,0.9619692714083327,1697.287167060401,6.699488912630613
2019,215.0,403.9392,618.9392,0.963559286917821,1706.4129860388216,9.125818978420511
2020,215.0,399.326,614.326,0.9651493024273095,1713.2430490577092,6.830063018887586
