,natemis,Antr+BB,Totemis,ch4lifetime_fact,Conc,Trend
1950,215.0,163.17450659965715,378.17450659965715,1.1198738170347002,1168.2253112438502,
1951,215.0,179.19507276100282,394.19507276100285,1.1198738170347002,1180.6454416422432,12.420130398392985
1952,215.0,185.26177237482784,400.26177237482784,1.1198738170347002,1193.8238064296772,13.17836478743402
1953,215.0,191.13523035213254,406.13523035213257,1.1198738170347002,1207.618545815428,13.794739385750745
1954,215.0,196.588745017316,411.588745017316,1.1198738170347002,1221.826591603354,14.20804578792604
1955,215.0,201.72203317069142,416.7220331706914,1.1198738170347002,1236.2988797274659,14.472288124111856
1956,215.0,208.41894916746426,423.41894916746423,1.1198738170347002,1251.5304408492634,15.23156112179754
1957,215.0,214.5688067552767,429.5688067552767,1.1198738170347002,1267.261194358155,15.730753508891667
1958,215.0,217.6594916116566,432.65949161165656,1.1198738170347002,1282.418970613795,15.157776255639874
1959,215.0,222.72445127980714,437.7244512798071,1.1198738170347002,1297.7212941452603,15.30232353146539
1960,215.0,228.0629580514313,443.06295805143134,1.1198738170347002,1313.2447376370249,15.52344349176451
1961,215.0,236.72050668084023,451.72050668084023,1.113564668769716,1329.4144039991513,16.169666362126463
1962,215.0,239.56585350719098,454.565853507191,1.1159305993690851,1345.1279535673086,15.713549568157305
1963,215.0,249.3278238488543,464.32782384885434,1.1175078864353312,1362.6613238547807,17.533370287472053
1964,215.0,250.4604820698185,465.4604820698185,1.1190851735015772,1378.9518046281503,16.29048077336961
1965,215.0,257.3483284146914,472.3483284146914,1.1175078864353312,1395.7059502232642,16.75414559511387
1966,215.0,261.76641016962753,476.76641016962753,1.1064668769716088,1410.985081021252,15.279130797987818
1967,215.0,268.56631844872953,483.56631844872953,1.1056782334384858,1426.868545836936,15.883464815683965
1968,215.0,272.34139123470885,487.34139123470885,1.1054131054131053,1442.3434413973732,15.47489556043729
1969,215.0,276.9649584307289,491.9649584307289,1.0962145110410093,1456.679150197682,14.335708800308794
1970,215.0,282.9747478324244,497.9747478324244,1.1017350157728707,1472.191436166519,15.512285968836977
1971,215.0,292.39338546227265,507.39338546227265,1.107312440645774,1489.91015642262,17.71872025610105
1972,215.0,305.77288904383573,520.7728890438357,1.0949667616334284,1508.761462149623,18.85130572700291
1973,215.0,317.30180353705,532.30180353705,1.0864197530864197,1528.4219495926911,19.660487443068178
1974,215.0,319.6737152945646,534.6737152945645,1.092117758784425,1547.5455855049825,19.12363591229132
1975,215.0,313.4687162301143,528.4687162301143,1.0892687559354226,1562.2414008678056,14.695815362823168
1976,215.0,328.0681369115893,543.0681369115894,1.090218423551757,1580.395055257279,18.15365438947333
1977,215.0,327.50971043294277,542.5097104329427,1.0816714150047484,1595.334072399542,14.939017142263083
1978,215.0,337.29152495073333,552.2915249507333,1.0721747388414056,1610.67084518943,15.336772789888073
1979,215.0,339.2625001945196,554.2625001945196,1.0796529968454258,1626.0734459259806,15.40260073655054
1980,210.94999730878948,331.9744129863428,542.9244102951322,1.0978157644824313,1638.5447818580483,12.471335932067632
1981,207.46940093654123,315.6808105870111,523.1502115235523,1.0788224121557457,1640.533439917823,1.988658059774707
1982,196.9955325905592,321.2350753555989,518.2306079461581,1.0858490566037737,1641.6439318768419,1.1104919590188729
1983,201.33424834490552,310.5807537196765,511.91500206458204,1.0683760683760681,1638.097243667723,-3.5466882091188836
1984,214.1098013886646,309.44370211114114,523.5535034998057,1.0826210826210825,1640.7930690343173,2.695825366594363
1985,211.68781958124762,308.5329440305821,520.2207636118297,1.0759734093067426,1641.1719285020868,0.37885946776941637
1986,211.8802949566715,311.14209539675954,523.0223903534311,1.0664767331433995,1641.1055411824213,-0.06638731966540945
1987,203.0665267237203,313.06531577001317,516.1318424937335,1.0597156398104266,1637.784823890107,-3.3207172923143844
1988,213.4200979600624,317.1635669480235,530.5836649080859,1.056980056980057,1639.2363578505433,1.4515339604363362
1989,215.39297055815703,319.83132361261084,535.2242941707678,1.0503323836657168,1641.1102865659304,1.8739287153871373
1990,213.067226438452,323.79183660072556,536.8590630391775,1.0556603773584907,1644.1039881877628,2.993701621832315
1991,208.59217395984714,335.4818104403371,544.0739844001843,1.0797752808988763,1652.6137083290096,8.509720141246817
1992,188.55869530114643,316.3955526293896,504.95424793053604,1.074688796680498,1646.4789266225082,-6.1347817065013714
1993,202.27256580009686,315.00618740051794,517.2787532006148,1.0382022471910113,1639.801868977466,-6.677057645042169
1994,205.68900371387048,322.1935623385285,527.8825660523989,1.053932584269663,1639.6965723415408,-0.1052966359252423
1995,201.59890198611336,309.8613907722203,511.4602927583337,1.0258426966292136,1629.953685354533,-9.74288698700775
1996,211.8482157274342,309.1011425162106,520.9493582436448,1.0126182965299684,1622.397698717974,-7.555986636559055
1997,205.35217180687872,332.86,538.2121718068787,1.0674157303370786,1629.5162585424873,7.118559824513341
1998,214.55891059798697,317.28000000000003,531.838910597987,1.0443396226415094,1630.4318122988013,0.9155537563140115
1999,223.82980784756984,311.53999999999996,535.3698078475697,1.0058091286307054,1626.5436471097128,-3.888165189088568
2000,220.46950858496152,309.38,529.8495085849615,1.0,1620.334292882996,-6.209354226716869
2001,217.96732870445126,313.65,531.6173287044512,1.0141509433962264,1617.6258811194532,-2.708411763542699
2002,212.04069110285803,324.65000000000003,536.6906911028581,1.02909796314258,1619.1810661889615,1.5551850695082976
2003,215.0561386511653,326.12,541.1761386511653,1.0404494382022471,1623.74850213419,4.567435945228453
2004,213.89326659131277,330.53000000000003,544.4232665913128,1.0337078651685394,1627.898209317043,4.149707182853035
2005,205.11959739490823,334.55,539.6695973949082,1.0112359550561796,1626.5733666822503,-1.3248426347927307
2006,217.5182194951289,340.45,557.9682194951289,1.0146067415730338,1632.0003482040472,5.426981521796961
2007,217.93524947521394,336.24,554.175249475214,1.0258426966292136,1637.301279452674,5.300931248626739
2008,221.99327197373375,335.67,557.6632719737338,1.0,1639.1218257386488,1.8205462859748422
2009,219.24247806663436,339.88,559.1224780666344,1.0078651685393258,1642.480694605851,3.358868867202318
2010,222.65891598040798,341.18,563.838915980408,1.0024896265560168,1646.1727796164328,3.69208501058165
2011,222.8112923192852,342.69,565.5012923192852,1.0024896265560168,1650.0043041333445,3.8315245169117134
2012,213.70079121588887,348.16,561.8607912158889,1.0024896265560168,1652.1988579466044,2.1945538132599722
2013,225.01673932935032,348.96,573.9767393293503,1.0024896265560168,1658.171311794296,5.97245384769144
2014,216.49168415953494,357.09000000000003,573.5816841595349,1.0024896265560168,1663.3452221615723,5.173910367276449
2015,210.13999677054736,365.45,575.5899967705474,1.0024896265560168,1668.6078608909104,5.26263872933805
2016,217.28564508315839,358.0,575.2856450831584,1.0024896265560168,1673.1813894507077,4.573528559797296
2017,215.0,360.73,575.73,1.0024896265560168,1677.3914185898936,4.210029139185963
2018,215.0,362.77000000000004,577.77,1.0024896265560168,1681.8084024760228,4.416983886129174
2019,215.0,371.87,586.87,1.0024896265560168,1688.753500499389,6.945098023366199
2020,215.0,367.56,582.56,1.0024896265560168,1693.491407462549,4.737906963159958
