,natemis,Antr+BB,Totemis,ch4lifetime_fact,Conc,Trend
1950,215.0,140.0104525128931,355.0104525128931,1.0,1148.2921671265242,
1951,215.0,155.2647590189582,370.2647590189582,1.0,1142.6490757852414,-5.643091341282798
1952,215.0,160.56519897750266,375.56519897750263,1.0,1139.3976392869768,-3.2514364982646384
1953,215.0,165.67239729952678,380.6723972995268,1.0,1138.2059054457936,-1.1917338411831224
1954,215.0,170.3596523094297,385.3596523094297,1.0,1138.703823714394,0.4979182686004151
1955,215.0,174.7266808075245,389.72668080752453,1.0,1140.595885116149,1.8920614017549724
1956,215.0,180.6573371490168,395.6573371490168,1.0,1144.2451265094755,3.6492413933265198
1957,215.0,186.04093508154867,401.0409350815487,1.0,1149.2731674507006,5.028040941225072
1958,215.0,188.36536028264797,403.365360282648,1.0,1154.509948900656,5.236781449955288
1959,215.0,192.664060295518,407.66406029551797,1.0,1160.5875762235828,6.077627322926901
1960,215.0,197.23630741186156,412.23630741186156,1.0,1167.5027199722417,6.91514374865892
1961,215.0,205.11807849022705,420.11807849022705,1.0,1176.260396798183,8.75767682594119
1962,215.0,207.1876477655343,422.1876477655343,1.0,1184.7245913836991,8.464194585516225
1963,215.0,216.17384055615415,431.1738405561541,1.0,1195.2245500359925,10.499958652293344
1964,215.0,216.530721226075,431.530721226075,1.0,1204.6673138021704,9.442763766177904
1965,215.0,222.6427900199044,437.6427900199044,1.0,1215.082034424504,10.414720622333562
1966,215.0,226.28509422379705,441.28509422379705,1.0,1225.5398962590723,10.457861834568348
1967,215.0,232.3092249518556,447.30922495185564,1.0,1236.8268579188905,11.28696165981819
1968,215.0,235.30852018679144,450.30852018679144,1.0,1247.8458106543333,11.018952735442781
1969,215.0,239.15630983176808,454.1563098317681,1.0,1258.9084717277492,11.062661073415939
1970,215.0,244.39032168242014,459.3903216824201,1.0,1270.4701861127298,11.561714384980633
1971,215.0,249.2500236569801,464.2500236569801,1.0,1282.3508002482222,11.880614135492351
1972,215.0,257.1728277174416,472.1728277174416,1.0,1295.5315859934315,13.180785745209278
1973,215.0,260.25257580258824,475.25257580258824,1.0,1308.2590220299608,12.727436036529298
1974,215.0,261.75608614159665,476.75608614159665,1.0,1320.0605440450217,11.801522015060982
1975,215.0,262.9879199985267,477.9879199985267,1.0,1330.949627649278,10.889083604256257
1976,215.0,269.88077697352765,484.88077697352765,1.0,1342.9079524898002,11.95832484052221
1977,215.0,273.963154930751,488.963154930751,1.0,1354.8826895266109,11.974737036810666
1978,215.0,276.2604287421843,491.2604287421843,1.0,1366.2793294646717,11.396639938060844
1979,215.0,281.5334355614996,496.5334355614996,1.0,1378.1505737293603,11.871244264688585
1980,215.0,283.2799933041633,498.2799933041633,1.0,1389.2724660114977,11.121892282137424
1981,215.0,279.7228833024812,494.7228833024812,1.0,1397.9680430947417,8.695577083243961
1982,215.0,287.61463066683257,502.61463066683257,1.0,1408.3101099661012,10.34206687135952
1983,215.0,281.5577046073275,496.5577046073275,1.0,1415.48321606544,7.173106099338838
1984,215.0,284.9536362831875,499.9536362831875,1.0,1422.9806296355312,7.497413570091112
1985,215.0,285.63759742417085,500.63759742417085,1.0,1429.8656377903958,6.885008154864636
1986,215.0,290.77781253724584,505.77781253724584,1.0,1437.686330558982,7.820692768586241
1987,215.0,295.02494838641707,510.02494838641707,1.0,1446.041428288314,8.355097729331874
1988,215.0,298.6755905767461,513.6755905767461,1.0,1454.6730519484772,8.631623660163314
1989,215.0,302.17109081824873,517.1710908182488,1.0,1463.4987302622226,8.825678313745357
1990,195.859372138931,305.2999200711051,501.1592922100361,1.0,1466.020125443752,2.521395181529442
1991,196.4677865234781,318.81183287573293,515.279619399211,1.0,1472.9472828791124,6.927157435360414
1992,186.22954503459533,299.49068782266335,485.7202328572587,1.0,1469.2848064563898,-3.662476422722648
1993,187.33483185418655,299.5481852918242,486.88301714601073,1.0,1466.4184738071176,-2.866332649272181
1994,194.24032411385,310.39650696329267,504.6368310771427,1.0,1469.767520764964,3.34904695784644
1995,196.26542045954338,305.56039716107193,501.82581762061534,1.0,1471.8082908969081,2.0407701319441003
1996,208.3748607752008,307.45705920620384,515.8319199814047,1.0,1478.2707152415362,6.462424344628062
1997,210.57397740266572,331.457796516877,542.0317739195427,1.0,1492.7081421366831,14.437426895146928
1998,209.1911838875435,315.50915615703855,524.700340044582,1.0,1499.7748056725452,7.066663535862062
1999,217.52201870655188,309.5890972813972,527.111115987949,1.0,1506.8506139684298,7.075808295884599
2000,223.5473177914537,310.3755556419565,533.9228734334102,1.0,1515.395710956011,8.545096987581246
2001,208.76739978844725,313.1005194228316,521.8679192112788,1.0,1518.9816516740775,3.5859407180664675
2002,212.5426383460839,322.47491151980734,535.0175498658912,1.0,1526.5318767323527,7.550225058275146
2003,209.4704631541179,328.33133481161764,537.8017979657355,1.0,1534.1610983821083,7.629221649755664
2004,218.0441344921813,339.1599047856282,557.2040392778096,1.0,1547.3778037470195,13.21670536491115
2005,209.43411713475498,346.62478641877203,556.058903553527,1.0,1558.7344357181582,11.356631971138768
2006,219.66477835127023,356.7053574534424,576.3701358047126,1.0,1575.5629861218702,16.828550403711915
2007,218.52915094169083,355.2617524896731,573.7909034313639,1.0,1589.6509102718378,14.087924149967648
2008,220.73970219562665,360.75844432030715,581.4981465159337,1.0,1604.7202847427666,15.069374470928778
2009,225.16131562752406,364.45377111581536,589.6150867433394,1.0,1620.7972396893254,16.07695494655877
2010,222.0698885088719,371.1593157300012,593.2292042388731,1.0,1636.2739759714811,15.476736282155798
2011,236.78903992011058,372.924998542445,609.7140384625555,1.0,1655.4909010283088,19.216925056827677
2012,215.0776771228679,381.0856580369786,596.1633351598465,1.0,1668.057139909947,12.566238881638128
2013,213.66667097656892,381.87778643760544,595.5444574141743,1.0,1679.0108609455456,10.953721035598619
2014,220.38733015363204,388.1687589286987,608.5560890823308,1.0,1693.0580773607599,14.04721641521428
2015,214.02416939645465,398.732,612.7561693964547,1.0,1706.9268906301766,13.868813269416705
2016,204.99377754132416,390.97880000000004,595.9725775413242,1.0,1713.6704971133486,6.743606483172016
2017,218.8150981385997,393.4056,612.2206981385997,1.0,1725.0535516483264,11.383054534977873
2018,219.12510429468114,395.1424,614.2675042946812,1.0,1735.8416022515285,10.78805060320201
2019,214.5585473649176,403.9392,618.4977473649176,1.0,1746.8261935434032,10.984591291874722
2020,215.0,399.326,614.326,1.0,1755.1957777862065,8.369584242803285
