,natemis,Antr+BB,Totemis,ch4lifetime_fact,Conc,Trend
1950,215.0,163.17450659965715,378.17450659965715,1.1198738170347002,1168.2253112438502,
1951,215.0,179.19507276100282,394.19507276100285,1.1198738170347002,1180.6454416422432,12.420130398392985
1952,215.0,185.26177237482784,400.26177237482784,1.1198738170347002,1193.8238064296772,13.17836478743402
1953,215.0,191.13523035213254,406.13523035213257,1.1198738170347002,1207.618545815428,13.794739385750745
1954,215.0,196.588745017316,411.588745017316,1.1198738170347002,1221.826591603354,14.20804578792604
1955,215.0,201.72203317069142,416.7220331706914,1.1198738170347002,1236.2988797274659,14.472288124111856
1956,215.0,208.41894916746426,423.41894916746423,1.1198738170347002,1251.5304408492634,15.23156112179754
1957,215.0,214.5688067552767,429.5688067552767,1.1198738170347002,1267.261194358155,15.730753508891667
1958,215.0,217.6594916116566,432.65949161165656,1.1198738170347002,1282.418970613795,15.157776255639874
1959,215.0,222.72445127980714,437.7244512798071,1.1198738170347002,1297.7212941452603,15.30232353146539
1960,215.0,228.0629580514313,443.06295805143134,1.1198738170347002,1313.2447376370249,15.52344349176451
1961,215.0,236.72050668084023,451.72050668084023,1.113564668769716,1329.4144039991513,16.169666362126463
1962,215.0,239.56585350719098,454.565853507191,1.1159305993690851,1345.1279535673086,15.713549568157305
1963,215.0,249.3278238488543,464.32782384885434,1.1175078864353312,1362.6613238547807,17.533370287472053
1964,215.0,250.4604820698185,465.4604820698185,1.1190851735015772,1378.9518046281503,16.29048077336961
1965,215.0,257.3483284146914,472.3483284146914,1.1175078864353312,1395.7059502232642,16.75414559511387
1966,215.0,261.76641016962753,476.76641016962753,1.1064668769716088,1410.985081021252,15.279130797987818
1967,215.0,268.56631844872953,483.56631844872953,1.1056782334384858,1426.868545836936,15.883464815683965
1968,215.0,272.34139123470885,487.34139123470885,1.1054131054131053,1442.3434413973732,15.47489556043729
1969,215.0,276.9649584307289,491.9649584307289,1.0962145110410093,1456.679150197682,14.335708800308794
1970,215.0,282.9747478324244,497.9747478324244,1.1017350157728707,1472.191436166519,15.512285968836977
1971,215.0,292.39338546227265,507.39338546227265,1.107312440645774,1489.91015642262,17.71872025610105
1972,215.0,305.77288904383573,520.7728890438357,1.0949667616334284,1508.761462149623,18.85130572700291
1973,215.0,317.30180353705,532.30180353705,1.0864197530864197,1528.4219495926911,19.660487443068178
1974,215.0,319.6737152945646,534.6737152945645,1.092117758784425,1547.5455855049825,19.12363591229132
1975,215.0,313.4687162301143,528.4687162301143,1.0892687559354226,1562.2414008678056,14.695815362823168
1976,215.0,328.0681369115893,543.0681369115894,1.090218423551757,1580.395055257279,18.15365438947333
1977,215.0,327.50971043294277,542.5097104329427,1.0816714150047484,1595.334072399542,14.939017142263083
1978,215.0,337.29152495073333,552.2915249507333,1.0721747388414056,1610.67084518943,15.336772789888073
1979,215.0,339.2625001945196,554.2625001945196,1.0796529968454258,1626.0734459259806,15.40260073655054
1980,215.0,331.9744129863428,546.9744129863428,1.0978157644824313,1639.8955567136638,13.822110787683187
1981,215.0,315.6808105870111,530.6808105870111,1.0788224121557457,1644.2517127040708,4.356155990406933
1982,215.0,321.2350753555989,536.2350753555988,1.0858490566037737,1650.975023014243,6.723310310172337
1983,215.0,310.5807537196765,525.5807537196765,1.0683760683760681,1650.9909742321677,0.015951217924566663
1984,215.0,309.44370211114114,524.4437021111412,1.0826210826210825,1652.6311801063903,1.6402058742226018
1985,215.0,308.5329440305821,523.532944030582,1.0759734093067426,1652.865779216511,0.23459911012082557
1986,215.0,311.14209539675954,526.1420953967595,1.0664767331433995,1652.596750015727,-0.269029200784189
1987,215.0,313.06531577001317,528.0653157700132,1.0597156398104266,1652.0228821946764,-0.5738678210504986
1988,215.0,317.1635669480235,532.1635669480236,1.056980056980057,1652.4773670195643,0.4544848248879134
1989,215.0,319.83132361261084,534.8313236126108,1.0503323836657168,1652.7967486716282,0.3193816520638393
1990,207.13777445155313,323.79183660072556,530.9296110522787,1.0556603773584907,1652.5651261616324,-0.23162250999575917
1991,206.4189161040385,335.4818104403371,541.9007265443756,1.0797752808988763,1659.461228667108,6.896102505475483
1992,194.53550769894048,316.3955526293896,510.9310603283301,1.074688796680498,1654.5953258480213,-4.865902819086614
1993,199.9311640200513,315.00618740051794,514.9373514205693,1.0382022471910113,1646.2583228351425,-8.337003012878768
1994,202.9940352402028,322.1935623385285,525.1875975787314,1.053932584269663,1644.5636428023706,-1.6946800327718847
1995,197.44693511447778,309.8613907722203,507.30832588669807,1.0258426966292136,1632.9068784756128,-11.656764326757866
1996,207.20103192719466,309.1011425162106,516.3021744434052,1.0126182965299684,1623.4797371121201,-9.427141363492638
1997,217.73968242650653,332.86,550.5996824265065,1.0674157303370786,1634.6095450746507,11.129807962530549
1998,212.1138313815474,317.28000000000003,529.3938313815474,1.0443396226415094,1634.161298348086,-0.4482467265647756
1999,216.99656031183122,311.53999999999996,528.5365603118312,1.0058091286307054,1627.588162401673,-6.573135946413004
2000,224.30553653458136,309.38,533.6855365345814,1.0,1622.5354514681385,-5.052710933534399
2001,212.51997324232056,313.65,526.1699732423206,1.0141509433962264,1617.7735556881519,-4.761895779986617
2002,212.1704320233259,324.65000000000003,536.8204320233259,1.02909796314258,1619.3557298875314,1.5821741993795513
2003,211.94485638005466,326.12,538.0648563800546,1.0404494382022471,1622.8692097253447,3.5134798378132928
2004,211.43839792487432,330.53000000000003,541.9683979248744,1.0337078651685394,1626.2983164564139,3.4291067310691687
2005,214.9095743035305,334.55,549.4595743035305,1.0112359550561796,1628.403179112051,2.1048626556371346
2006,211.9578219242644,340.45,552.4078219242645,1.0146067415730338,1631.7802521590138,3.377073046962778
2007,220.7534076670482,336.24,556.9934076670482,1.0258426966292136,1638.0421738615617,6.261921702547852
2008,226.26119336847543,335.67,561.9311933684754,1.0,1641.1967526844849,3.154578822923213
2009,227.79548429501534,339.88,567.6754842950154,1.0078651685393258,1647.165601337464,5.968848652979204
2010,222.70559512358187,341.18,563.8855951235819,1.0024896265560168,1650.3496925842878,3.1840912468237548
2011,231.1165900907369,342.69,573.8065900907369,1.0024896265560168,1656.4722746923164,6.12258210802861
2012,214.23806968250926,348.16,562.3980696825092,1.0024896265560168,1658.1224986752661,1.650223982949683
2013,219.16898297119255,348.96,568.1289829711925,1.0024896265560168,1661.4912850469316,3.3687863716654647
2014,228.10570225698547,357.09000000000003,585.1957022569854,1.0024896265560168,1670.15067387156,8.659388824628422
2015,219.00148484941846,365.45,584.4514848494184,1.0024896265560168,1677.59533996063,7.444666089070097
2016,213.7915772904531,358.0,571.7915772904531,1.0024896265560168,1680.0043924864729,2.4090525258427533
2017,220.463654903922,360.73,581.193654903922,1.0024896265560168,1685.2662316988803,5.261839212407494
2018,222.41348146598264,362.77000000000004,585.1834814659827,1.0024896265560168,1691.264939029334,5.998707330453726
2019,219.24138085349597,371.87,591.111380853496,1.0024896265560168,1698.5617167614391,7.296777732105056
2020,215.0,367.56,582.56,1.0024896265560168,1702.2036490926066,3.6419323311674816
