,natemis,Antr+BB,Totemis,ch4lifetime_fact,Conc,Trend
1950,215.0,163.598,378.598,1.0,1156.1234580696766,
1951,215.0,178.6518045817319,393.6518045817319,1.0,1157.3682177523867,1.2447596827100824
1952,215.0,183.7517426159432,398.75174261594316,1.0,1160.1668295338286,2.7986117814418776
1953,215.0,188.65843901363414,403.65843901363417,1.0,1164.2811501852748,4.114320651446178
1954,215.0,193.14519209920383,408.1451920992038,1.0,1169.424434307104,5.143284121829311
1955,215.0,197.31171867296544,412.3117186729654,1.0,1175.37515037469,5.950716067585972
1956,215.0,203.04187309012457,418.04187309012457,1.0,1182.5620294269106,7.186879052220547
1957,215.0,208.22496909832324,423.22496909832324,1.0,1190.6650294087437,8.102999981833136
1958,215.0,210.34889237508935,425.34889237508935,1.0,1198.5658975074878,7.900868098744013
1959,215.0,214.44709046362615,429.4470904636262,1.0,1206.9427445592996,8.376847051811865
1960,215.0,218.81883565563655,433.8188356556366,1.0,1215.833095346065,8.890350786765339
1961,215.0,224.59797580858205,439.5979758085821,1.0,1225.6467213045075,9.813625958442572
1962,215.0,224.56491415846932,439.5649141584693,1.0,1234.3505366264258,8.703815321918228
1963,215.0,231.44847602366914,446.4484760236692,1.0,1244.3651920887514,10.014655462325663
1964,215.0,229.70272576816996,444.70272576816996,1.0,1252.678898629778,8.313706541026477
1965,215.0,233.7121636365794,448.71216363657936,1.0,1261.3928892724264,8.713990642648469
1966,215.0,235.251836915052,450.25183691505197,1.0,1269.6423586966077,8.24946942418137
1967,215.0,239.17333671769057,454.1733367176906,1.0,1278.270108589155,8.627749892547172
1968,215.0,240.0700010272064,455.0700010272064,1.0,1286.2295085428077,7.959399953652792
1969,215.0,241.81515974676304,456.815159746763,1.0,1293.8771020912006,7.647593548392933
1970,215.0,244.94654067199508,459.9465406719951,1.0,1301.7080412717762,7.8309391805755695
1971,215.0,248.76207785759098,463.76207785759095,1.0,1309.928943243553,8.220901971776811
1972,215.0,256.04497069059664,471.04497069059664,1.0,1319.6473389630787,9.718395719525688
1973,215.0,255.60237187520235,470.6023718752024,1.0,1328.1306167483374,8.483277785258679
1974,215.0,258.8376989548787,473.8376989548787,1.0,1336.7381795339015,8.607562785564141
1975,215.0,261.71079484263964,476.71079484263964,1.0,1345.3358468872625,8.597667353360976
1976,215.0,266.11259910976634,481.11259910976634,1.0,1354.4322725778302,9.096425690567685
1977,215.0,269.5931488630674,484.5931488630674,1.0,1363.6657452317845,9.233472653954323
1978,215.0,272.7548380298701,487.7548380298701,1.0,1372.9150549118428,9.249309680058332
1979,215.0,276.282103452212,491.282103452212,1.0,1382.2998031495108,9.384748237667964
1980,215.0,279.7152927768357,494.7152927768357,1.0,1391.7735906972234,9.473787547712618
1981,215.0,281.48962262623303,496.48962262623303,1.0,1400.775690621887,9.002099924663526
1982,215.0,290.3138617386215,505.3138617386215,1.0,1411.6995550671554,10.923864445268464
1983,215.0,285.25634640067585,500.25634640067585,1.0,1419.72112863871,8.021573571554654
1984,215.0,288.3160050399723,503.3160050399723,1.0,1427.8603607335253,8.13923209481527
1985,215.0,290.7718115359584,505.7718115359584,1.0,1435.903592424695,8.043231691169694
1986,215.0,293.2029897176004,508.2029897176004,1.0,1443.8533960630168,7.949803638321782
1987,215.0,297.6636160553672,512.6636160553671,1.0,1452.394028969945,8.540632906928295
1988,215.0,297.990817919549,512.990817919549,1.0,1460.086999477787,7.692970507841892
1989,215.0,299.2419704961214,514.2419704961214,1.0,1467.333980988431,7.246981510643991
1990,195.859372138931,302.9738366007256,498.8332087396566,1.0,1468.6536603861357,1.3196793977047037
1991,196.4677865234781,316.0443104403371,512.5120969638152,1.0,1474.3670964672506,5.713436081114878
1992,186.22954503459533,298.3385526293896,484.56809766398493,1.0,1470.1631233223839,-4.203973144866723
1993,187.33483185418655,298.32968740051797,485.6645192547045,1.0,1466.793892408551,-3.36923091383278
1994,194.24032411385,306.8975623385286,501.13788645237855,1.0,1468.9392206452403,2.145328236689238
1995,196.26542045954338,295.94589077222037,492.2113112317637,1.0,1467.880627817896,-1.0585928273442278
1996,208.3748607752008,293.32614251621055,501.7010032914113,1.0,1470.091234218545,2.210606400648885
1997,210.57397740266572,315.2255,525.7994774026657,1.0,1480.0552419951,9.964007776555036
1998,209.1911838875435,297.786,506.9771838875435,1.0,1482.654396500224,2.5991545051240337
1999,217.52201870655188,290.18649999999997,507.70851870655184,1.0,1485.2053332463515,2.5509367461274906
2000,223.5473177914537,286.167,509.7143177914537,1.0,1488.1365854894345,2.9312522430830086
2001,208.76739978844725,293.96279999999996,502.7301997884472,1.0,1488.42083092477,0.2842454353353787
2002,212.5426383460839,308.4886,521.0312383460839,1.0,1494.7493688474617,6.328537922691794
2003,209.4704631541179,313.4844,522.9548631541179,1.0,1501.0079607896355,6.25859194217378
2004,218.0441344921813,321.4202,539.4643344921814,1.0,1512.0470789091657,11.039118119530258
2005,209.43411713475498,328.966,538.400117134755,1.0,1521.4968142271396,9.449735317973818
2006,219.66477835127023,339.5914,559.2561783512703,1.0,1536.812872032259,15.316057805119499
2007,218.52915094169083,340.1068,558.6359509416909,1.0,1550.2080660614754,13.395194029216327
2008,220.73970219562665,344.2622,565.0019021956266,1.0,1564.2169538630044,14.008887801529
2009,225.16131562752406,353.1976,578.3589156275241,1.0,1581.0919193933655,16.874965530361123
2010,222.0698885088719,359.223,581.2928885088719,1.0,1597.0514983341802,15.959578940814708
2011,236.78903992011058,364.4245,601.2135399201106,1.0,1617.837926157311,20.78642782313068
2012,215.0776771228679,373.586,588.663677122868,1.0,1632.130218838231,14.292292680920127
2013,213.66667097656892,378.0775,591.744170976569,1.0,1645.844953737138,13.714734898906954
2014,220.38733015363204,389.899,610.286330153632,1.0,1664.1802206171114,18.33526687997346
2015,214.02416939645465,401.9505,615.9746693964546,1.0,1682.351066571266,18.17084595415463
2016,204.99377754132416,399.27200000000005,604.2657775413243,1.0,1694.5998550403797,12.248788469113606
2017,218.8150981385997,406.7735,625.5885981385998,1.0,1712.556523971106,17.95666893072621
2018,219.12510429468114,413.58500000000004,632.7101042946812,1.0,1730.8669887683727,18.31046479726683
2019,214.5585473649176,427.4565,642.0150473649176,1.0,1750.2165567309094,19.34956796253664
2020,215.0,427.918,642.918,1.0,1767.6993382154897,17.4827814845803
