,natemis,Antr+BB,Totemis,ch4lifetime_fact,Conc,Trend
1950,215.0,163.598,378.598,1.0488608866700293,1161.4352498411645,
1951,215.0,178.6518045817319,393.6518045817319,1.0455466626386185,1167.0671846347016,5.631934793537084
1952,215.0,183.7517426159432,398.75174261594316,1.0435105097854591,1173.5732334318295,6.50604879712796
1953,215.0,188.65843901363414,403.65843901363417,1.0405455939203825,1180.6920783440007,7.118844912171198
1954,215.0,193.14519209920383,408.1451920992038,1.044295794488673,1188.9346238811302,8.242545537129445
1955,215.0,197.31171867296544,412.3117186729654,1.037508489961066,1196.9373015660221,8.002677684891978
1956,215.0,203.04187309012457,418.04187309012457,1.028116236302615,1204.93604694967,7.998745383647929
1957,215.0,208.22496909832324,423.22496909832324,1.0421601616543277,1215.3430305767693,10.40698362709918
1958,215.0,210.34889237508935,425.34889237508935,1.048657602665344,1226.0448014655854,10.7017708888161
1959,215.0,214.44709046362615,429.4470904636262,1.036391182649435,1235.5903352754126,9.545533809827248
1960,215.0,218.81883565563655,433.8188356556366,1.0366828171259594,1245.585320432737,9.994985157324436
1961,215.0,224.59797580858205,439.5979758085821,1.0360169714873653,1256.3398173365013,10.75449690376422
1962,215.0,224.56491415846932,439.5649141584693,1.0483804322861743,1267.3272867702774,10.987469433776141
1963,215.0,231.44847602366914,446.4484760236692,1.0443546910580446,1278.9613549208082,11.634068150530766
1964,215.0,229.70272576816996,444.70272576816996,1.0448466365780047,1288.8146806811621,9.853325760353982
1965,215.0,233.7121636365794,448.71216363657936,1.0416887487729276,1298.5685000461306,9.753819364968422
1966,215.0,235.251836915052,450.25183691505197,1.045021997433171,1308.1714406593037,9.602940613173132
1967,215.0,239.17333671769057,454.1733367176906,1.0453696087467055,1318.083473217501,9.912032558197325
1968,215.0,240.0700010272064,455.0700010272064,1.0399298066040126,1326.5724776037182,8.489004386217175
1969,215.0,241.81515974676304,456.815159746763,1.044521823964872,1335.2755064787998,8.7030288750816
1970,215.0,244.94654067199508,459.9465406719951,1.0439258467327728,1344.0082782482655,8.732771769465671
1971,215.0,248.76207785759098,463.76207785759095,1.0436193741341604,1353.0294806543332,9.021202406067687
1972,215.0,256.04497069059664,471.04497069059664,1.0520906785217377,1364.5307336454157,11.501252991082538
1973,215.0,255.60237187520235,470.6023718752024,1.0403958536106162,1373.2093829373857,8.678649291970032
1974,215.0,258.8376989548787,473.8376989548787,1.035825630675854,1381.4488992293775,8.239516291991777
1975,215.0,261.71079484263964,476.71079484263964,1.0405937531705223,1390.35112024172,8.90222101234258
1976,215.0,266.11259910976634,481.11259910976634,1.0471224324819541,1400.5760816307786,10.224961389058535
1977,215.0,269.5931488630674,484.5931488630674,1.0411935162013237,1410.1045972648494,9.5285156340708
1978,215.0,272.7548380298701,487.7548380298701,1.039175143440748,1419.3932104223654,9.28861315751601
1979,215.0,276.282103452212,491.282103452212,1.0376285224625028,1428.6465448873025,9.253334464937097
1980,215.0,279.7152927768357,494.7152927768357,1.046993032958082,1439.25330194854,10.606757061237431
1981,215.0,281.48962262623303,496.48962262623303,1.057235362607005,1450.6234136681055,11.370111719565557
1982,215.0,290.3138617386215,505.3138617386215,1.0571718977688278,1463.7072051239782,13.083791455872642
1983,215.0,285.25634640067585,500.25634640067585,1.059741846409663,1474.0397590551104,10.332553931132225
1984,215.0,288.3160050399723,503.3160050399723,1.0468082345506051,1482.5902676929713,8.550508637860958
1985,215.0,290.7718115359584,505.7718115359584,1.0438054769311433,1490.6338176538206,8.043549960849305
1986,215.0,293.2029897176004,508.2029897176004,1.049246969643094,1499.3481295658642,8.714311912043513
1987,215.0,297.6636160553672,512.6636160553671,1.040268768905054,1507.3915217748324,8.043392208968271
1988,215.0,297.990817919549,512.990817919549,1.0374802786999169,1514.2878035383947,6.896281763562229
1989,215.0,299.2419704961214,514.2419704961214,1.0428034452743942,1521.5861462733537,7.298342734959078
1990,196.74772668865427,302.9738366007256,499.72156328937984,1.0438158204508707,1523.4034084062043,1.8172621328506011
1991,198.2364378165914,316.0443104403371,514.2807482569285,1.044515988674617,1529.9649364028135,6.561527996609129
1992,187.79558900194488,298.3385526293896,486.1341416313345,1.0373376907957834,1525.4561911251683,-4.5087452776451755
1993,189.79585223160905,298.32968740051797,488.125539632127,1.0235051451726433,1520.1475301352189,-5.308660989949431
1994,197.35571953699662,306.8975623385286,504.2532818755252,1.025931824493182,1521.1284121323772,0.9808819971583489
1995,197.11477002867338,295.94589077222037,493.06066080089374,1.0098251171866819,1515.9592432168895,-5.169168915487717
1996,209.69448889653663,293.32614251621055,503.0206314127472,1.0059472571608135,1514.1043377317937,-1.8549054850957418
1997,210.47768420635288,315.2255,525.703184206353,1.0155065898427584,1521.3847351039956,7.280397372201833
1998,209.4890943325314,297.786,507.2750943325314,1.0260604213678781,1523.2528398944767,1.868104790481084
1999,218.13505086211853,290.18649999999997,508.3215508621185,0.9977243350302163,1521.1204949630383,-2.1323449314384106
2000,224.43379724003518,286.167,510.60079724003515,1.0,1520.3246383034973,-0.7958566595409593
2001,209.41124316982896,293.96279999999996,503.37404316982895,0.9976712650532031,1516.8704029692462,-3.4542353342510523
2002,214.11349174689514,308.4886,522.6020917468952,0.9898186618728184,1519.0013731678248,2.1309701985785523
2003,210.067351186169,313.4844,523.551751186169,0.994865821953046,1521.9719031522854,2.9705299844606543
2004,215.94404838269085,321.4202,537.3642483826909,0.9830062724148221,1527.3774004713591,5.405497319073675
2005,208.63713125161553,328.966,537.6031312516155,0.9724656594085386,1530.5937298361378,3.2163293647786304
2006,219.32569205221733,339.5914,558.9170920522174,0.9697798027915692,1540.07882660183,9.485096765692333
2007,218.0672449705479,340.1068,558.1740449705479,0.9645130934714374,1547.3758044267956,7.296977824965552
2008,221.76288071196748,344.2622,566.0250807119675,0.9627371565534859,1556.1416962907272,8.765891863931529
2009,224.22978858618197,353.1976,577.427388586182,0.9682589027181607,1568.5802897687931,12.438593478065968
2010,221.6122031167196,359.223,580.8352031167196,0.9741615880697929,1581.6847053416543,13.104415572861171
2011,234.96775986419928,364.4245,599.3922598641993,0.9620153522297454,1597.42133245129,15.73662710963572
2012,214.6834019506841,373.586,588.2694019506841,0.9808702795232336,1610.7955027420433,13.374170290753227
2013,213.16365728260934,378.0775,591.2411572826093,0.9678609782840504,1621.4603861222909,10.664883380247602
2014,219.12119513617802,389.899,609.020195136178,0.9658128139938376,1636.4411988170232,14.980812694732322
2015,212.69994127272804,401.9505,614.650441272728,0.9658128139938376,1651.561565856054,15.120367039030725
2016,204.5384273311009,399.27200000000005,603.810427331101,0.9658128139938376,1661.3469915110677,9.785425655013796
2017,216.96409157036751,406.7735,623.7375915703675,0.9658128139938376,1676.6088261822795,15.261834671211773
2018,218.8718073210817,413.58500000000004,632.4568073210817,0.9658128139938376,1693.0015469512223,16.39272076894281
2019,213.25609550943,427.4565,640.71259550943,0.9658128139938376,1710.2412474778243,17.239700526602064
2020,215.0,427.918,642.918,0.9658128139938376,1726.2251636181877,15.983916140363363
