,natemis,Antr+BB,Totemis,ch4lifetime_fact,Conc,Trend
1950,215.0,140.0104525128931,355.0104525128931,1.0082976017871197,1149.2253810176041,
1951,215.0,155.2647590189582,370.2647590189582,1.008017040016338,1144.373564633559,-4.851816384045151
1952,215.0,160.56519897750266,375.56519897750263,1.0077364782455562,1141.7909273336911,-2.5826372998678835
1953,215.0,165.67239729952678,380.6723972995268,1.0074559164747743,1141.16094249563,-0.6299848380610911
1954,215.0,170.3596523094297,385.3596523094297,1.0071753547039928,1142.1268504889563,0.9659079933262547
1955,215.0,174.7266808075245,389.72668080752453,1.0068947929332108,1144.4045865240746,2.2777360351183233
1956,215.0,180.6573371490168,395.6573371490168,1.006614231162429,1148.3672691895151,3.962682665440525
1957,215.0,186.04093508154867,401.0409350815487,1.0063336693916476,1153.6453399894508,5.278070799935676
1958,215.0,188.36536028264797,403.365360282648,1.0060531076208656,1159.07598994556,5.430649956109164
1959,215.0,192.664060295518,407.66406029551797,1.005772545850084,1165.2975765810213,6.221586635461335
1960,215.0,197.23630741186156,412.23630741186156,1.0054919840793022,1172.3124478283141,7.014871247292831
1961,215.0,205.11807849022705,420.11807849022705,1.0052114223085205,1181.1308648926101,8.818417064296
1962,215.0,207.1876477655343,422.1876477655343,1.0049308605377387,1189.6210614357155,8.490196543105412
1963,215.0,216.17384055615415,431.1738405561541,1.0046502987669568,1200.1160854714017,10.495024035686129
1964,215.0,216.530721226075,431.530721226075,1.004369736996175,1209.526073758206,9.409988286804264
1965,215.0,222.6427900199044,437.6427900199044,1.0040891752253935,1219.8827227827237,10.356649024517765
1966,215.0,226.28509422379705,441.28509422379705,1.0038086134546116,1230.2596628144593,10.376940031735558
1967,215.0,232.3092249518556,447.30922495185564,1.0035280516838299,1241.4449736794725,11.185310865013207
1968,215.0,235.30852018679144,450.30852018679144,1.0032474899130481,1252.3433338687214,10.898360189248933
1969,215.0,239.15630983176808,454.1563098317681,1.0029669281422664,1263.2679220712919,10.924588202570476
1970,215.0,244.39032168242014,459.3903216824201,1.0026863663714847,1274.6754927854956,11.407570714203757
1971,215.0,249.2500236569801,464.2500236569801,1.0036125027400429,1286.5380676610241,11.86257487552848
1972,215.0,257.1728277174416,472.1728277174416,1.0045386391086013,1299.8239938441507,13.285926183126548
1973,215.0,260.25257580258824,475.25257580258824,1.0054647754771595,1312.7682847356898,12.94429089153914
1974,215.0,261.75608614159665,476.75608614159665,1.006390911845718,1324.8876399347923,12.119355199102529
1975,215.0,262.9879199985267,477.9879199985267,1.0073170482142761,1336.185671336827,11.298031402034667
1976,215.0,269.88077697352765,484.88077697352765,1.0082431845828346,1348.6358975928354,12.450226256008364
1977,215.0,273.963154930751,488.963154930751,1.009169320951393,1361.178646486503,12.54274889366775
1978,215.0,276.2604287421843,491.2604287421843,1.0100954573199512,1373.2126812113304,12.03403472482728
1979,215.0,281.5334355614996,496.5334355614996,1.0110215936885096,1385.7849380370146,12.572256825684235
1980,215.0,283.2799933041633,498.2799933041633,1.0119477300570678,1397.6661873899286,11.881249352913983
1981,215.0,279.7228833024812,494.7228833024812,1.0119166428840465,1407.044183557521,9.3779961675923
1982,215.0,287.61463066683257,502.61463066683257,1.0118855557110251,1417.9998416718618,10.95565811434085
1983,215.0,281.5577046073275,496.5577046073275,1.0118544685380038,1425.724296493068,7.724454821206336
1984,215.0,284.9536362831875,499.9536362831875,1.0118233813649828,1433.7161081794459,7.991811686377787
1985,215.0,285.63759742417085,500.63759742417085,1.0117922941919613,1441.0446458740269,7.328537694580973
1986,215.0,290.77781253724584,505.77781253724584,1.01176120701894,1449.263814201782,8.219168327755142
1987,215.0,295.02494838641707,510.02494838641707,1.0117301198459188,1457.9781116346599,8.714297432877856
1988,215.0,298.6755905767461,513.6755905767461,1.0116990326728972,1466.9344189899607,8.95630735530085
1989,215.0,302.17109081824873,517.1710908182488,1.011667945499876,1476.0543047217625,9.119885731801787
1990,207.13777445155313,305.2999200711051,512.4376945226581,1.0116368583268547,1482.5858955590295,6.531590837267004
1991,206.4189161040385,318.81183287573293,525.2307489797714,1.009824235180017,1492.383591469006,9.797695909976483
1992,194.53550769894048,299.49068782266335,494.0261955216038,1.0015337334334637,1489.52673499604,-2.856856472966001
1993,199.9311640200513,299.5481852918242,499.4793493118755,0.996844693397186,1488.1131558478805,-1.4135791481594424
1994,202.9940352402028,310.39650696329267,513.3905422034954,1.0084558263903243,1493.1670783224413,5.05392247456075
1995,197.44693511447778,305.56039716107193,503.00733227554974,1.0030031148607326,1493.419219987154,0.25214166471278077
1996,207.20103192719466,307.45705920620384,514.6580911333986,1.0102506923191272,1498.5631501241905,5.143930137036477
1997,217.73968242650653,331.457796516877,549.1974789433835,1.0119030530084048,1514.848668391142,16.285518266951385
1998,212.1138313815474,315.50915615703855,527.6229875385859,0.9861864069689835,1518.3200353594325,3.4713669682905675
1999,216.99656031183122,309.5890972813972,526.5856575932285,1.0063414517912073,1524.086460615507,5.766425256074399
2000,224.30553653458136,310.3755556419565,534.6810921765378,1.0,1530.953391931049,6.8669313155421605
2001,212.51997324232056,313.1005194228316,525.6204926651521,0.99386928520895,1533.1149862169661,2.16159428591709
2002,212.1704320233259,322.47491151980734,534.6453435431332,0.9928679555766652,1537.875706143864,4.760719926897764
2003,211.94485638005466,328.33133481161764,540.2761911916723,0.9864340504659566,1542.9753887880697,5.099682644205814
2004,211.43839792487432,339.1599047856282,550.5983027105026,0.979133650893039,1549.7748956539483,6.799506865878584
2005,214.9095743035305,346.62478641877203,561.5343607223025,0.9699646792990931,1557.954600370457,8.179704716508695
2006,211.9578219242644,356.7053574534424,568.6631793777068,0.9658283605068321,1566.8815508301332,8.926950459676164
2007,220.7534076670482,355.2617524896731,576.0151601567213,0.9597038162268151,1576.1981219754653,9.316571145332091
2008,226.26119336847543,360.75844432030715,587.0196376887826,0.9643339070369527,1588.8572727679189,12.659150792453602
2009,227.79548429501534,364.45377111581536,592.2492554108308,0.9671398996221703,1602.2594474415923,13.402174673673471
2010,222.70559512358187,371.1593157300012,593.8649108535831,0.9580604117459025,1613.109569976126,10.850122534533739
2011,231.1165900907369,372.924998542445,604.0415886331818,0.9585228838411334,1626.1521278456464,13.042557869520351
2012,214.23806968250926,381.0856580369786,595.3237277194878,0.9675752373720371,1636.3547840307776,10.202656185131218
2013,219.16898297119255,381.87778643760544,601.046769408798,0.9662389595250078,1647.0502224060933,10.695438375315689
2014,228.10570225698547,388.1687589286987,616.2744611856842,0.96907901809612,1662.0524311008608,15.002208694767432
2015,219.00148484941846,398.732,617.7334848494185,0.9707424683795629,1676.103714074058,14.051282973197203
2016,213.7915772904531,390.97880000000004,604.7703772904531,0.952027984493153,1680.9117825276796,4.808068453621672
2017,220.463654903922,393.4056,613.869254903922,0.9603792558988442,1689.6805111772076,8.76872864952793
2018,222.41348146598264,395.1424,617.5558814659827,0.9619692714083327,1698.9412720474277,9.26076087022011
2019,219.24138085349597,403.9392,623.1805808534959,0.963559286917821,1709.2815688660146,10.340296818586921
2020,215.0,399.326,614.326,0.9651493024273095,1715.780872375458,6.499303509443507
