,natemis,Antr+BB,Totemis,ch4lifetime_fact,Conc,Trend
1950,215.0,140.0104525128931,355.0104525128931,1.0488608866700293,1153.5853040466884,
1951,215.0,155.2647590189582,370.2647590189582,1.0455466626386185,1152.2824775013407,-1.3028265453476706
1952,215.0,160.56519897750266,375.56519897750263,1.0435105097854591,1152.6722595505257,0.38978204918498705
1953,215.0,165.67239729952678,380.6723972995268,1.0405455939203825,1154.409114303927,1.7368547534013032
1954,215.0,170.3596523094297,385.3596523094297,1.044295794488673,1157.909791902503,3.500677598575976
1955,215.0,174.7266808075245,389.72668080752453,1.037508489961066,1161.7700723590856,3.8602804565825863
1956,215.0,180.6573371490168,395.6573371490168,1.028116236302615,1166.175144828591,4.405072469505512
1957,215.0,186.04093508154867,401.0409350815487,1.0421601616543277,1173.3962950821392,7.221150253548103
1958,215.0,188.36536028264797,403.365360282648,1.048657602665344,1181.29831463125,7.902019549110719
1959,215.0,192.664060295518,407.66406029551797,1.036391182649435,1188.4633611448749,7.1650465136249295
1960,215.0,197.23630741186156,412.23630741186156,1.0366828171259594,1196.4020573214398,7.9386961765649176
1961,215.0,205.11807849022705,420.11807849022705,1.0360169714873653,1206.0261575478462,9.624100226406426
1962,215.0,207.1876477655343,422.1876477655343,1.0483804322861743,1216.6489293407592,10.622771792913
1963,215.0,216.17384055615415,431.1738405561541,1.0443546910580446,1228.6755868447992,12.026657504040031
1964,215.0,216.530721226075,431.530721226075,1.0448466365780047,1239.5764914269962,10.900904582196972
1965,215.0,222.6427900199044,437.6427900199044,1.0416887487729276,1250.9782041707756,11.401712743779399
1966,215.0,226.28509422379705,441.28509422379705,1.045021997433171,1262.73615339346,11.757949222684374
1967,215.0,232.3092249518556,447.30922495185564,1.0453696087467055,1275.26875604832,12.532602654860057
1968,215.0,235.30852018679144,450.30852018679144,1.0399298066040126,1286.815399472815,11.54664342449496
1969,215.0,239.15630983176808,454.1563098317681,1.044521823964872,1298.9282445359593,12.112845063144277
1970,215.0,244.39032168242014,459.3903216824201,1.0439258467327728,1311.4039748070002,12.475730271040902
1971,215.0,249.2500236569801,464.2500236569801,1.0436193741341604,1324.1119048091773,12.707930002177136
1972,215.0,257.1728277174416,472.1728277174416,1.0520906785217377,1339.0936886478396,14.981783838662295
1973,215.0,260.25257580258824,475.25257580258824,1.0403958536106162,1352.0759599852531,12.982271337413522
1974,215.0,261.75608614159665,476.75608614159665,1.035825630675854,1363.584700177376,11.508740192122787
1975,215.0,262.9879199985267,477.9879199985267,1.0405937531705223,1374.8474475792257,11.262747401849765
1976,215.0,269.88077697352765,484.88077697352765,1.0471224324819541,1387.9976180295469,13.150170450321184
1977,215.0,273.963154930751,488.963154930751,1.0411935162013237,1400.3422360037628,12.344617974215907
1978,215.0,276.2604287421843,491.2604287421843,1.039175143440748,1411.8559650707411,11.513729066978385
1979,215.0,281.5334355614996,496.5334355614996,1.0376285224625028,1423.674639107016,11.818674036274842
1980,215.0,283.2799933041633,498.2799933041633,1.046993032958082,1436.0036411552278,12.329002048211805
1981,215.0,279.7228833024812,494.7228833024812,1.057235362607005,1447.1330998688213,11.129458713593522
1982,215.0,287.61463066683257,502.61463066683257,1.0571718977688278,1459.6915433512088,12.558443482387474
1983,215.0,281.5577046073275,496.5577046073275,1.059741846409663,1469.2212040300199,9.52966067881107
1984,215.0,284.9536362831875,499.9536362831875,1.0468082345506051,1477.1723790172935,7.951174987273589
1985,215.0,285.63759742417085,500.63759742417085,1.0438054769311433,1484.0932268564966,6.920847839203134
1986,215.0,290.77781253724584,505.77781253724584,1.049246969643094,1492.7043089936365,8.611082137139874
1987,215.0,295.02494838641707,510.02494838641707,1.040268768905054,1500.5899766005937,7.885667606957213
1988,215.0,298.6755905767461,513.6755905767461,1.0374802786999169,1508.4528276031563,7.862851002562593
1989,215.0,302.17109081824873,517.1710908182488,1.0428034452743942,1517.3568481393645,8.904020536208236
1990,195.859372138931,305.2999200711051,501.1592922100361,1.0438158204508707,1520.1095716975155,2.7527235581510467
1991,196.4677865234781,318.81183287573293,515.279619399211,1.044515988674617,1527.3592543141565,7.249682616640939
1992,186.22954503459533,299.49068782266335,485.7202328572587,1.0373376907957834,1522.9959013370897,-4.363352977066825
1993,187.33483185418655,299.5481852918242,486.88301714601073,1.0235051451726433,1517.5444733472993,-5.451427989790318
1994,194.24032411385,310.39650696329267,504.6368310771427,1.025931824493182,1518.9382323137736,1.3937589664742518
1995,196.26542045954338,305.56039716107193,501.82581762061534,1.0098251171866819,1516.9238878617734,-2.0143444520001594
1996,208.3748607752008,307.45705920620384,515.8319199814047,1.0059472571608135,1519.2162528064084,2.2923649446349827
1997,210.57397740266572,331.457796516877,542.0317739195427,1.0155065898427584,1531.3569703776982,12.14071757128977
1998,209.1911838875435,315.50915615703855,524.700340044582,1.0260604213678781,1537.9247981443468,6.567827766648634
1999,217.52201870655188,309.5890972813972,527.111115987949,0.9977243350302163,1540.38412425183,2.4593261074830934
2000,223.5473177914537,310.3755556419565,533.9228734334102,1.0,1545.1744667309797,4.7903424791497855
2001,208.76739978844725,313.1005194228316,521.8679192112788,0.9976712650532031,1545.0718375385516,-0.1026291924281395
2002,212.5426383460839,322.47491151980734,535.0175498658912,0.9898186618728184,1548.1381545884333,3.066317049881718
2003,209.4704631541179,328.33133481161764,537.8017979657355,0.994865821953046,1552.5622325187496,4.4240779303163436
2004,218.0441344921813,339.1599047856282,557.2040392778096,0.9830062724148221,1561.0748394070702,8.512606888320533
2005,209.43411713475498,346.62478641877203,556.058903553527,0.9724656594085386,1566.5485751434842,5.473735736414028
2006,219.66477835127023,356.7053574534424,576.3701358047126,0.9697798027915692,1577.6896939223163,11.141118778832151
2007,218.52915094169083,355.2617524896731,573.7909034313639,0.9645130934714374,1585.822833050736,8.13313912841977
2008,220.73970219562665,360.75844432030715,581.4981465159337,0.9627371565534859,1595.2734941978829,9.450661147146775
2009,225.16131562752406,364.45377111581536,589.6150867433394,0.9682589027181607,1607.2516983993407,11.978204201457856
2010,222.0698885088719,371.1593157300012,593.2292042388731,0.9741615880697929,1620.0406771096943,12.788978710353604
2011,236.78903992011058,372.924998542445,609.7140384625555,0.9620153522297454,1634.7628031088605,14.72212599916611
2012,215.0776771228679,381.0856580369786,596.1633351598465,0.9808702795232336,1646.5067959090436,11.74399280018315
2013,213.66667097656892,381.87778643760544,595.5444574141743,0.9678609782840504,1654.4898911768114,7.983095267767794
2014,220.38733015363204,388.1687589286987,608.5560890823308,0.9658128139938376,1665.510622003878,11.0207308270667
2015,214.02416939645465,398.732,612.7561693964547,0.9658128139938376,1676.653289605017,11.14266760113901
2016,204.99377754132416,390.97880000000004,595.9725775413242,0.9658128139938376,1680.9496372600474,4.296347655030331
2017,218.8150981385997,393.4056,612.2206981385997,0.9658128139938376,1690.1356744088641,9.186037148816695
2018,219.12510429468114,395.1424,614.2675042946812,0.9658128139938376,1698.9414585594973,8.805784150633144
2019,214.5585473649176,403.9392,618.4977473649176,0.9658128139938376,1708.1344229803733,9.192964420876024
2020,215.0,399.326,614.326,0.9658128139938376,1714.8854434813786,6.751020501005314
