,natemis,Antr+BB,Totemis,ch4lifetime_fact,Conc,Trend
1950,215.0,145.72559245704448,360.7255924570445,1.0082976017871197,1151.1236594515142,
1951,215.0,161.1689540027448,376.16895400274484,1.008017040016338,1148.0217348117826,-3.1019246397315783
1952,215.0,166.6584490009245,381.6584490009245,1.0077364782455562,1147.0570131754764,-0.9647216363061943
1953,215.0,171.95470236258384,386.9547023625838,1.0074559164747743,1147.9275635786971,0.8705504032207045
1954,215.0,176.831012412122,391.831012412122,1.0071753547039928,1150.2896074547243,2.362043876027201
1955,215.0,181.387095949852,396.387095949852,1.0068947929332108,1153.8706247617822,3.5810173070578912
1956,215.0,187.50680733097954,402.50680733097954,1.006614231162429,1159.0540011506043,5.183376388822126
1957,215.0,193.07946030314662,408.0794603031466,1.0063336693916476,1165.4793086450998,6.425307494495428
1958,215.0,195.59294054388116,410.5929405438811,1.0060531076208656,1171.9918578244326,6.5125491793328365
1959,215.0,200.08069559638636,415.08069559638636,1.005772545850084,1179.237226537139,7.245368712706295
1960,215.0,204.8419977523652,419.84199775236516,1.0054919840793022,1187.2241832136356,7.986956676496675
1961,215.0,212.9151721685548,427.9151721685548,1.0052114223085205,1196.9694780298712,9.745294816235628
1962,215.0,215.1761447816861,430.1761447816861,1.0049308605377387,1206.3463340502294,9.376856020358218
1963,215.0,224.35374091013003,439.35374091013,1.0046502987669568,1217.6922356101413,11.345901559911908
1964,215.0,224.902024917875,439.902024917875,1.004369736996175,1227.9212639049354,10.229028294794034
1965,215.0,231.2054970495285,446.2054970495285,1.0040891752253935,1239.068622410619,11.147358505683542
1966,215.0,235.0392045912452,450.0392045912452,1.0038086134546116,1250.2110593627083,11.142436952089383
1967,215.0,241.25473865712786,456.25473865712786,1.0035280516838299,1262.1394266033974,11.928367240689113
1968,215.0,244.44543722988774,459.4454372298877,1.0032474899130481,1273.7608670030525,11.621440399655057
1969,215.0,248.48463021268853,463.48463021268856,1.0029669281422664,1285.390750071353,11.629883068300614
1970,215.0,253.9100454011647,468.91004540116467,1.0026863663714847,1297.4877778783696,12.097027807016502
1971,215.0,257.57479257777885,472.57479257777885,1.0036125027400429,1309.5680640210614,12.080286142691875
1972,215.0,264.87815496199676,479.87815496199676,1.0045386391086013,1322.8437762955812,13.27571227451972
1973,215.0,267.174414913303,482.174414913303,1.0054647754771595,1335.520868276703,12.677091981121748
1974,215.0,268.77272781252634,483.77272781252634,1.006390911845718,1347.4363290007602,11.915460724057311
1975,215.0,271.02888398583644,486.02888398583644,1.0073170482142761,1358.8954027637446,11.459073762984417
1976,215.0,275.0518357547742,490.0518357547742,1.0082431845828346,1370.537555458057,11.642152694312472
1977,215.0,277.72254164205543,492.72254164205543,1.009169320951393,1381.8951190514379,11.357563593380746
1978,215.0,279.07729251334416,494.07729251334416,1.0100954573199512,1392.5643917447787,10.669272693340872
1979,215.0,283.36524243347924,498.36524243347924,1.0110215936885096,1403.597874952317,11.033483207538211
1980,215.0,282.2371159769046,497.2371159769046,1.0119477300570678,1413.157618257793,9.559743305476104
1981,215.0,277.5286029825358,492.5286029825358,1.0119166428840465,1420.0889611910504,6.931342933257383
1982,215.0,285.26941946839,500.26941946839,1.0118855557110251,1428.819075381713,8.730114190662562
1983,215.0,279.04267506764637,494.04267506764637,1.0118544685380038,1434.5083170434696,5.689241661756569
1984,215.0,284.0863192602393,499.0863192602393,1.0118233813649828,1441.23795123372,6.729634190250408
1985,215.0,287.0049229958179,502.0049229958179,1.0117922941919613,1448.1866161780788,6.948664944358825
1986,215.0,290.9973934447917,505.9973934447917,1.01176120701894,1455.6867271843366,7.500111006257839
1987,215.0,295.28841803933904,510.28841803933904,1.0117301198459188,1463.7762685624903,8.089541378153626
1988,215.0,299.1743864512828,514.1743864512828,1.0116990326728972,1472.255263735676,8.478995173185695
1989,215.0,304.2999708971575,519.2999708971574,1.011667945499876,1481.4922782405952,9.237014504919216
1990,196.74772668865427,307.58244894288526,504.33017563153953,1.0116368583268547,1484.727412738531,3.23513449793586
1991,198.2364378165914,320.3405374138564,518.5769752304478,1.009824235180017,1492.0770367101732,7.349623971642131
1992,187.79558900194488,304.1997961122732,491.99538511421804,1.0015337334334637,1488.5801606527457,-3.496876057427471
1993,189.79585223160905,305.23302163145047,495.0288738630595,0.996844693397186,1485.7954851669779,-2.7846754857678206
1994,197.35571953699662,317.2848254228341,514.6405449598308,1.0084558263903243,1491.5223098481124,5.726824681134531
1995,197.11477002867338,311.7473692430924,508.8621392717658,1.0030031148607326,1493.9023099642839,2.380000116171459
1996,209.69448889653663,313.88494695523417,523.5794358517708,1.0102506923191272,1501.9561085762953,8.053798612011406
1997,210.47768420635288,337.0204142930985,547.4980984994513,1.0119030530084048,1517.3008612445021,15.344752668206866
1998,209.4890943325314,317.9406473511351,527.4297416836665,0.9861864069689835,1520.430367044688,3.129505800185825
1999,218.13505086211853,313.09385370096595,531.2289045630845,1.0063414517912073,1527.5038269051865,7.073459860498588
2000,224.43379724003518,314.79158226734603,539.2253795073811,1.0,1535.4968617426885,7.993034837501909
2001,209.41124316982896,315.2928524514628,524.7040956212918,0.99386928520895,1536.842974235325,1.346112492636621
2002,214.11349174689514,322.1007386331392,536.2142303800343,0.9928679555766652,1541.7044887280094,4.861514492684364
2003,210.067351186169,328.4756943824689,538.5430455686378,0.9864340504659566,1545.795577367845,4.0910886398355615
2004,215.94404838269085,335.7220642725255,551.6661126552164,0.979133650893039,1552.627891385851,6.832314018005945
2005,208.63713125161553,341.88187367125875,550.5190049228743,0.9699646792990931,1556.828558730541,4.200667344690146
2006,219.32569205221733,352.4529993712408,571.7786914234582,0.9658283605068321,1566.9177845011181,10.089225770577059
2007,218.0672449705479,349.7789386288197,567.8461835993676,0.9597038162268151,1573.5237853988242,6.606000897706053
2008,221.76288071196748,353.30974763980123,575.0726283517687,0.9643339070369527,1582.5324731169408,9.008687718116562
2009,224.22978858618197,355.2102928669951,579.4400814531771,0.9671398996221703,1592.4172805144922,9.884807397551413
2010,221.6122031167196,360.8548031390112,582.4670062557308,0.9580604117459025,1600.6334278377237,8.216147323231553
2011,234.96775986419928,365.99466311704407,600.9624229812433,0.9585228838411334,1614.1027117207072,13.469283882983518
2012,214.6834019506841,372.97725290758524,587.6606548582694,0.9675752373720371,1623.151965005622,9.049253284914812
2013,213.16365728260934,372.6442144644898,585.8078717470992,0.9662389595250078,1630.3178762898026,7.165911284180538
2014,219.12119513617802,380.3961968225409,599.5173919587189,0.96907901809612,1641.6884597581259,11.370583468323275
2015,212.69994127272804,387.4758223403408,600.1757636130689,0.9707424683795629,1652.2562156472763,10.567755889150476
2016,204.5384273311009,379.4876497908962,584.0260771219971,0.952027984493153,1652.9757410012814,0.7195253540050999
2017,216.96409157036751,385.0082127080213,601.9723042783888,0.9603792558988442,1661.0372626657052,8.061521664423708
2018,218.8718073210817,387.8058049137809,606.6776122348626,0.9619692714083327,1670.0053389410236,8.96807627531848
2019,213.25609550943,394.70580491378087,607.9619004232109,0.963559286917821,1678.6436235439753,8.638284602951671
2020,215.0,388.1958049137809,603.1958049137809,0.9651493024273095,1684.9870821115674,6.343458567592052
