,natemis,Antr+BB,Totemis,ch4lifetime_fact,Conc,Trend
1950,215.0,140.0104525128931,355.0104525128931,1.0,1148.2921671265242,
1951,215.0,155.2647590189582,370.2647590189582,1.0,1142.6490757852414,-5.643091341282798
1952,215.0,160.56519897750266,375.56519897750263,1.0,1139.3976392869768,-3.2514364982646384
1953,215.0,165.67239729952678,380.6723972995268,1.0,1138.2059054457936,-1.1917338411831224
1954,215.0,170.3596523094297,385.3596523094297,1.0,1138.703823714394,0.4979182686004151
1955,215.0,174.7266808075245,389.72668080752453,1.0,1140.595885116149,1.8920614017549724
1956,215.0,180.6573371490168,395.6573371490168,1.0,1144.2451265094755,3.6492413933265198
1957,215.0,186.04093508154867,401.0409350815487,1.0,1149.2731674507006,5.028040941225072
1958,215.0,188.36536028264797,403.365360282648,1.0,1154.509948900656,5.236781449955288
1959,215.0,192.664060295518,407.66406029551797,1.0,1160.5875762235828,6.077627322926901
1960,215.0,197.23630741186156,412.23630741186156,1.0,1167.5027199722417,6.91514374865892
1961,215.0,205.11807849022705,420.11807849022705,1.0,1176.260396798183,8.75767682594119
1962,215.0,207.1876477655343,422.1876477655343,1.0,1184.7245913836991,8.464194585516225
1963,215.0,216.17384055615415,431.1738405561541,1.0,1195.2245500359925,10.499958652293344
1964,215.0,216.530721226075,431.530721226075,1.0,1204.6673138021704,9.442763766177904
1965,215.0,222.6427900199044,437.6427900199044,1.0,1215.082034424504,10.414720622333562
1966,215.0,226.28509422379705,441.28509422379705,1.0,1225.5398962590723,10.457861834568348
1967,215.0,232.3092249518556,447.30922495185564,1.0,1236.8268579188905,11.28696165981819
1968,215.0,235.30852018679144,450.30852018679144,1.0,1247.8458106543333,11.018952735442781
1969,215.0,239.15630983176808,454.1563098317681,1.0,1258.9084717277492,11.062661073415939
1970,215.0,244.39032168242014,459.3903216824201,1.0,1270.4701861127298,11.561714384980633
1971,215.0,249.2500236569801,464.2500236569801,1.0,1282.3508002482222,11.880614135492351
1972,215.0,257.1728277174416,472.1728277174416,1.0,1295.5315859934315,13.180785745209278
1973,215.0,260.25257580258824,475.25257580258824,1.0,1308.2590220299608,12.727436036529298
1974,215.0,261.75608614159665,476.75608614159665,1.0,1320.0605440450217,11.801522015060982
1975,215.0,262.9879199985267,477.9879199985267,1.0,1330.949627649278,10.889083604256257
1976,215.0,269.88077697352765,484.88077697352765,1.0,1342.9079524898002,11.95832484052221
1977,215.0,273.963154930751,488.963154930751,1.0,1354.8826895266109,11.974737036810666
1978,215.0,276.2604287421843,491.2604287421843,1.0,1366.2793294646717,11.396639938060844
1979,215.0,281.5334355614996,496.5334355614996,1.0,1378.1505737293603,11.871244264688585
1980,215.0,283.2799933041633,498.2799933041633,1.0,1389.2724660114977,11.121892282137424
1981,215.0,279.7228833024812,494.7228833024812,1.0,1397.9680430947417,8.695577083243961
1982,215.0,287.61463066683257,502.61463066683257,1.0,1408.3101099661012,10.34206687135952
1983,215.0,281.5577046073275,496.5577046073275,1.0,1415.48321606544,7.173106099338838
1984,215.0,284.9536362831875,499.9536362831875,1.0,1422.9806296355312,7.497413570091112
1985,215.0,285.63759742417085,500.63759742417085,1.0,1429.8656377903958,6.885008154864636
1986,215.0,290.77781253724584,505.77781253724584,1.0,1437.686330558982,7.820692768586241
1987,215.0,295.02494838641707,510.02494838641707,1.0,1446.041428288314,8.355097729331874
1988,215.0,298.6755905767461,513.6755905767461,1.0,1454.6730519484772,8.631623660163314
1989,215.0,302.17109081824873,517.1710908182488,1.0,1463.4987302622226,8.825678313745357
1990,203.46046503508242,305.2999200711051,508.7603851061875,1.0,1468.5437608487573,5.045030586534722
1991,203.86480763910888,318.81183287573293,522.6766405148418,1.0,1477.6442278994866,9.100467050729321
1992,192.99593815610623,299.49068782266335,492.48662597876955,1.0,1475.702340623059,-1.9418872764276784
1993,197.53013600762725,299.5481852918242,497.07832129945143,1.0,1475.5023735721718,-0.19996705088715316
1994,201.6702175992425,310.39650696329267,512.0667245625352,1.0,1480.3010898453172,4.798716273145374
1995,198.42425222373905,305.56039716107193,503.98464938481095,1.0,1481.8791666896786,1.578076844361476
1996,207.98618316435926,307.45705920620384,515.4432423705631,1.0,1487.0849081835222,5.205741493843561
1997,214.82762962942098,331.457796516877,546.285426146298,1.0,1501.9476611064508,14.862752922928621
1998,212.48904469996359,315.50915615703855,527.9982008570021,1.0,1509.0746949474092,7.127033840958347
1999,217.9089641525754,309.5890972813972,527.4980614339726,1.0,1515.2376621815117,6.1629672341025525
2000,223.84146230918932,310.3755556419565,534.2170179511459,1.0,1522.941318327294,7.703656145782361
2001,212.14445447990562,313.1005194228316,525.2449739027372,1.0,1526.8035901278843,3.862271800590179
2002,212.8758216861255,322.47491151980734,535.3507332059328,1.0,1533.5886110698589,6.785020941974608
2003,211.72546899530604,328.33133481161764,540.0568038069237,1.0,1541.1763720931815,7.587761023322628
2004,213.08436107609737,339.1599047856282,552.2442658617256,1.0,1551.9608835981319,10.784511504950387
2005,212.75712594098638,346.62478641877203,559.3819123597584,1.0,1563.907617758784,11.946734160652113
2006,214.2753006005639,356.7053574534424,570.9806580540063,1.0,1578.367567770044,14.459950011259934
2007,219.2960049118257,355.2617524896731,574.5577574014987,1.0,1592.3960651359641,14.028497365920202
2008,223.58951985494042,360.75844432030715,584.3479641752476,1.0,1608.104230682626,15.708165546661803
2009,225.71980135560707,364.45377111581536,590.1735724714224,1.0,1623.9877070526634,15.883476370037442
2010,221.51078875464103,371.1593157300012,592.6701044846423,1.0,1638.9215795478817,14.933872495218338
2011,231.70388323857958,372.924998542445,604.6288817810246,1.0,1656.1537312875191,17.232151739637402
2012,214.9830507354091,381.0856580369786,596.0687087723877,1.0,1668.614336055532,12.4606047680129
2013,217.41204857078336,381.87778643760544,599.2898350083888,1.0,1680.7491688327352,12.1348327772032
2014,224.21455529617825,388.1687589286987,612.3833142248769,1.0,1695.8724218159437,15.123252983208431
2015,216.73377395544077,398.732,615.4657739554408,1.0,1710.3257268995465,14.4533050836028
2016,211.4816056757864,390.97880000000004,602.4604056757864,1.0,1718.8427858158443,8.517058916297856
2017,219.41648958015332,393.4056,612.8220895801533,1.0,1729.8463657490227,11.003579933178344
2018,220.87595683236208,395.1424,616.0183568323621,1.0,1740.679063662091,10.832697913068387
2019,217.1260225955851,403.9392,621.0652225955852,1.0,1751.974429624667,11.295365962575943
2020,215.0,399.326,614.326,1.0,1759.7675647431995,7.793135118532518
