,natemis,Antr+BB,Totemis,ch4lifetime_fact,Conc,Trend
1950,215.0,165.44423622518232,380.4442362251823,1.1198738170347002,1168.9830164644,
1951,215.0,181.5398843317661,396.5398843317661,1.1198738170347002,1182.10862089912,13.125604434720117
1952,215.0,187.68166589082924,402.6816658908292,1.1198738170347002,1195.9455568021067,13.836935902986625
1953,215.0,193.63020581337207,408.6302058133721,1.1198738170347002,1210.3567490935725,14.411192291465795
1954,215.0,199.15880242379365,414.15880242379365,1.1198738170347002,1225.14342618526,14.78667709168758
1955,215.0,204.36717252240715,419.36717252240715,1.1198738170347002,1240.1603823089044,15.016956123644377
1956,215.0,211.13917046441813,426.13917046441816,1.1198738170347002,1255.906112826935,15.745730518030541
1957,215.0,217.36410999746863,432.36410999746863,1.1198738170347002,1272.12364838491,16.217535557974998
1958,215.0,220.52987679908665,435.52987679908665,1.1198738170347002,1287.743613209844,15.619964824933959
1959,215.0,225.6699184124753,440.66991841247534,1.1198738170347002,1303.4860406871871,15.742427477343199
1960,215.0,231.08350712933756,446.0835071293376,1.1198738170347002,1319.4297564216458,15.943715734458692
1961,215.0,239.81707031491294,454.81707031491294,1.113564668769716,1335.999004039784,16.569247618138206
1962,215.0,242.73843169743012,457.7384316974301,1.1159305993690851,1352.0978280080956,16.098823968311535
1963,215.0,252.57641659525984,467.57641659525984,1.1175078864353312,1370.0033224035428,17.90549439544725
1964,215.0,253.78508937239053,468.78508937239053,1.1190851735015772,1386.6542111566282,16.650888753085383
1965,215.0,260.7489502734299,475.7489502734299,1.1175078864353312,1403.756370547861,17.102159391232817
1966,215.0,265.2430465845324,480.2430465845324,1.1064668769716088,1419.3660756309594,15.609705083098333
1967,215.0,272.1189694198009,487.1189694198009,1.1056782334384858,1435.5708755399753,16.204799909015946
1968,215.0,275.9700567619466,490.9700567619466,1.1054131054131053,1451.3591527381016,15.788277198126252
1969,215.0,280.66963851413317,495.66963851413317,1.0962145110410093,1465.994421619717,14.635268881615502
1970,215.0,286.7554424719951,501.7554424719951,1.1017350157728707,1481.8047907288326,15.810369109115527
1971,215.0,296.29479715759095,511.29479715759095,1.107312440645774,1499.8354550110703,18.030664282237694
1972,215.0,309.7925504905967,524.7925504905967,1.0949667616334284,1518.9959053834614,19.160450372391097
1973,215.0,321.5097804752024,536.5097804752024,1.0864197530864197,1538.9888375828045,19.99293219934316
1974,215.0,323.90781625487864,538.9078162548786,1.092117758784425,1558.423940461222,19.43510287841741
1975,215.0,317.6599241426396,532.6599241426396,1.0892687559354226,1573.3818842445899,14.95794378336791
1976,215.0,332.4310155097663,547.4310155097663,1.090218423551757,1591.8284382814106,18.44655403682077
1977,215.0,331.86937666306744,546.8693766630674,1.0816714150047484,1607.0204724006467,15.192034119236041
1978,215.0,341.8147800298701,556.8147800298701,1.0721747388414056,1622.6286797863668,15.608207385720107
1979,215.0,343.8016532522121,558.8016532522121,1.0796529968454258,1638.2870132521298,15.658333465763008
1980,215.0,336.43435957683573,551.4343595768357,1.0978157644824313,1652.3302029214583,14.043189669328513
1981,215.0,319.944026226233,534.9440262262331,1.0788224121557457,1656.7991313805262,4.468928459067911
1982,215.0,325.4862880386215,540.4862880386215,1.0858490566037737,1663.6268040518191,6.82767267129293
1983,215.0,314.78340390067586,529.7834039006759,1.0683760683760681,1663.7011729140443,0.0743688622251284
1984,215.0,313.6218524399723,528.6218524399724,1.0826210826210825,1665.400904281744,1.6997313676997692
1985,215.0,312.6892946359584,527.6892946359584,1.0759734093067426,1665.6743227619136,0.2734184801695392
1986,215.0,315.3279750176004,530.3279750176005,1.0664767331433995,1665.439396525799,-0.23492623611446106
1987,215.0,317.2485140553672,532.2485140553672,1.0597156398104266,1664.8875403642226,-0.551856161576552
1988,215.0,321.411691319549,536.4116913195489,1.056980056980057,1665.3802058721649,0.4926655079423199
1989,215.0,324.1105786961214,539.1105786961214,1.0503323836657168,1665.7364274782353,0.3562216060704486
1990,203.46046503508242,328.0908796007256,531.551344635808,1.0556603773584907,1664.3262085697108,-1.4102189085244845
1991,203.86480763910888,341.6898806403371,545.5546882794459,1.0797752808988763,1671.2038460764768,6.87763750676595
1992,192.99593815610623,321.75928362938964,514.7552217854959,1.074688796680498,1666.3730582346564,-4.830787841820438
1993,197.53013600762725,320.736322800518,518.2664588081452,1.0382022471910113,1657.8648402732733,-8.508217961383025
1994,201.6702175992425,332.26831963852857,533.938537237771,1.053932584269663,1657.8386628808987,-0.026177392374620467
1995,198.42425222373905,324.2177472722203,522.6419994959593,1.0258426966292136,1649.823946310687,-8.014716570211704
1996,207.98618316435926,327.5188030162106,535.5049861805699,1.0126182965299684,1644.901684362204,-4.922261948483083
1997,214.82762962942098,350.5117382000001,565.339367829421,1.0674157303370786,1658.667968053772,13.766283691568105
1998,212.48904469996359,330.2514803,542.7405249999636,1.0443396226415094,1660.0614396760316,1.3934716222595398
1999,217.9089641525754,321.97082819999997,539.8797923525754,1.0058091286307054,1654.3692727651232,-5.692166910908327
2000,223.84146230918932,321.0746415,544.9161038091893,1.0,1650.0465305718883,-4.322742193234944
2001,212.14445447990562,322.0038254,534.1482798799057,1.0141509433962264,1644.8905105567749,-5.156020015113427
2002,212.8758216861255,329.2447249,542.1205465861256,1.02909796314258,1645.2696547918304,0.37914423505549166
2003,211.72546899530604,336.95281180000006,548.6782807953061,1.0404494382022471,1649.505689674367,4.2360348825366145
2004,213.08436107609737,346.8821553,559.9665163760974,1.0337078651685394,1656.018293114722,6.512603440354951
2005,212.75712594098638,351.53041470000005,564.2875406409864,1.0112359550561796,1659.7517877457387,3.7334946310168107
2006,214.2753006005639,361.5815305,575.8568311005639,1.0146067415730338,1667.4515487520896,7.699761006350855
2007,219.2960049118257,357.22785230000005,576.5238572118258,1.0258426966292136,1676.2952242227059,8.84367547061629
2008,223.58951985494042,358.4336323,582.0231521549404,1.0,1681.837322722621,5.542098499915028
2009,225.71980135560707,359.7836666,585.5034679556071,1.0078651685393258,1689.206406743418,7.369084020797118
2010,221.51078875464103,365.82240210000003,587.3331908546411,1.0024896265560168,1695.478651625362,6.2722448819440615
2011,231.70388323857958,367.0318972,598.7357804385796,1.0024896265560168,1704.8362815786018,9.357629953239666
2012,214.9830507354091,370.96316160000003,585.9462123354092,1.0024896265560168,1708.9014885027032,4.065206924101403
2013,217.41204857078336,370.2459324,587.6579809707833,1.0024896265560168,1713.0808429108204,4.179354408117206
2014,224.21455529617825,377.00284780000004,601.2174030961783,1.0024896265560168,1721.2956227341408,8.214779823320441
2015,216.73377395544077,381.5206772,598.2544511554408,1.0024896265560168,1727.6086261875332,6.313003453392412
2016,211.4816056757864,369.4090335000001,580.8906391757864,1.0024896265560168,1727.4505293871039,-0.15809680042934815
2017,219.41648958015332,370.1151464,589.5316359801534,1.0024896265560168,1730.179355594826,2.7288262077220224
2018,220.87595683236208,373.18654800000013,594.0625048323623,1.0024896265560168,1734.1077439501348,3.9283883553089254
2019,217.1260225955851,381.5144058,598.6404283955851,1.0024896265560168,1739.1172794167387,5.009535466603893
2020,215.0,375.00440580000003,590.0044058000001,1.0024896265560168,1740.699441563819,1.5821621470802256
