,natemis,Antr+BB,Totemis,ch4lifetime_fact,Conc,Trend
1950,215.0,145.72559245704448,360.7255924570445,0.9900099900099899,1149.0454326361646,
1951,215.0,161.1689540027448,376.16895400274484,0.9900099900099899,1144.1419375205667,-4.903495115597934
1952,215.0,166.6584490009245,381.6584490009245,0.9900099900099899,1141.6136886540237,-2.528248866542981
1953,215.0,171.95470236258384,386.9547023625838,0.9900099900099899,1141.1283881991324,-0.48530045489133045
1954,215.0,176.831012412122,391.831012412122,0.9900099900099899,1142.3160274357112,1.1876392365788888
1955,215.0,181.387095949852,396.387095949852,0.9900099900099899,1144.8814626777623,2.5654352420510804
1956,215.0,187.50680733097954,402.50680733097954,0.9900099900099899,1149.1880084228967,4.306545745134372
1957,215.0,193.07946030314662,408.0794603031466,0.9900099900099899,1154.8575527134337,5.669544290537033
1958,215.0,195.59294054388116,410.5929405438811,0.9900099900099899,1160.721057211595,5.863504498161319
1959,215.0,200.08069559638636,415.08069559638636,0.9900099900099899,1167.4117637199993,6.690706508404219
1960,215.0,204.8419977523652,419.84199775236516,0.9900099900099899,1174.9270519955214,7.515288275522153
1961,215.0,212.9151721685548,427.9151721685548,0.9832246039142591,1183.4657720440546,8.53872004853315
1962,215.0,215.1761447816861,430.1761447816861,0.9828209764918625,1191.7362704477027,8.270498403648162
1963,215.0,224.35374091013003,439.35374091013,0.9808988764044944,1201.8774917953524,10.141221347649662
1964,215.0,224.902024917875,439.902024917875,0.9943820224719102,1212.6846228234303,10.807131028077947
1965,215.0,231.2054970495285,446.2054970495285,0.9990958408679929,1224.9361868304165,12.2515640069862
1966,215.0,235.0392045912452,450.0392045912452,0.9891500904159132,1235.8713010086258,10.935114178209233
1967,215.0,241.25473865712786,456.25473865712786,0.9945750452079567,1248.3058769926836,12.434575984057801
1968,215.0,244.44543722988774,459.4454372298877,0.9936708860759491,1260.2882258608865,11.982348868202962
1969,215.0,248.48463021268853,463.48463021268856,0.9850885368126747,1271.1726309429355,10.884405082048943
1970,215.0,253.9100454011647,468.91004540116467,1.0018083182640147,1284.7483829929836,13.575752050048095
1971,215.0,257.57479257777885,472.57479257777885,0.9891500904159132,1296.4035001314737,11.65511713849014
1972,215.0,264.87815496199676,479.87815496199676,0.9990958408679929,1310.4531624006204,14.049662269146665
1973,215.0,267.174414913303,482.174414913303,0.9850885368126747,1321.8507952158138,11.397632815193447
1974,215.0,268.77272781252634,483.77272781252634,0.9898876404494381,1333.1278379095265,11.277042693712701
1975,215.0,271.02888398583644,486.02888398583644,0.9963833634719712,1344.7460192922103,11.618181382683815
1976,215.0,275.0518357547742,490.0518357547742,1.0081374321880652,1357.9479583673826,13.201939075172277
1977,215.0,277.72254164205543,492.72254164205543,1.0055917986952472,1370.2319717237065,12.28401335632384
1978,215.0,279.07729251334416,494.07729251334416,1.015370705244123,1382.8922846621113,12.660312938404786
1979,215.0,283.36524243347924,498.36524243347924,1.011754068716094,1395.0967592210025,12.204474558891206
1980,215.0,282.2371159769046,497.2371159769046,1.014911463187325,1405.9963451207252,10.899585899722751
1981,215.0,277.5286029825358,492.5286029825358,1.011183597390494,1413.6224607246327,7.626115603907465
1982,215.0,285.26941946839,500.26941946839,1.0195712954333644,1424.1085596329913,10.4860989083586
1983,215.0,279.04267506764637,494.04267506764637,1.0074557315936628,1429.714968229694,5.6064085967027495
1984,215.0,284.0863192602393,499.0863192602393,1.0027958993476236,1435.7232689979692,6.008300768275149
1985,215.0,287.0049229958179,502.0049229958179,0.9900542495479203,1440.2165421965287,4.493273198559564
1986,215.0,290.9973934447917,505.9973934447917,1.0027958993476236,1447.3465575013552,7.130015304826429
1987,215.0,295.28841803933904,510.28841803933904,1.0027124773960217,1455.0930980158041,7.746540514448952
1988,215.0,299.1743864512828,514.1743864512828,0.9953401677539611,1462.2060149069332,7.112916891129089
1989,215.0,304.2999708971575,519.2999708971574,1.0041493775933612,1471.4904519565803,9.284437049647067
1990,204.64647443295402,307.58244894288526,512.2289233758393,1.007233273056058,1477.8324709446954,6.3420189881151146
1991,202.84908478641162,320.3405374138564,523.189622200268,1.0144665461121156,1488.1405997656914,10.30812882099599
1992,190.51506057038983,304.1997961122732,494.714856682663,1.011183597390494,1487.3793604716304,-0.7612392940609425
1993,195.3330359213366,305.23302163145047,500.5660575527871,1.0027958993476236,1487.4371980408653,0.05783756923483452
1994,199.90276569546643,317.2848254228341,517.1875911183006,1.0009319664492078,1492.7360270233992,5.298828982533905
1995,196.32841195227857,311.7473692430924,508.07578119537095,0.988245931283906,1492.5363483604822,-0.19967866291699465
1996,207.46436651190697,313.88494695523417,521.3493134671412,0.9953401677539611,1497.8220998061224,5.285751445640244
1997,215.069403551697,337.0204142930985,552.0898178447956,0.9981916817359855,1513.141790299736,15.319690493613507
1998,211.19685718568462,317.9406473511351,529.1375045368197,0.9960567823343849,1518.8041691322637,5.662378832527793
1999,218.01274748085203,313.09385370096595,531.106601181818,0.985307621671258,1522.8482802199032,4.044111087639521
2000,224.99476821169003,314.79158226734603,539.7863504790361,1.0,1531.5488453597152,8.700565139811943
2001,211.6541686142129,315.2928524514628,526.9470210656757,0.9924026590693258,1533.8599214977296,2.311076138014414
2002,212.44845349875482,322.1007386331392,534.549192131894,0.9933523266856601,1538.5789046839413,4.718983186211744
2003,211.15104048992268,328.4756943824689,539.6267348723916,0.9895536562203229,1543.8669637761996,5.288059092258209
2004,213.4267447417675,335.7220642725255,549.148809014293,0.9925442684063377,1552.1802359289698,8.313272152770196
2005,212.36702568834235,341.88187367125875,554.2488993596011,0.9870129870129869,1560.386707640187,8.206471711217318
2006,214.33253962675096,352.4529993712408,566.7855389979918,0.986013986013986,1571.665999083199,11.27929144301197
2007,219.6252591285588,349.7789386288197,569.4041977573785,0.986013986013986,1582.5363475698666,10.87034848666758
2008,225.0863228023433,353.30974763980123,578.3960704421445,0.9687203791469194,1592.3372891371155,9.800941567248856
2009,227.38941008758178,355.2102928669951,582.5997029545769,0.9696969696969695,1602.5678112323449,10.23052209522939
2010,222.05416973076032,360.8548031390112,582.9089728697716,0.9658767772511849,1611.0830521389323,8.51524090658745
2011,234.1365331595362,365.99466311704407,600.1311962765803,0.9658767772511849,1624.324704862532,13.2416527235996
2012,214.91072953742258,372.97725290758524,587.8879824450078,0.9658767772511849,1631.9829511198877,7.658246257355813
2013,217.65607902838656,372.6442144644898,590.3002934928763,0.9658767772511849,1639.5581880641396,7.575236944251856
2014,225.58641103472286,380.3961968225409,605.9826078572637,0.9658767772511849,1651.4578120915137,11.899624027374102
2015,217.07285443075872,387.4758223403408,604.5486767710995,0.9658767772511849,1661.5109946898674,10.053182598353715
2016,210.38186013375284,379.4876497908962,589.869509924649,0.9658767772511849,1665.5408826320702,4.029887942202777
2017,219.85459889671557,385.0082127080213,604.8628116047369,0.9658767772511849,1674.075349446302,8.534466814231791
2018,221.18675975116392,387.8058049137809,608.9925646649448,0.9658767772511849,1682.995018044633,8.9196685983311
2019,217.3676024610999,394.70580491378087,612.0734073748807,0.9658767772511849,1691.9078798646865,8.912861820053422
2020,215.0,388.1958049137809,603.1958049137809,0.9658767772511849,1696.8515536064538,4.94367374176727
