,natemis,Antr+BB,Totemis,ch4lifetime_fact,Conc,Trend
1950,215.0,145.72559245704448,360.7255924570445,0.9900099900099899,1149.0454326361646,
1951,215.0,161.1689540027448,376.16895400274484,0.9900099900099899,1144.1419375205667,-4.903495115597934
1952,215.0,166.6584490009245,381.6584490009245,0.9900099900099899,1141.6136886540237,-2.528248866542981
1953,215.0,171.95470236258384,386.9547023625838,0.9900099900099899,1141.1283881991324,-0.48530045489133045
1954,215.0,176.831012412122,391.831012412122,0.9900099900099899,1142.3160274357112,1.1876392365788888
1955,215.0,181.387095949852,396.387095949852,0.9900099900099899,1144.8814626777623,2.5654352420510804
1956,215.0,187.50680733097954,402.50680733097954,0.9900099900099899,1149.1880084228967,4.306545745134372
1957,215.0,193.07946030314662,408.0794603031466,0.9900099900099899,1154.8575527134337,5.669544290537033
1958,215.0,195.59294054388116,410.5929405438811,0.9900099900099899,1160.721057211595,5.863504498161319
1959,215.0,200.08069559638636,415.08069559638636,0.9900099900099899,1167.4117637199993,6.690706508404219
1960,215.0,204.8419977523652,419.84199775236516,0.9900099900099899,1174.9270519955214,7.515288275522153
1961,215.0,212.9151721685548,427.9151721685548,0.9832246039142591,1183.4657720440546,8.53872004853315
1962,215.0,215.1761447816861,430.1761447816861,0.9828209764918625,1191.7362704477027,8.270498403648162
1963,215.0,224.35374091013003,439.35374091013,0.9808988764044944,1201.8774917953524,10.141221347649662
1964,215.0,224.902024917875,439.902024917875,0.9943820224719102,1212.6846228234303,10.807131028077947
1965,215.0,231.2054970495285,446.2054970495285,0.9990958408679929,1224.9361868304165,12.2515640069862
1966,215.0,235.0392045912452,450.0392045912452,0.9891500904159132,1235.8713010086258,10.935114178209233
1967,215.0,241.25473865712786,456.25473865712786,0.9945750452079567,1248.3058769926836,12.434575984057801
1968,215.0,244.44543722988774,459.4454372298877,0.9936708860759491,1260.2882258608865,11.982348868202962
1969,215.0,248.48463021268853,463.48463021268856,0.9850885368126747,1271.1726309429355,10.884405082048943
1970,215.0,253.9100454011647,468.91004540116467,1.0018083182640147,1284.7483829929836,13.575752050048095
1971,215.0,257.57479257777885,472.57479257777885,0.9891500904159132,1296.4035001314737,11.65511713849014
1972,215.0,264.87815496199676,479.87815496199676,0.9990958408679929,1310.4531624006204,14.049662269146665
1973,215.0,267.174414913303,482.174414913303,0.9850885368126747,1321.8507952158138,11.397632815193447
1974,215.0,268.77272781252634,483.77272781252634,0.9898876404494381,1333.1278379095265,11.277042693712701
1975,215.0,271.02888398583644,486.02888398583644,0.9963833634719712,1344.7460192922103,11.618181382683815
1976,215.0,275.0518357547742,490.0518357547742,1.0081374321880652,1357.9479583673826,13.201939075172277
1977,215.0,277.72254164205543,492.72254164205543,1.0055917986952472,1370.2319717237065,12.28401335632384
1978,215.0,279.07729251334416,494.07729251334416,1.015370705244123,1382.8922846621113,12.660312938404786
1979,215.0,283.36524243347924,498.36524243347924,1.011754068716094,1395.0967592210025,12.204474558891206
1980,215.0,282.2371159769046,497.2371159769046,1.014911463187325,1405.9963451207252,10.899585899722751
1981,215.0,277.5286029825358,492.5286029825358,1.011183597390494,1413.6224607246327,7.626115603907465
1982,215.0,285.26941946839,500.26941946839,1.0195712954333644,1424.1085596329913,10.4860989083586
1983,215.0,279.04267506764637,494.04267506764637,1.0074557315936628,1429.714968229694,5.6064085967027495
1984,215.0,284.0863192602393,499.0863192602393,1.0027958993476236,1435.7232689979692,6.008300768275149
1985,215.0,287.0049229958179,502.0049229958179,0.9900542495479203,1440.2165421965287,4.493273198559564
1986,215.0,290.9973934447917,505.9973934447917,1.0027958993476236,1447.3465575013552,7.130015304826429
1987,215.0,295.28841803933904,510.28841803933904,1.0027124773960217,1455.0930980158041,7.746540514448952
1988,215.0,299.1743864512828,514.1743864512828,0.9953401677539611,1462.2060149069332,7.112916891129089
1989,215.0,304.2999708971575,519.2999708971574,1.0041493775933612,1471.4904519565803,9.284437049647067
1990,213.229158495527,307.58244894288526,520.8116074384122,1.007233273056058,1480.6830489603415,9.192597003761193
1991,230.46401973376058,320.3405374138564,550.804557147617,1.0144665461121156,1499.8508611179238,19.167812157582375
1992,187.08466023758422,304.1997961122732,491.2844563498574,1.011183597390494,1496.650839693179,-3.2000214247448184
1993,201.07742439463695,305.23302163145047,506.31044602608745,1.0027958993476236,1497.5804025451598,0.9295628519807906
1994,209.91391164352387,317.2848254228341,527.198737066358,1.0009319664492078,1505.0683223920976,7.487919846937757
1995,200.85765603448098,311.7473692430924,512.6050252775734,0.988245931283906,1504.9770736204146,-0.09124877168301282
1996,212.4591393800404,313.88494695523417,526.3440863352746,0.9953401677539611,1510.5223639573155,5.545290336900962
1997,217.02081046246136,337.0204142930985,554.0412247555598,0.9981916817359855,1525.0657008067462,14.543336849430716
1998,202.568436978653,317.9406473511351,520.5090843297882,0.9960567823343849,1526.5244521070665,1.458751300320273
1999,215.78806866900686,313.09385370096595,528.8819223699728,0.985307621671258,1528.9554280526581,2.4309759455916264
2000,226.5622479195188,314.79158226734603,541.3538301868648,1.0,1537.4925927357356,8.537164683077435
2001,215.0509626165587,315.2928524514628,530.3438150680215,0.9924026590693258,1540.261266123803,2.7686733880673273
2002,216.04073174324364,322.1007386331392,538.1414703763828,0.9933523266856601,1545.4517912880106,5.190525164207656
2003,213.98055262609702,328.4756943824689,542.4562470085659,0.9895536562203229,1550.9025028606025,5.450711572591899
2004,208.00169259421529,335.7220642725255,543.7237568667408,0.9925442684063377,1556.6226388199575,5.720135959355048
2005,205.4572700159953,341.88187367125875,547.339143687254,0.9870129870129869,1562.0337258686943,5.4110870487368175
2006,211.2339594451393,352.4529993712408,563.6869588163802,0.986013986013986,1572.09842727505,10.064701406355653
2007,223.672583039232,349.7789386288197,573.4515216680517,0.986013986013986,1584.2625672817821,12.164140006732168
2008,228.03049543871128,353.30974763980123,581.3402430785125,0.9687203791469194,1594.840960116317,10.578392834534952
2009,235.04040686312868,355.2102928669951,590.2506997301238,0.9696969696969695,1607.3200756537747,12.479115537457574
2010,224.2663857353366,360.8548031390112,585.1211888743478,0.9658767772511849,1616.0208562345447,8.700780580770015
2011,247.4109003803281,365.99466311704407,613.4055634973722,0.9658767772511849,1633.0927920619679,17.071935827423204
2012,216.66762554529598,372.97725290758524,589.6448784528812,0.9658767772511849,1640.322927507152,7.2301354451840325
2013,222.88330630031555,372.6442144644898,595.5275207648053,0.9658767772511849,1648.6694933221181,8.346565814966198
2014,220.24898314608367,380.3961968225409,600.6451799686246,0.9658767772511849,1657.750316580946,9.080823258827877
2015,215.0,387.4758223403408,602.4758223403408,0.9658767772511849,1666.3914321425705,8.641115561624474
2016,215.0,379.4876497908962,594.4876497908963,0.9658767772511849,1671.3894408112308,4.9980086686603045
2017,215.0,385.0082127080213,600.0082127080213,0.9658767772511849,1677.6410955448923,6.251654733661553
2018,215.0,387.8058049137809,602.8058049137809,0.9658767772511849,1684.0995122349555,6.458416690063132
2019,215.0,394.70580491378087,609.7058049137809,0.9658767772511849,1692.1004501572702,8.000937922314733
2020,215.0,388.1958049137809,603.1958049137809,0.9658767772511849,1697.0219335942256,4.921483436955441
