,natemis,Antr+BB,Totemis,ch4lifetime_fact,Conc,Trend
1950,215.0,165.44423622518232,380.4442362251823,1.1198738170347002,1168.9830164644,
1951,215.0,181.5398843317661,396.5398843317661,1.1198738170347002,1182.10862089912,13.125604434720117
1952,215.0,187.68166589082924,402.6816658908292,1.1198738170347002,1195.9455568021067,13.836935902986625
1953,215.0,193.63020581337207,408.6302058133721,1.1198738170347002,1210.3567490935725,14.411192291465795
1954,215.0,199.15880242379365,414.15880242379365,1.1198738170347002,1225.14342618526,14.78667709168758
1955,215.0,204.36717252240715,419.36717252240715,1.1198738170347002,1240.1603823089044,15.016956123644377
1956,215.0,211.13917046441813,426.13917046441816,1.1198738170347002,1255.906112826935,15.745730518030541
1957,215.0,217.36410999746863,432.36410999746863,1.1198738170347002,1272.12364838491,16.217535557974998
1958,215.0,220.52987679908665,435.52987679908665,1.1198738170347002,1287.743613209844,15.619964824933959
1959,215.0,225.6699184124753,440.66991841247534,1.1198738170347002,1303.4860406871871,15.742427477343199
1960,215.0,231.08350712933756,446.0835071293376,1.1198738170347002,1319.4297564216458,15.943715734458692
1961,215.0,239.81707031491294,454.81707031491294,1.113564668769716,1335.999004039784,16.569247618138206
1962,215.0,242.73843169743012,457.7384316974301,1.1159305993690851,1352.0978280080956,16.098823968311535
1963,215.0,252.57641659525984,467.57641659525984,1.1175078864353312,1370.0033224035428,17.90549439544725
1964,215.0,253.78508937239053,468.78508937239053,1.1190851735015772,1386.6542111566282,16.650888753085383
1965,215.0,260.7489502734299,475.7489502734299,1.1175078864353312,1403.756370547861,17.102159391232817
1966,215.0,265.2430465845324,480.2430465845324,1.1064668769716088,1419.3660756309594,15.609705083098333
1967,215.0,272.1189694198009,487.1189694198009,1.1056782334384858,1435.5708755399753,16.204799909015946
1968,215.0,275.9700567619466,490.9700567619466,1.1054131054131053,1451.3591527381016,15.788277198126252
1969,215.0,280.66963851413317,495.66963851413317,1.0962145110410093,1465.994421619717,14.635268881615502
1970,215.0,286.7554424719951,501.7554424719951,1.1017350157728707,1481.8047907288326,15.810369109115527
1971,215.0,296.29479715759095,511.29479715759095,1.107312440645774,1499.8354550110703,18.030664282237694
1972,215.0,309.7925504905967,524.7925504905967,1.0949667616334284,1518.9959053834614,19.160450372391097
1973,215.0,321.5097804752024,536.5097804752024,1.0864197530864197,1538.9888375828045,19.99293219934316
1974,215.0,323.90781625487864,538.9078162548786,1.092117758784425,1558.423940461222,19.43510287841741
1975,215.0,317.6599241426396,532.6599241426396,1.0892687559354226,1573.3818842445899,14.95794378336791
1976,215.0,332.4310155097663,547.4310155097663,1.090218423551757,1591.8284382814106,18.44655403682077
1977,215.0,331.86937666306744,546.8693766630674,1.0816714150047484,1607.0204724006467,15.192034119236041
1978,215.0,341.8147800298701,556.8147800298701,1.0721747388414056,1622.6286797863668,15.608207385720107
1979,215.0,343.8016532522121,558.8016532522121,1.0796529968454258,1638.2870132521298,15.658333465763008
1980,215.0,336.43435957683573,551.4343595768357,1.0978157644824313,1652.3302029214583,14.043189669328513
1981,215.0,319.944026226233,534.9440262262331,1.0788224121557457,1656.7991313805262,4.468928459067911
1982,215.0,325.4862880386215,540.4862880386215,1.0858490566037737,1663.6268040518191,6.82767267129293
1983,215.0,314.78340390067586,529.7834039006759,1.0683760683760681,1663.7011729140443,0.0743688622251284
1984,215.0,313.6218524399723,528.6218524399724,1.0826210826210825,1665.400904281744,1.6997313676997692
1985,215.0,312.6892946359584,527.6892946359584,1.0759734093067426,1665.6743227619136,0.2734184801695392
1986,215.0,315.3279750176004,530.3279750176005,1.0664767331433995,1665.439396525799,-0.23492623611446106
1987,215.0,317.2485140553672,532.2485140553672,1.0597156398104266,1664.8875403642226,-0.551856161576552
1988,215.0,321.411691319549,536.4116913195489,1.056980056980057,1665.3802058721649,0.4926655079423199
1989,215.0,324.1105786961214,539.1105786961214,1.0503323836657168,1665.7364274782353,0.3562216060704486
1990,196.74772668865427,328.0908796007256,524.8386062893799,1.0556603773584907,1662.0915052938196,-3.644922184415691
1991,198.2364378165914,341.6898806403371,539.9263184569285,1.0797752808988763,1667.3282927666044,5.236787472784727
1992,187.79558900194488,321.75928362938964,509.55487263133455,1.074688796680498,1661.1737397717193,-6.15455299488508
1993,189.79585223160905,320.736322800518,510.53217503212704,1.0382022471910113,1650.657273231843,-10.516466539876319
1994,197.35571953699662,332.26831963852857,529.6240391755252,1.053932584269663,1649.967716187299,-0.6895570445440171
1995,197.11477002867338,324.2177472722203,521.3325173008936,1.0258426966292136,1642.3806252066536,-7.587090980645371
1996,209.69448889653663,327.5188030162106,537.2132919127472,1.0126182965299684,1638.8507429545002,-3.5298822521533566
1997,210.47768420635288,350.5117382000001,560.989422406353,1.0674157303370786,1651.8101936528763,12.959450698376031
1998,209.4890943325314,330.2514803,539.7405746325314,1.0443396226415094,1652.9463646016552,1.136170948778954
1999,218.13505086211853,321.97082819999997,540.1058790621184,1.0058091286307054,1648.1221568567057,-4.82420774494949
2000,224.43379724003518,321.0746415,545.5084387400352,1.0,1644.6955664549766,-3.4265904017290723
2001,209.41124316982896,322.0038254,531.4150685698289,1.0141509433962264,1639.2236843423925,-5.471882112584126
2002,214.11349174689514,329.2447249,543.3582166468951,1.02909796314258,1640.6340126900768,1.410328347684299
2003,210.067351186169,336.95281180000006,547.020162986169,1.0404494382022471,1644.8207917439192,4.186779053842429
2004,215.94404838269085,346.8821553,562.8262036826909,1.0337078651685394,1652.7948345125524,7.974042768633126
2005,208.63713125161553,351.53041470000005,560.1675459516156,1.0112359550561796,1655.5172916855006,2.722457172948225
2006,219.32569205221733,361.5815305,580.9072225522173,1.0146067415730338,1665.3635579469683,9.84626626146769
2007,218.0672449705479,357.22785230000005,575.295097270548,1.0258426966292136,1674.027668990042,8.664111043073717
2008,221.76288071196748,358.4336323,580.1965130119675,1.0,1679.217204513788,5.189535523745917
2009,224.22978858618197,359.7836666,584.013455186182,1.0078651685393258,1686.3828759722978,7.165671458509905
2010,221.6122031167196,365.82240210000003,587.4346052167197,1.0024896265560168,1693.00429829723,6.621422324932155
2011,234.96775986419928,367.0318972,601.9996570641993,1.0024896265560168,1703.7221892391547,10.71789094192468
2012,214.6834019506841,370.96316160000003,585.6465635506842,1.0024896265560168,1707.8123864860158,4.09019724686118
2013,213.16365728260934,370.2459324,583.4095896826093,1.0024896265560168,1710.7027523449526,2.890365858936775
2014,219.12119513617802,377.00284780000004,596.1240429361781,1.0024896265560168,1717.4920024937446,6.789250148792007
2015,212.69994127272804,381.5206772,594.2206184727281,1.0024896265560168,1722.890583460433,5.398580966688314
2016,204.5384273311009,369.4090335000001,573.947460831101,1.0024896265560168,1720.9541891546044,-1.9363943058285713
2017,216.96409157036751,370.1151464,587.0792379703676,1.0024896265560168,1723.5945966395257,2.6404074849212975
2018,218.8718073210817,373.18654800000013,592.0583553210818,1.0024896265560168,1727.5932878721487,3.9986912326230595
2019,213.25609550943,381.5144058,594.7705013094301,1.0024896265560168,1732.0457360280918,4.452448155943102
2020,215.0,375.00440580000003,590.0044058000001,1.0024896265560168,1734.4180757116294,2.372339683537575
