,natemis,Antr+BB,Totemis,ch4lifetime_fact,Conc,Trend
1950,215.0,163.598,378.598,1.0,1156.1234580696766,
1951,215.0,178.6518045817319,393.6518045817319,1.0,1157.3682177523867,1.2447596827100824
1952,215.0,183.7517426159432,398.75174261594316,1.0,1160.1668295338286,2.7986117814418776
1953,215.0,188.65843901363414,403.65843901363417,1.0,1164.2811501852748,4.114320651446178
1954,215.0,193.14519209920383,408.1451920992038,1.0,1169.424434307104,5.143284121829311
1955,215.0,197.31171867296544,412.3117186729654,1.0,1175.37515037469,5.950716067585972
1956,215.0,203.04187309012457,418.04187309012457,1.0,1182.5620294269106,7.186879052220547
1957,215.0,208.22496909832324,423.22496909832324,1.0,1190.6650294087437,8.102999981833136
1958,215.0,210.34889237508935,425.34889237508935,1.0,1198.5658975074878,7.900868098744013
1959,215.0,214.44709046362615,429.4470904636262,1.0,1206.9427445592996,8.376847051811865
1960,215.0,218.81883565563655,433.8188356556366,1.0,1215.833095346065,8.890350786765339
1961,215.0,224.59797580858205,439.5979758085821,1.0,1225.6467213045075,9.813625958442572
1962,215.0,224.56491415846932,439.5649141584693,1.0,1234.3505366264258,8.703815321918228
1963,215.0,231.44847602366914,446.4484760236692,1.0,1244.3651920887514,10.014655462325663
1964,215.0,229.70272576816996,444.70272576816996,1.0,1252.678898629778,8.313706541026477
1965,215.0,233.7121636365794,448.71216363657936,1.0,1261.3928892724264,8.713990642648469
1966,215.0,235.251836915052,450.25183691505197,1.0,1269.6423586966077,8.24946942418137
1967,215.0,239.17333671769057,454.1733367176906,1.0,1278.270108589155,8.627749892547172
1968,215.0,240.0700010272064,455.0700010272064,1.0,1286.2295085428077,7.959399953652792
1969,215.0,241.81515974676304,456.815159746763,1.0,1293.8771020912006,7.647593548392933
1970,215.0,244.94654067199508,459.9465406719951,1.0,1301.7080412717762,7.8309391805755695
1971,215.0,248.76207785759098,463.76207785759095,1.0,1309.928943243553,8.220901971776811
1972,215.0,256.04497069059664,471.04497069059664,1.0,1319.6473389630787,9.718395719525688
1973,215.0,255.60237187520235,470.6023718752024,1.0,1328.1306167483374,8.483277785258679
1974,215.0,258.8376989548787,473.8376989548787,1.0,1336.7381795339015,8.607562785564141
1975,215.0,261.71079484263964,476.71079484263964,1.0,1345.3358468872625,8.597667353360976
1976,215.0,266.11259910976634,481.11259910976634,1.0,1354.4322725778302,9.096425690567685
1977,215.0,269.5931488630674,484.5931488630674,1.0,1363.6657452317845,9.233472653954323
1978,215.0,272.7548380298701,487.7548380298701,1.0,1372.9150549118428,9.249309680058332
1979,215.0,276.282103452212,491.282103452212,1.0,1382.2998031495108,9.384748237667964
1980,215.0,279.7152927768357,494.7152927768357,1.0,1391.7735906972234,9.473787547712618
1981,215.0,281.48962262623303,496.48962262623303,1.0,1400.775690621887,9.002099924663526
1982,215.0,290.3138617386215,505.3138617386215,1.0,1411.6995550671554,10.923864445268464
1983,215.0,285.25634640067585,500.25634640067585,1.0,1419.72112863871,8.021573571554654
1984,215.0,288.3160050399723,503.3160050399723,1.0,1427.8603607335253,8.13923209481527
1985,215.0,290.7718115359584,505.7718115359584,1.0,1435.903592424695,8.043231691169694
1986,215.0,293.2029897176004,508.2029897176004,1.0,1443.8533960630168,7.949803638321782
1987,215.0,297.6636160553672,512.6636160553671,1.0,1452.394028969945,8.540632906928295
1988,215.0,297.990817919549,512.990817919549,1.0,1460.086999477787,7.692970507841892
1989,215.0,299.2419704961214,514.2419704961214,1.0,1467.333980988431,7.246981510643991
1990,207.13777445155313,302.9738366007256,510.1116110522787,1.0,1472.3981976226733,5.064216634242257
1991,206.4189161040385,316.0443104403371,522.4632265443756,1.0,1480.9962270660762,8.598029443402993
1992,194.53550769894048,298.3385526293896,492.8740603283301,1.0,1478.8076476097408,-2.1885794563354466
1993,199.9311640200513,298.32968740051797,498.2608514205693,1.0,1478.6525899429912,-0.15505766674959887
1994,202.9940352402028,306.8975623385286,509.8915975787314,1.0,1482.37641287412,3.7238229311287796
1995,197.44693511447778,295.94589077222037,493.3928258866981,1.0,1480.2055288275992,-2.1708840465207686
1996,207.20103192719466,293.32614251621055,500.5271744434052,1.0,1480.6463909729227,0.4408621453235355
1997,217.73968242650653,315.2255,532.9651824265065,1.0,1491.8076180053822,11.161227032459465
1998,212.1138313815474,297.786,509.8998313815474,1.0,1494.0612032574286,2.2535852520463777
1999,216.99656031183122,290.18649999999997,507.1830603118312,1.0,1495.160460143372,1.099256885943305
2000,224.30553653458136,286.167,510.4725365345813,1.0,1497.22877050325,2.068310359878069
2001,212.51997324232056,293.96279999999996,506.4827732423205,1.0,1497.7408521969305,0.5120816936805568
2002,212.1704320233259,308.4886,520.659032023326,1.0,1502.9022492392403,5.161397042309773
2003,211.94485638005466,313.4844,525.4292563800547,1.0,1509.069483546742,6.167234307501758
2004,211.43839792487432,321.4202,532.8585979248744,1.0,1517.0127835916148,7.943300044872785
2005,214.9095743035305,328.966,543.8755743035305,1.0,1527.724411917349,10.711628325734182
2006,211.9578219242644,339.5914,551.5492219242644,1.0,1539.7843811340092,12.059969216660193
2007,220.7534076670482,340.1068,560.8602076670483,1.0,1553.5853291033159,13.800947969306662
2008,226.26119336847543,344.2622,570.5233933684755,1.0,1569.0492518006472,15.463922697331327
2009,227.79548429501534,353.1976,580.9930842950154,1.0,1586.2577130146174,17.208461213970168
2010,222.70559512358187,359.223,581.9285951235819,1.0,1601.849937574382,15.592224559764645
2011,231.1165900907369,364.4245,595.5410900907369,1.0,1620.2157756071988,18.365838032816782
2012,214.23806968250926,373.586,587.8240696825093,1.0,1633.9630622777058,13.747286670507037
2013,219.16898297119255,378.0775,597.2464829711926,1.0,1649.2993934040915,15.33633112638563
2014,228.10570225698547,389.899,618.0047022569854,1.0,1669.8104391375593,20.51104573346788
2015,219.00148484941846,401.9505,620.9519848494184,1.0,1689.0033845340088,19.19294539644943
2016,213.7915772904531,399.27200000000005,613.0635772904532,1.0,1703.4282650048735,14.424880470864764
2017,220.463654903922,406.7735,627.237154903922,1.0,1720.9437515176307,17.515486512757207
2018,222.41348146598264,413.58500000000004,635.9984814659826,1.0,1739.4068692183812,18.463117700750445
2019,219.24138085349597,427.4565,646.6978808534959,1.0,1759.354970314734,19.94810109635273
2020,215.0,427.918,642.918,1.0,1775.814521624072,16.459551309338167
