,natemis,Antr+BB,Totemis,ch4lifetime_fact,Conc,Trend
1950,215.0,163.17450659965715,378.17450659965715,1.0488608866700293,1161.294311058155,
1951,215.0,179.19507276100282,394.19507276100285,1.0455466626386185,1167.1222295352352,5.827918477080175
1952,215.0,185.26177237482784,400.26177237482784,1.0435105097854591,1174.1247407581436,7.002511222908424
1953,215.0,191.13523035213254,406.13523035213257,1.0405455939203825,1182.0077815994678,7.883040841324146
1954,215.0,196.588745017316,411.588745017316,1.044295794488673,1191.2539532507874,9.246171651319628
1955,215.0,201.72203317069142,416.7220331706914,1.037508489961066,1200.4716785265605,9.217725275773091
1956,215.0,208.41894916746426,423.41894916746423,1.028116236302615,1209.8713680628928,9.39968953633229
1957,215.0,214.5688067552767,429.5688067552767,1.0421601616543277,1221.8548212286041,11.983453165711353
1958,215.0,217.6594916116566,432.65949161165656,1.048657602665344,1234.2884301684635,12.433608939859369
1959,215.0,222.72445127980714,437.7244512798071,1.036391182649435,1245.690843395353,11.402413226889621
1960,215.0,228.0629580514313,443.06295805143134,1.0366828171259594,1257.6626824749342,11.97183907958106
1961,215.0,236.72050668084023,451.72050668084023,1.0360169714873653,1271.1357318642386,13.473049389304379
1962,215.0,239.56585350719098,454.565853507191,1.0483804322861743,1285.5220200628817,14.386288198643115
1963,215.0,249.3278238488543,464.32782384885434,1.0443546910580446,1301.1394637587066,15.617443695824932
1964,215.0,250.4604820698185,465.4604820698185,1.0448466365780047,1315.5046521018362,14.365188343129603
1965,215.0,257.3483284146914,472.3483284146914,1.0416887487729276,1330.2324900993726,14.727837997536426
1966,215.0,261.76641016962753,476.76641016962753,1.045021997433171,1345.2389616084706,15.006471509097992
1967,215.0,268.56631844872953,483.56631844872953,1.0453696087467055,1360.9300924814368,15.691130872966141
1968,215.0,272.34139123470885,487.34139123470885,1.0399298066040126,1375.5094795543569,14.579387072920099
1969,215.0,276.9649584307289,491.9649584307289,1.044521823964872,1390.621903439473,15.112423885116186
1970,215.0,282.9747478324244,497.9747478324244,1.0439258467327728,1406.0263141755095,15.404410736036425
1971,215.0,292.39338546227265,507.39338546227265,1.0436193741341604,1422.860611025109,16.83429684959947
1972,215.0,305.77288904383573,520.7728890438357,1.0520906785217377,1443.415455513963,20.554844488854087
1973,215.0,317.30180353705,532.30180353705,1.0403958536106162,1464.0707260022175,20.655270488254473
1974,215.0,319.6737152945646,534.6737152945645,1.035825630675854,1482.6615457180662,18.59081971584874
1975,215.0,313.4687162301143,528.4687162301143,1.0405937531705223,1497.8153332304837,15.153787512417466
1976,215.0,328.0681369115893,543.0681369115894,1.0471224324819541,1517.073068033316,19.257734802832374
1977,215.0,327.50971043294277,542.5097104329427,1.0411935162013237,1533.2523657581837,16.179297724867638
1978,215.0,337.29152495073333,552.2915249507333,1.039175143440748,1550.6504704212598,17.398104663076083
1979,215.0,339.2625001945196,554.2625001945196,1.0376285224625028,1566.5968933335057,15.946422912245907
1980,215.0,331.9744129863428,546.9744129863428,1.046993032958082,1579.7217614127708,13.12486807926507
1981,215.0,315.6808105870111,530.6808105870111,1.057235362607005,1587.452251153546,7.730489740775283
1982,215.0,321.2350753555989,536.2350753555988,1.0571718977688278,1596.1962503077114,8.743999154165294
1983,215.0,310.5807537196765,525.5807537196765,1.059741846409663,1600.8190991401705,4.622848832459113
1984,215.0,309.44370211114114,524.4437021111412,1.0468082345506051,1602.730351994096,1.911252853925589
1985,215.0,308.5329440305821,523.532944030582,1.0438054769311433,1603.6987234256653,0.9683714315692669
1986,215.0,311.14209539675954,526.1420953967595,1.049246969643094,1606.2154759240211,2.5167524983557996
1987,215.0,313.06531577001317,528.0653157700132,1.040268768905054,1607.7999805669026,1.584504642881484
1988,215.0,317.1635669480235,532.1635669480236,1.0374802786999169,1610.1669719109143,2.3669913440116943
1989,215.0,319.83132361261084,534.8313236126108,1.0428034452743942,1613.9447357983809,3.7777638874665627
1990,213.229158495527,323.79183660072556,537.0209950962526,1.0438158204508707,1618.1903411074761,4.245605309095254
1991,230.46401973376058,335.4818104403371,565.9458301740976,1.044515988674617,1631.7037485828816,13.51340747540553
1992,187.08466023758422,316.3955526293896,503.48021286697383,1.0373376907957834,1621.9123220328331,-9.791426550048527
1993,201.07742439463695,315.00618740051794,516.0836117951549,1.0235051451726433,1615.3018387255,-6.6104833073331974
1994,209.91391164352387,322.1935623385285,532.1074739820524,1.025931824493182,1615.110851089325,-0.19098763617489567
1995,200.85765603448098,309.8613907722203,510.7190468067013,1.0098251171866819,1605.3687418110806,-9.74210927824447
1996,212.4591393800404,309.1011425162106,521.560281896251,1.0059472571608135,1599.708746299748,-5.659995511332454
1997,217.02081046246136,332.86,549.8808104624613,1.0155065898427584,1605.558475828886,5.849729529137903
1998,202.568436978653,317.28000000000003,519.848436978653,1.0260604213678781,1602.3795389868567,-3.178936842029316
1999,215.78806866900686,311.53999999999996,527.3280686690068,0.9977243350302163,1597.6802781404363,-4.6992608464204295
2000,226.5622479195188,309.38,535.9422479195188,1.0,1596.7256092970454,-0.9546688433908912
2001,215.0509626165587,313.65,528.7009626165586,0.9976712650532031,1593.1080232058782,-3.6175860911671407
2002,216.04073174324364,324.65000000000003,540.6907317432436,0.9898186618728184,1592.6325981709842,-0.4754250348939877
2003,213.98055262609702,326.12,540.100552626097,0.994865821953046,1592.8163959573337,0.18379778634948707
2004,208.00169259421529,330.53000000000003,538.5316925942153,0.9830062724148221,1590.5634917173193,-2.252904240014459
2005,205.4572700159953,334.55,540.0072700159953,0.9724656594085386,1587.3366562747096,-3.2268354426096266
2006,211.2339594451393,340.45,551.6839594451393,0.9697798027915692,1587.9072819472317,0.5706256725220555
2007,223.672583039232,336.24,559.912583039232,0.9645130934714374,1590.2625564475384,2.3552745003066775
2008,228.03049543871128,335.67,563.7004954387113,0.9627371565534859,1593.3029076594858,3.0403512119473817
2009,235.04040686312868,339.88,574.9204068631286,0.9682589027181607,1600.6371061699676,7.334198510481883
2010,224.2663857353366,341.18,565.4463857353367,0.9741615880697929,1604.9712470962133,4.334140926245709
2011,247.4109003803281,342.69,590.1009003803281,0.9620153522297454,1614.936986991841,9.965739895627621
2012,216.66762554529598,348.16,564.827625545296,0.9808702795232336,1618.5432086739927,3.606221682151727
2013,222.88330630031555,348.96,571.8433063003156,0.9678609782840504,1621.8874561995099,3.3442475255171757
2014,220.24898314608367,357.09000000000003,577.3389831460837,0.9658128139938376,1626.3195742674104,4.4321180679005465
2015,215.0,365.45,580.45,0.9658128139938376,1631.2719644669091,4.952390199498723
2016,215.0,358.0,573.0,0.9658128139938376,1633.1846417204404,1.9126772535312284
2017,215.0,360.73,575.73,0.9658128139938376,1635.781654911103,2.597013190662665
2018,215.0,362.77000000000004,577.77,0.9658128139938376,1638.755469055336,2.9738141442330743
2019,215.0,371.87,586.87,0.9658128139938376,1644.4024188122207,5.646949756884624
2020,215.0,367.56,582.56,0.9658128139938376,1647.9702438994568,3.5678250872360877
