,natemis,Antr+BB,Totemis,ch4lifetime_fact,Conc,Trend
1950,215.0,165.44423622518232,380.4442362251823,0.9900099900099899,1155.5888391151168,
1951,215.0,181.5398843317661,396.5398843317661,0.9900099900099899,1156.7064330402316,1.117593925114761
1952,215.0,187.68166589082924,402.6816658908292,0.9900099900099899,1159.7359270660077,3.0294940257761027
1953,215.0,193.63020581337207,408.6302058133721,0.9900099900099899,1164.3973365998527,4.661409533845017
1954,215.0,199.15880242379365,414.15880242379365,0.9900099900099899,1170.3670598356935,5.969723235840775
1955,215.0,204.36717252240715,419.36717252240715,0.9900099900099899,1177.3911205143427,7.024060678649221
1956,215.0,211.13917046441813,426.13917046441816,0.9900099900099899,1185.8693526276024,8.478232113259764
1957,215.0,217.36410999746863,432.36410999746863,0.9900099900099899,1195.4560405456505,9.586687918048028
1958,215.0,220.52987679908665,435.52987679908665,0.9900099900099899,1205.0108846107448,9.554844065094358
1959,215.0,225.6699184124753,440.66991841247534,0.9900099900099899,1215.1926206177188,10.181736006974006
1960,215.0,231.08350712933756,446.0835071293376,0.9900099900099899,1226.0212439633556,10.828623345636743
1961,215.0,239.81707031491294,454.81707031491294,0.9832246039142591,1237.6822799119345,11.661035948578956
1962,215.0,242.73843169743012,457.7384316974301,0.9828209764918625,1248.9373429670604,11.255063055125902
1963,215.0,252.57641659525984,467.57641659525984,0.9808988764044944,1261.931703200399,12.994360233338512
1964,215.0,253.78508937239053,468.78508937239053,0.9943820224719102,1275.5698626567125,13.638159456313588
1965,215.0,260.7489502734299,475.7489502734299,0.9990958408679929,1290.5831438178807,15.013281161168152
1966,215.0,265.2430465845324,480.2430465845324,0.9891500904159132,1304.1235329582773,13.540389140396655
1967,215.0,272.1189694198009,487.1189694198009,0.9945750452079567,1319.1258300731092,15.00229711483189
1968,215.0,275.9700567619466,490.9700567619466,0.9936708860759491,1333.5998124785951,14.473982405485913
1969,215.0,280.66963851413317,495.66963851413317,0.9850885368126747,1346.8504068927205,13.250594414125317
1970,215.0,286.7554424719951,501.7554424719951,1.0018083182640147,1362.8711294708037,16.020722578083223
1971,215.0,296.29479715759095,511.29479715759095,0.9891500904159132,1378.5478177591963,15.676688288392597
1972,215.0,309.7925504905967,524.7925504905967,0.9990958408679929,1398.3042056603097,19.756387901113385
1973,215.0,321.5097804752024,536.5097804752024,0.9850885368126747,1417.768148814642,19.463943154332355
1974,215.0,323.90781625487864,538.9078162548786,0.9898876404494381,1436.5105446510051,18.74239583636313
1975,215.0,317.6599241426396,532.6599241426396,0.9963833634719712,1451.9973178873504,15.486773236345243
1976,215.0,332.4310155097663,547.4310155097663,1.0081374321880652,1472.3287076619022,20.33138977455178
1977,215.0,331.86937666306744,546.8693766630674,1.0055917986952472,1489.8467065627642,17.51799890086204
1978,215.0,341.8147800298701,556.8147800298701,1.015370705244123,1510.1269126520729,20.28020608930865
1979,215.0,343.8016532522121,558.8016532522121,1.011754068716094,1528.299085287945,18.17217263587213
1980,215.0,336.43435957683573,551.4343595768357,1.014911463187325,1542.472656266749,14.173570978804037
1981,215.0,319.944026226233,534.9440262262331,1.011183597390494,1549.047475304115,6.574819037366069
1982,215.0,325.4862880386215,540.4862880386215,1.0195712954333644,1557.9761922218338,8.928716917718702
1983,215.0,314.78340390067586,529.7834039006759,1.0074557315936628,1560.5558378883452,2.5796456665113965
1984,215.0,313.6218524399723,528.6218524399724,1.0027958993476236,1561.7550825102762,1.1992446219310295
1985,215.0,312.6892946359584,527.6892946359584,0.9900542495479203,1560.5425761625268,-1.2125063477494677
1986,215.0,315.3279750176004,530.3279750176005,1.0027958993476236,1562.309831901505,1.7672557389782924
1987,215.0,317.2485140553672,532.2485140553672,1.0027124773960217,1564.504649624159,2.194817722653852
1988,215.0,321.411691319549,536.4116913195489,0.9953401677539611,1566.7005932548886,2.1959436307297437
1989,215.0,324.1105786961214,539.1105786961214,1.0041493775933612,1570.9033991415436,4.2028058866549145
1990,195.859372138931,328.0908796007256,523.9502517396566,1.007233273056058,1570.073212883117,-0.8301862584264654
1991,196.4677865234781,341.6898806403371,538.1576671638152,1.0144665461121156,1575.1480458945396,5.07483301142247
1992,186.22954503459533,321.75928362938964,507.988828663985,1.011183597390494,1569.1432050375784,-6.004840856961209
1993,187.33483185418655,320.736322800518,508.0711546547045,1.0027958993476236,1562.559136212587,-6.584068824991391
1994,194.24032411385,332.26831963852857,526.5086437523786,1.0009319664492078,1562.5478413839892,-0.011294828597783635
1995,196.26542045954338,324.2177472722203,520.4831677317637,0.988245931283906,1558.571428211329,-3.976413172660159
1996,208.3748607752008,327.5188030162106,535.8936637914114,0.9953401677539611,1561.2623358182052,2.6909076068761806
1997,210.57397740266572,350.5117382000001,561.0857156026658,0.9981916817359855,1572.4544266865867,11.192090868381456
1998,209.1911838875435,330.2514803,539.4426641875435,0.9960567823343849,1574.874560538628,2.4201338520413174
1999,217.52201870655188,321.97082819999997,539.4928469065519,0.985307621671258,1575.3453716685399,0.4708111299119082
2000,223.5473177914537,321.0746415,544.6219592914537,1.0,1579.7732942421937,4.427922573653859
2001,208.76739978844725,322.0038254,530.7712251884473,0.9924026590693258,1577.9197075239829,-1.8535867182108632
2002,212.5426383460839,329.2447249,541.7873632460839,0.9933523266856601,1580.0803623393165,2.1606548153336007
2003,209.4704631541179,336.95281180000006,546.4232749541179,0.9895536562203229,1582.9362898602558,2.8559275209393036
2004,218.0441344921813,346.8821553,564.9262897921814,0.9925442684063377,1592.0840898446322,9.147799984376434
2005,209.43411713475498,351.53041470000005,560.964531834755,0.9870129870129869,1598.002139728687,5.918049884054881
2006,219.66477835127023,361.5815305,581.2463088512702,0.986013986013986,1609.8179427865828,11.815803057895664
2007,218.52915094169083,357.22785230000005,575.7570032416909,0.986013986013986,1618.4740529664355,8.656110179852703
2008,220.73970219562665,358.4336323,579.1733344956267,0.9687203791469194,1624.4015142441044,5.927461277668954
2009,225.16131562752406,359.7836666,584.9449822275241,0.9696969696969695,1631.7266741284327,7.325159884328286
2010,222.0698885088719,365.82240210000003,587.8922906088719,0.9658767772511849,1638.5334027139816,6.8067285855488535
2011,236.78903992011058,367.0318972,603.8209371201106,0.9658767772511849,1649.8347126109584,11.301309896976818
2012,215.0776771228679,370.96316160000003,586.0408387228679,0.9658767772511849,1653.941219132917,4.106506521958636
2013,213.66667097656892,370.2459324,583.912603376569,0.9658767772511849,1656.8692021755842,2.927983042667165
2014,220.38733015363204,377.00284780000004,597.390177953632,0.9658767772511849,1663.9264097345113,7.057207558927075
2015,214.02416939645465,381.5206772,595.5448465964547,0.9658767772511849,1669.558835566323,5.632425831811815
2016,204.99377754132416,369.4090335000001,574.4028110413242,0.9658767772511849,1667.5355117221077,-2.0233238442153834
2017,218.8150981385997,370.1151464,588.9302445385997,0.9658767772511849,1670.5598978102894,3.0243860881817
2018,219.12510429468114,373.18654800000013,592.3116522946813,0.9658767772511849,1674.3564143855563,3.796516575266878
2019,214.5585473649176,381.5144058,596.0729531649176,0.9658767772511849,1678.9619880557727,4.605573670216472
2020,215.0,375.00440580000003,590.0044058000001,0.9658767772511849,1681.02566510317,2.0636770473972774
