,natemis,Antr+BB,Totemis,ch4lifetime_fact,Conc,Trend
1950,215.0,148.86472757401697,363.86472757401697,1.0386734286208537,1155.4660551082777,
1951,215.0,164.4119307263549,379.4119307263549,1.0386734286208537,1156.283805127743,0.817750019465393
1952,215.0,170.00526733117223,385.00526733117226,1.0386734286208537,1158.8733891412887,2.5895840135456183
1953,215.0,175.4053622994692,390.4053622994692,1.0386734286208537,1162.9782487496582,4.104859608369452
1954,215.0,180.38551395564497,395.38551395564497,1.0386734286208537,1168.2942567194377,5.316007969779548
1955,215.0,185.0454391000126,400.0454391000126,1.0386734286208537,1174.5834594398177,6.28920272037999
1956,215.0,191.26899208777778,406.26899208777775,1.0386734286208537,1182.260373931981,7.676914492163178
1957,215.0,196.94548666658253,411.9454866665825,1.0386734286208537,1190.992432349995,8.732058418014049
1958,215.0,199.56280851395465,414.5628085139547,1.0386734286208537,1199.6475235015203,8.655091151525312
1959,215.0,204.15440517309747,419.1544051730975,1.0386734286208537,1208.8907254830015,9.243201981481207
1960,215.0,209.0195489357139,424.01954893571394,1.0386734286208537,1218.7492100162096,9.858484533208184
1961,215.0,217.19785480015165,432.1978548001516,1.0273688805761167,1228.9822311031348,10.233021086925191
1962,215.0,219.56395886153115,434.56395886153115,1.0286336117988735,1239.0266218443892,10.044390741254347
1963,215.0,228.84668643822317,443.8466864382232,1.0303815209511082,1251.2605915377221,12.233969693332938
1964,215.0,229.50010189421624,444.50010189421624,1.0388161109745009,1263.3501724212551,12.089580883533017
1965,215.0,235.90870547411788,450.9087054741179,1.0466500135860857,1277.1605658918181,13.810393470562985
1966,215.0,239.84754446408272,454.8475444640827,1.0309948094306236,1288.9596101549828,11.79904426316466
1967,215.0,246.1682099782135,461.1682099782135,1.0343317923476247,1301.9709738682232,13.011363713240371
1968,215.0,249.46403999922154,464.46403999922154,1.0390130401356572,1315.2224996831894,13.251525814966271
1969,215.0,253.6083644302704,468.6083644302704,1.03733064240917,1328.2118946407115,12.989394957522109
1970,215.0,259.1389110669947,474.1389110669947,1.044520863970062,1342.5019055420767,14.290010901365122
1971,215.0,264.2792956760135,479.2792956760135,1.0311148875281522,1355.305687600052,12.80378205797524
1972,215.0,272.45721733515404,487.45721733515404,1.0410234769727889,1370.6688911463577,15.36320354630584
1973,215.0,275.97436854007793,490.97436854007793,1.0237676802553786,1383.343460460146,12.674569313788197
1974,215.0,277.58300816315733,492.58300816315733,1.0255205419074267,1395.388966168426,12.045505708279961
1975,215.0,278.92569799309183,493.92569799309183,1.0294434565934747,1407.0719939582089,11.683027789782955
1976,215.0,286.19073893967834,501.19073893967834,1.0411371895645516,1421.411453755801,14.339459797592099
1977,215.0,290.52582612135245,505.52582612135245,1.04310064917037,1435.894293665049,14.482839909248014
1978,215.0,292.98308376747053,507.98308376747053,1.038188476513601,1448.9844116347572,13.090117969708217
1979,215.0,298.58114099630916,513.5811409963092,1.0481297495588873,1463.825131453266,14.840719818508887
1980,215.0,300.435685537013,515.435685537013,1.054811359742319,1478.5600014403071,14.734869987041066
1981,215.0,296.68287020073063,511.68287020073063,1.0453494500609413,1489.2125830634554,10.652581623148308
1982,215.0,304.65710214976906,519.6571021497691,1.0607031737894599,1503.4085741500944,14.19599108663897
1983,215.0,298.6784287123529,513.6784287123529,1.0432038431370887,1511.7507969268659,8.34222277677145
1984,215.0,302.2370817851458,517.2370817851458,1.0308940203039962,1518.6677320288436,6.916935101977742
1985,215.0,302.9504467045176,517.9504467045176,1.024425100745979,1524.149784957653,5.48205292880948
1986,215.0,308.4034370412448,523.4034370412448,1.0354513129905416,1532.405160585477,8.255375627823923
1987,215.0,312.778527186872,527.778527186872,1.0403399650985459,1541.903937665487,9.498777080010086
1988,215.0,316.78079953316467,531.7807995331647,1.0222870139004354,1549.1226216804562,7.218684014969085
1989,215.0,320.55968800249383,535.5596880024939,1.0267543659990674,1557.4537401638318,8.331118483375576
1990,200.3301288457454,323.79183660072556,524.121965446471,1.030736205492146,1561.646761881443,4.1930217176111455
1991,199.7503266400383,335.4818104403371,535.2321370803754,1.0498448088618946,1571.7980094142868,10.151247532843854
1992,184.67510149951386,316.3955526293896,501.07065412890347,1.0436593028024648,1568.6151033263066,-3.1829060879802
1993,197.36691793433434,315.00618740051794,512.3731053348523,1.0224136274039968,1566.4648153517503,-2.1502879745562495
1994,206.86238646048096,322.1935623385285,529.0559487990095,1.0257079106974367,1570.5805122110771,4.1156968593268175
1995,201.7570917407637,309.8613907722203,511.61848251298403,1.006485120188085,1565.5768011834643,-5.0037110276127805
1996,213.15982548765285,309.1011425162106,522.2609680038635,1.0050644518952168,1564.4489974909834,-1.1278036924809385
1997,219.11808678658687,332.86,551.9780867865869,1.0260210342142024,1576.4518009646972,12.002803473713811
1998,212.25503626636817,317.28000000000003,529.5350362663683,1.0215154558941881,1579.0108338719463,2.5590329072490476
1999,221.87093317633915,311.53999999999996,533.4109331763391,0.9979967817046644,1578.9948657682194,-0.01596810372689106
2000,227.84472784773624,309.38,537.2247278477362,1.0,1580.5582022296746,1.5633364614552647
2001,206.6473954472032,313.65,520.2973954472031,1.004280591928866,1576.987372230946,-3.570829998728641
2002,212.26455200956343,324.65000000000003,536.9145520095635,1.0092659254714755,1580.0959947299245,3.108622498978548
2003,215.22835450612564,326.12,541.3483545061256,1.0091672020984297,1584.3168694399703,4.220874710045791
2004,212.63153770421576,330.53000000000003,543.1615377042158,1.0045178825485648,1587.9560824506962,3.6392130107258254
2005,212.49070626724972,334.55,547.0407062672498,1.001520616854982,1592.012150286622,4.056067835925887
2006,213.71072289363457,340.45,554.1607228936346,0.9963837241195741,1597.172377230486,5.160226943864018
2007,219.18200332427125,336.24,555.4220033242713,1.0019042846930941,1603.0407762729974,5.868399042511328
2008,228.68671106740234,335.67,564.3567110674023,0.9845580445936346,1608.4459681842407,5.405191911243264
2009,221.551417970207,339.88,561.431417970207,0.9914712628139848,1613.3873735526156,4.941405368374944
2010,221.69514826634378,341.18,562.8751482663438,0.979929226472326,1616.3671606776013,2.9797871249857053
2011,227.28038439645948,342.69,569.9703843964595,0.979929226472326,1621.360885418265,4.993724740663765
2012,209.97597491597992,348.16,558.1359749159799,0.979929226472326,1621.8609792086431,0.5000937903780596
2013,213.54435145588445,348.96,562.5043514558845,0.979929226472326,1623.7529581242004,1.8919789155572744
2014,216.40412124879504,357.09000000000003,573.4941212487951,0.979929226472326,1629.0744068331694,5.321448708969001
2015,206.32314747732138,365.45,571.7731474773213,0.979929226472326,1633.2191576279229,4.144750794753463
2016,201.11929681211606,358.0,559.1192968121161,0.979929226472326,1632.6951660402624,-0.5239915876604755
2017,215.0,360.73,575.73,0.979929226472326,1637.7399870122636,5.044820972001162
2018,215.0,362.77000000000004,577.77,0.979929226472326,1642.8869821152102,5.146995102946676
2019,215.0,371.87,586.87,0.979929226472326,1650.4660556323106,7.579073517100369
2020,215.0,367.56,582.56,0.979929226472326,1655.7526884427552,5.286632810444644
