,natemis,Antr+BB,Totemis,ch4lifetime_fact,Conc,Trend
1950,215.0,145.69132180652684,360.69132180652684,1.1198738170347002,1162.3888890371666,
1951,215.0,161.13354968984004,376.13354968984004,1.1198738170347002,1169.374921556607,6.986032519440414
1952,215.0,166.62191102563256,381.6219110256326,1.1198738170347002,1177.4804704530454,8.10554889643845
1953,215.0,171.91703072490478,386.91703072490475,1.1198738170347002,1186.526820451061,9.046349998015558
1954,215.0,176.79220711205573,391.79220711205573,1.1198738170347002,1196.2778076109516,9.750987159890656
1955,215.0,181.34715698739865,396.34715698739865,1.1198738170347002,1206.554648321571,10.276840710619354
1956,215.0,187.46573470613905,402.4657347061391,1.1198738170347002,1217.825685481299,11.271037159727939
1957,215.0,193.03725401591896,408.03725401591896,1.1198738170347002,1229.806873217068,11.981187735769026
1958,215.0,195.54960059426637,410.5496005942664,1.1198738170347002,1241.4045213960542,11.59764817898622
1959,215.0,200.03622198438438,415.0362219843844,1.1198738170347002,1253.3168294263605,11.912308030306349
1960,215.0,204.79639047797613,419.79639047797616,1.1198738170347002,1265.603016286403,12.286186860042562
1961,215.0,212.86841715028493,427.8684171502849,1.113564668769716,1278.6948037416494,13.091787455246276
1962,215.0,215.12824201953555,430.12824201953555,1.1159305993690851,1291.440676693961,12.745872952311629
1963,215.0,224.30469040409875,439.3046904040988,1.1175078864353312,1306.1076639230541,14.666987229093138
1964,215.0,224.85182666796288,439.8518266679629,1.1190851735015772,1319.6220081736292,13.51434425057505
1965,215.0,231.1541510557357,446.1541510557357,1.1175078864353312,1333.6954866797282,14.073478506099036
1966,215.0,234.98671085357168,449.9867108535717,1.1064668769716088,1346.4282827735994,12.73279609387123
1967,215.0,241.20109717557358,456.2010971755736,1.1056782334384858,1359.8365801710777,13.408297397478236
1968,215.0,244.3906480044528,459.3906480044528,1.1054131054131053,1372.8975718810848,13.060991710007102
1969,215.0,248.42869324337278,463.4286932433728,1.0962145110410093,1384.9258409761385,12.028269095053702
1970,215.0,253.8529606879682,468.8529606879682,1.1017350157728707,1398.1420637634408,13.216222787302286
1971,215.0,257.52620629587904,472.52620629587904,1.107312440645774,1411.8512126143785,13.709148850937709
1972,215.0,264.8182405958808,479.8182405958808,1.0949667616334284,1425.155984492725,13.304771878346628
1973,215.0,267.14971892758393,482.14971892758393,1.0864197530864197,1436.8412779331516,11.685293440426449
1974,215.0,268.7846400384715,483.7846400384715,1.092117758784425,1448.5328950220662,11.691617088914654
1975,215.0,271.109550132768,486.109550132768,1.0892687559354226,1459.4387099658468,10.90581494378057
1976,215.0,275.151199176438,490.151199176438,1.090218423551757,1470.669496713679,11.230786747832326
1977,215.0,277.8837806829508,492.8837806829508,1.0816714150047484,1480.5851572359136,9.915660522234475
1978,215.0,279.1532573379765,494.1532573379765,1.0721747388414056,1488.684393506888,8.099236270974416
1979,215.0,283.509905097283,498.509905097283,1.0796529968454258,1498.329843634116,9.64545012722806
1980,213.46581505527286,282.39789700257745,495.8637120578503,1.0978157644824313,1508.3509946352933,10.021151001177259
1981,209.98540094753466,277.70632086781643,487.6917218153511,1.0788224121557457,1512.2176160723175,3.8666214370241505
1982,207.34999122653096,285.44898160510485,492.7989728316358,1.0858490566037737,1518.2756333025613,6.058017230243877
1983,218.54420775574664,279.2322937007664,497.776501456513,1.0683760683760681,1523.1002273577174,4.8245940551560125
1984,216.13469029654325,284.2736509570633,500.4083412536065,1.0826210826210825,1530.1428101477538,7.042582790036477
1985,218.52747499561326,287.21176940850773,505.739244404121,1.0759734093067426,1537.3604445558376,7.217634408083768
1986,212.30288822600457,291.2706380860499,503.57352631205447,1.0664767331433995,1541.839526211667,4.4790816558293045
1987,207.81014213019827,295.5911049346384,503.40124706483664,1.0597156398104266,1544.8758276562953,3.036301444628407
1988,212.7546727496052,299.50593861356083,512.260611363166,1.056980056980057,1550.1655882660887,5.289760609793348
1989,213.67497455693982,304.6665974459152,518.3415720028551,1.0503323836657168,1555.9980110471045,5.832422781015794
1990,211.0981294964029,307.914041620146,519.0121711165489,1.0556603773584907,1562.1641766744171,6.166165627312694
1991,210.3200561502018,320.68279532797294,531.0028514781748,1.0797752808988763,1574.9304060200648,12.766229345647616
1992,198.5903912967187,304.53940686846767,503.12979816518634,1.074688796680498,1576.3847301731776,1.4543241531127933
1993,204.7145815055273,305.54609779725865,510.26067930278595,1.0382022471910113,1574.982640813281,-1.4020893598965358
1994,209.4666853834006,317.597620646701,527.0643060301015,1.053932584269663,1581.555136505586,6.572495692304983
1995,208.72207755746624,312.19366926980626,520.9157468272725,1.0258426966292136,1581.330035452141,-0.22510105344508702
1996,212.42838392700475,314.27731063372306,526.7056945607278,1.0126182965299684,1581.0747403027428,-0.25529514939807996
1997,213.7837374978066,337.39423398689746,551.1779714847041,1.0674157303370786,1596.896703479069,15.821963176326108
1998,222.52660466748551,318.3664476301497,540.8930522976352,1.0443396226415094,1604.3488686075573,7.452165128488332
1999,211.56664678013686,313.54878980346416,525.115436583601,1.0058091286307054,1599.961723899547,-4.387144708010283
2000,213.03076329180558,315.2590354804872,528.2897987722928,1.0,1596.2109149030055,-3.7508089965415365
2001,218.326681874013,315.6535417996881,533.9802236737012,1.0141509433962264,1596.957506203759,0.7465913007536074
2002,215.21438848920863,322.5524780298677,537.7668665190763,1.02909796314258,1601.1306117864608,4.173105582701737
2003,219.3222811019477,328.93805732438307,548.2603384263308,1.0404494382022471,1610.010812246445,8.88020045998428
2004,213.74190559747325,336.0629318005267,549.804837398,1.0337078651685394,1617.4469333893037,7.43612114285861
2005,210.64634497280224,342.20939793202444,552.8557429048267,1.0112359550561796,1621.6619847767356,4.215051387431913
2006,215.9673626952097,352.88884852886645,568.8562112240761,1.0146067415730338,1631.249924730622,9.587939953886462
2007,213.7502719775399,350.1027628899805,563.8530348675204,1.0258426966292136,1639.8503831702794,8.60045843965736
2008,213.86740129847342,353.6885615404862,567.5559628389597,1.0,1644.669973560731,4.819590390451594
2009,219.93302684681524,355.1745289722293,575.1075558190446,1.0078651685393258,1652.7209351912677,8.050961630536676
2010,226.5508334795578,360.86969570672267,587.4205291862804,1.0024896265560168,1663.099084414946,10.378149223678292
2011,214.3442849622741,366.86200176465536,581.2062867269294,1.0024896265560168,1670.2541250057934,7.15504059084742
2012,208.27865941393227,372.93936189598577,581.2180213099181,1.0024896265560168,1676.6135545316797,6.3594295258862985
2013,214.6454746446745,372.12612208235606,586.7715967270306,1.0024896265560168,1684.106452303956,7.492897772276365
2014,215.03869450780837,379.6360199266544,594.6747144344628,1.0024896265560168,1693.3863334364733,9.279881132517176
2015,214.13512546060713,386.38580047504416,600.5209259356513,1.0024896265560168,1703.570520491936,10.184187055462644
2016,220.7529320933497,378.3196319917136,599.0725640850633,1.0024896265560168,1712.1357908304444,8.565270338508526
2017,215.0,383.4074474991411,598.4074474991411,1.0024896265560168,1719.5231208345676,7.387330004123214
2018,215.0,388.5484716668797,603.5484716668798,1.0024896265560168,1727.7920726883663,8.268951853798626
2019,215.0,399.41284493865857,614.4128449386585,1.0024896265560168,1738.744581039285,10.952508350918833
2020,215.0,396.9719628374015,611.9719628374015,1.0024896265560168,1747.6627521141572,8.918171074872134
