,natemis,Antr+BB,Totemis,ch4lifetime_fact,Conc,Trend
1950,215.0,163.17450659965715,378.17450659965715,1.0247219712311393,1158.7304235375464,
1951,215.0,179.19507276100282,394.19507276100285,1.0244368393312935,1162.5831540560823,3.8527305185359637
1952,215.0,185.26177237482784,400.26177237482784,1.0241517074314475,1167.9985168845446,5.415362828462321
1953,215.0,191.13523035213254,406.13523035213257,1.0238665755316017,1174.740416089009,6.741899204464289
1954,215.0,196.588745017316,411.588745017316,1.0235814436317558,1182.5232161819058,7.782800092896878
1955,215.0,201.72203317069142,416.7220331706914,1.02329631173191,1191.125712640535,8.602496458629275
1956,215.0,208.41894916746426,423.41894916746423,1.023011179832064,1200.9771101462013,9.851397505666228
1957,215.0,214.5688067552767,429.5688067552767,1.0227260479322182,1211.7577907181362,10.780680571934909
1958,215.0,217.6594916116566,432.65949161165656,1.0224409160323724,1222.3482056645692,10.59041494643293
1959,215.0,222.72445127980714,437.7244512798071,1.0221557841325266,1233.4248899507454,11.07668428617626
1960,215.0,228.0629580514313,443.06295805143134,1.0218706522326808,1245.02467893571,11.599788984964562
1961,215.0,236.72050668084023,451.72050668084023,1.0215855203328348,1258.1925392188111,13.167860283101163
1962,215.0,239.56585350719098,454.565853507191,1.021300388432989,1270.823473629261,12.630934410449754
1963,215.0,249.3278238488543,464.32782384885434,1.021015256533143,1285.274666449781,14.451192820520191
1964,215.0,250.4604820698185,465.4604820698185,1.0207301246332974,1298.4769901693835,13.202323719602418
1965,215.0,257.3483284146914,472.3483284146914,1.0204449927334514,1312.4799349580946,14.002944788711147
1966,215.0,261.76641016962753,476.76641016962753,1.0201598608336055,1326.3737539944386,13.893819036343984
1967,215.0,268.56631844872953,483.56631844872953,1.0198747289337597,1340.9612744184174,14.58752042397873
1968,215.0,272.34139123470885,487.34139123470885,1.019589597033914,1355.1600080460155,14.19873362759813
1969,215.0,276.9649584307289,491.9649584307289,1.019304465134068,1369.2939902579074,14.133982211891862
1970,215.0,282.9747478324244,497.9747478324244,1.0190193332342221,1383.8302522849233,14.536262027015937
1971,215.0,292.39338546227265,507.39338546227265,1.0199605556308002,1400.018017996976,16.187765712052624
1972,215.0,305.77288904383573,520.7728890438357,1.0209017780273784,1418.9944303113855,18.976412314409572
1973,215.0,317.30180353705,532.30180353705,1.0218430004239563,1439.840581102687,20.846150791301625
1974,215.0,319.6737152945646,534.6737152945645,1.0227842228205342,1459.310602842959,19.47002174027193
1975,215.0,313.4687162301143,528.4687162301143,1.0237254452171123,1474.7079653143442,15.397362471385122
1976,215.0,328.0681369115893,543.0681369115894,1.0246666676136902,1493.3981937734795,18.69022845913537
1977,215.0,327.50971043294277,542.5097104329427,1.0256078900102683,1509.9840060964407,16.585812322961146
1978,215.0,337.29152495073333,552.2915249507333,1.0265491124068462,1528.1364431308257,18.152437034385002
1979,215.0,339.2625001945196,554.2625001945196,1.0274903348034243,1545.0899657491047,16.953522618279067
1980,215.0,331.9744129863428,546.9744129863428,1.0284315572000022,1557.9001337091777,12.810167960072931
1981,215.0,315.6808105870111,530.6808105870111,1.0283999636415508,1563.88689068245,5.98675697327235
1982,215.0,321.2350753555989,536.2350753555988,1.0283683700830997,1571.06068970268,7.173799020230035
1983,215.0,310.5807537196765,525.5807537196765,1.0283367765246483,1573.9026252581264,2.841935555446298
1984,215.0,309.44370211114114,524.4437021111412,1.028305182966197,1576.0509311635528,2.1483059054264686
1985,215.0,308.5329440305821,523.532944030582,1.0282735894077455,1577.6567288270912,1.6057976635383966
1986,215.0,311.14209539675954,526.1420953967595,1.028241995849294,1579.9496552200924,2.292926393001153
1987,215.0,313.06531577001317,528.0653157700132,1.028210402290843,1582.626452031569,2.6767968114766063
1988,215.0,317.1635669480235,532.1635669480236,1.0281788087323915,1586.368239178234,3.7417871466650467
1989,215.0,319.83132361261084,534.8313236126108,1.0281472151739404,1590.5828487825381,4.214609604304087
1990,203.46046503508242,323.79183660072556,527.252301635808,1.0281156216154888,1591.81173040409,1.2288816215518636
1991,203.86480763910888,335.4818104403371,539.346618079446,1.02530405945394,1596.5089379940578,4.697207589967775
1992,192.99593815610623,316.3955526293896,509.3914907854959,1.022492497292391,1590.3127875238788,-6.196150470178964
1993,197.53013600762725,315.00618740051794,512.5363234081452,1.0196809351308422,1585.4220721033953,-4.890715420483502
1994,201.6702175992425,322.1935623385285,523.863779937771,1.0168693729692933,1584.4122445459573,-1.0098275574380295
1995,198.42425222373905,309.8613907722203,508.2856429959594,1.0140578108077443,1577.9136964433048,-6.498548102652421
1996,207.98618316435926,309.1011425162106,517.0873256805698,1.0112462486461955,1574.634001090909,-3.2796953523959473
1997,214.82762962942098,332.86,547.687629629421,1.0084346864846467,1581.4559158677014,6.821914776792482
1998,212.48904469996359,317.28000000000003,529.7690446999636,1.0056231243230978,1581.13679369324,-0.31912217446142677
1999,217.9089641525754,311.53999999999996,529.4489641525754,1.002811562161549,1580.313959539565,-0.8228341536748758
2000,223.84146230918932,309.38,533.2214623091893,1.0,1580.4004744060592,0.0865148664940989
2001,212.14445447990562,313.65,525.7944544799057,0.995914002735031,1577.3752426502174,-3.025231755841787
2002,212.8758216861255,324.65000000000003,537.5258216861255,0.991828005470062,1577.9431452591693,0.5679026089519539
2003,211.72546899530604,326.12,537.8454689953061,0.987742008205093,1577.9069791734582,-0.036166085711101914
2004,213.08436107609737,330.53000000000003,543.6143610760973,0.9836560109401239,1579.1374029942272,1.2304238207689195
2005,212.75712594098638,334.55,547.3071259409865,0.9795700136751548,1580.795645162367,1.65824216813985
2006,214.2753006005639,340.45,554.7253006005639,0.9754840164101859,1584.0613757402682,3.265730577901195
2007,219.2960049118257,336.24,555.5360049118257,0.9713980191452168,1586.5520994166795,2.490723676411335
2008,223.58951985494042,335.67,559.2595198549404,0.977052169906687,1590.9198166308872,4.367717214207687
2009,225.71980135560707,339.88,565.599801355607,0.9827063206681571,1597.8126605641803,6.892843933293079
2010,221.51078875464103,341.18,562.6907887546411,0.9883604714296271,1603.8721189194262,6.059458355245852
2011,231.70388323857958,342.69,574.3938832385795,0.9889882341230849,1613.231122453703,9.35900353427678
2012,214.9830507354091,348.16,563.1430507354091,0.9896159968165429,1617.9010286737116,4.66990622000867
2013,217.41204857078336,348.96,566.3720485707834,0.9902437595100009,1623.2169148233465,5.3158861496349346
2014,224.21455529617825,357.09000000000003,581.3045552961783,0.9908715222034588,1632.990249947247,9.773335123900551
2015,216.73377395544077,365.45,582.1837739554408,0.9908600068687826,1641.9508239196914,8.960573972444308
2016,211.4816056757864,358.0,569.4816056757863,0.9908484915341064,1645.6832896495725,3.7324657298811417
2017,219.41648958015332,360.73,580.1464895801533,0.9908369761994302,1652.531918144923,6.848628495350567
2018,220.87595683236208,362.77000000000004,583.6459568323621,0.9924774178789595,1660.0404287150177,7.508510570094586
2019,217.1260225955851,371.87,588.9960225955851,0.9941178595584886,1668.7502605620055,8.709831846987754
2020,215.0,367.56,582.56,0.9957583012380179,1674.615941122089,5.865680560083547
