,natemis,Antr+BB,Totemis,ch4lifetime_fact,Conc,Trend
1950,215.0,145.72559245704448,360.7255924570445,0.9900099900099899,1149.0454326361646,
1951,215.0,161.1689540027448,376.16895400274484,0.9900099900099899,1144.1419375205667,-4.903495115597934
1952,215.0,166.6584490009245,381.6584490009245,0.9900099900099899,1141.6136886540237,-2.528248866542981
1953,215.0,171.95470236258384,386.9547023625838,0.9900099900099899,1141.1283881991324,-0.48530045489133045
1954,215.0,176.831012412122,391.831012412122,0.9900099900099899,1142.3160274357112,1.1876392365788888
1955,215.0,181.387095949852,396.387095949852,0.9900099900099899,1144.8814626777623,2.5654352420510804
1956,215.0,187.50680733097954,402.50680733097954,0.9900099900099899,1149.1880084228967,4.306545745134372
1957,215.0,193.07946030314662,408.0794603031466,0.9900099900099899,1154.8575527134337,5.669544290537033
1958,215.0,195.59294054388116,410.5929405438811,0.9900099900099899,1160.721057211595,5.863504498161319
1959,215.0,200.08069559638636,415.08069559638636,0.9900099900099899,1167.4117637199993,6.690706508404219
1960,215.0,204.8419977523652,419.84199775236516,0.9900099900099899,1174.9270519955214,7.515288275522153
1961,215.0,212.9151721685548,427.9151721685548,0.9832246039142591,1183.4657720440546,8.53872004853315
1962,215.0,215.1761447816861,430.1761447816861,0.9828209764918625,1191.7362704477027,8.270498403648162
1963,215.0,224.35374091013003,439.35374091013,0.9808988764044944,1201.8774917953524,10.141221347649662
1964,215.0,224.902024917875,439.902024917875,0.9943820224719102,1212.6846228234303,10.807131028077947
1965,215.0,231.2054970495285,446.2054970495285,0.9990958408679929,1224.9361868304165,12.2515640069862
1966,215.0,235.0392045912452,450.0392045912452,0.9891500904159132,1235.8713010086258,10.935114178209233
1967,215.0,241.25473865712786,456.25473865712786,0.9945750452079567,1248.3058769926836,12.434575984057801
1968,215.0,244.44543722988774,459.4454372298877,0.9936708860759491,1260.2882258608865,11.982348868202962
1969,215.0,248.48463021268853,463.48463021268856,0.9850885368126747,1271.1726309429355,10.884405082048943
1970,215.0,253.9100454011647,468.91004540116467,1.0018083182640147,1284.7483829929836,13.575752050048095
1971,215.0,257.57479257777885,472.57479257777885,0.9891500904159132,1296.4035001314737,11.65511713849014
1972,215.0,264.87815496199676,479.87815496199676,0.9990958408679929,1310.4531624006204,14.049662269146665
1973,215.0,267.174414913303,482.174414913303,0.9850885368126747,1321.8507952158138,11.397632815193447
1974,215.0,268.77272781252634,483.77272781252634,0.9898876404494381,1333.1278379095265,11.277042693712701
1975,215.0,271.02888398583644,486.02888398583644,0.9963833634719712,1344.7460192922103,11.618181382683815
1976,215.0,275.0518357547742,490.0518357547742,1.0081374321880652,1357.9479583673826,13.201939075172277
1977,215.0,277.72254164205543,492.72254164205543,1.0055917986952472,1370.2319717237065,12.28401335632384
1978,215.0,279.07729251334416,494.07729251334416,1.015370705244123,1382.8922846621113,12.660312938404786
1979,215.0,283.36524243347924,498.36524243347924,1.011754068716094,1395.0967592210025,12.204474558891206
1980,215.0,282.2371159769046,497.2371159769046,1.014911463187325,1405.9963451207252,10.899585899722751
1981,215.0,277.5286029825358,492.5286029825358,1.011183597390494,1413.6224607246327,7.626115603907465
1982,215.0,285.26941946839,500.26941946839,1.0195712954333644,1424.1085596329913,10.4860989083586
1983,215.0,279.04267506764637,494.04267506764637,1.0074557315936628,1429.714968229694,5.6064085967027495
1984,215.0,284.0863192602393,499.0863192602393,1.0027958993476236,1435.7232689979692,6.008300768275149
1985,215.0,287.0049229958179,502.0049229958179,0.9900542495479203,1440.2165421965287,4.493273198559564
1986,215.0,290.9973934447917,505.9973934447917,1.0027958993476236,1447.3465575013552,7.130015304826429
1987,215.0,295.28841803933904,510.28841803933904,1.0027124773960217,1455.0930980158041,7.746540514448952
1988,215.0,299.1743864512828,514.1743864512828,0.9953401677539611,1462.2060149069332,7.112916891129089
1989,215.0,304.2999708971575,519.2999708971574,1.0041493775933612,1471.4904519565803,9.284437049647067
1990,195.859372138931,307.58244894288526,503.4418210818163,1.007233273056058,1474.9139992360833,3.4235472795030546
1991,196.4677865234781,320.3405374138564,516.8083239373345,1.0144665461121156,1483.4248621774564,8.510862941373034
1992,186.22954503459533,304.1997961122732,490.4293411468685,1.011183597390494,1481.763181958226,-1.6616802192304476
1993,187.33483185418655,305.23302163145047,492.567853485637,1.0027958993476236,1479.7925574761791,-1.9706244820467873
1994,194.24032411385,317.2848254228341,511.5251495366841,1.0009319664492078,1484.0666260503583,4.274068574179182
1995,196.26542045954338,311.7473692430924,508.0127897026358,0.988245931283906,1484.8262933757667,0.7596673254083726
1996,208.3748607752008,313.88494695523417,522.259807730435,0.9953401677539611,1491.2809000744655,6.4546066986988535
1997,210.57397740266572,337.0204142930985,547.5943916957642,0.9981916817359855,1505.8417198298698,14.560819755404282
1998,209.1911838875435,317.9406473511351,527.1318312386786,0.9960567823343849,1511.6583938032647,5.816673973394927
1999,217.52201870655188,313.09385370096595,530.6158724075178,0.985307621671258,1516.349665174671,4.691271371406174
2000,223.5473177914537,314.79158226734603,538.3389000587997,1.0,1525.2973143102772,8.947649135606298
2001,208.76739978844725,315.2928524514628,524.06025223991,0.9924026590693258,1527.3547407399224,2.0574264296451474
2002,212.5426383460839,322.1007386331392,534.6433769792231,0.9933523266856601,1532.8373956314028,5.482654891480479
2003,209.4704631541179,328.4756943824689,537.9461575365867,0.9895536562203229,1538.2162692567813,5.378873625378446
2004,218.0441344921813,335.7220642725255,553.7661987647068,0.9925442684063377,1548.6986055397583,10.48233628297703
2005,209.43411713475498,341.88187367125875,551.3159908060137,0.9870129870129869,1556.3260511015274,7.627445561769036
2006,219.66477835127023,352.4529993712408,572.117777722511,0.986013986013986,1569.8344119836686,13.508360882141233
2007,218.52915094169083,349.7789386288197,568.3080895705104,0.986013986013986,1580.5485901542193,10.714178170550667
2008,220.73970219562665,353.30974763980123,574.0494498354278,0.9687203791469194,1589.137285367545,8.588695213325764
2009,225.16131562752406,355.2102928669951,580.3716084945191,0.9696969696969695,1598.9967781650541,9.85949279750912
2010,222.0698885088719,360.8548031390112,582.9246916478832,0.9658767772511849,1607.928726568933,8.931948403878778
2011,236.78903992011058,365.99466311704407,602.7837030371546,0.9658767772511849,1622.4129303844481,14.48420381551523
2012,215.0776771228679,372.97725290758524,588.0549300304531,0.9658767772511849,1630.3468030252418,7.933872640793652
2013,213.66667097656892,372.6442144644898,586.3108854410586,0.9658767772511849,1636.7884414586292,6.441638433387425
2014,220.38733015363204,380.3961968225409,600.7835269761729,0.9658767772511849,1647.2841946357787,10.495753177149481
2015,214.02416939645465,387.4758223403408,601.4999917367954,0.9658767772511849,1656.8079433635417,9.52374872776295
2016,204.99377754132416,379.4876497908962,584.4814273322204,0.9658767772511849,1659.5941021441395,2.786158780597816
2017,218.8150981385997,385.0082127080213,603.823310846621,0.9658767772511849,1668.4693272987045,8.875225154564987
2018,219.12510429468114,387.8058049137809,606.930909208462,0.9658767772511849,1677.3517341216636,8.882406822959183
2019,214.5585473649176,394.70580491378087,609.2643522786984,0.9658767772511849,1685.9839311252028,8.632197003539204
2020,215.0,388.1958049137809,603.1958049137809,0.9658767772511849,1691.6102347080266,5.626303582823766
