,natemis,Antr+BB,Totemis,ch4lifetime_fact,Conc,Trend
1950,215.0,145.69132180652684,360.69132180652684,0.9900099900099899,1149.0340603126276,
1951,215.0,161.13354968984004,376.13354968984004,0.9900099900099899,1144.120100651868,-4.913959660759701
1952,215.0,166.62191102563256,381.6219110256326,0.9900099900099899,1141.5821925274897,-2.537908124378191
1953,215.0,171.91703072490478,386.91703072490475,0.9900099900099899,1141.0879471826038,-0.49424534488593963
1954,215.0,176.79220711205573,391.79220711205573,0.9900099900099899,1142.2672752426427,1.1793280600388698
1955,215.0,181.34715698739865,396.34715698739865,0.9900099900099899,1144.8249614733556,2.5576862307129886
1956,215.0,187.46573470613905,402.4657347061391,0.9900099900099899,1149.1242569021254,4.29929542876971
1957,215.0,193.03725401591896,408.03725401591896,0.9900099900099899,1154.7869932670328,5.66273636490746
1958,215.0,195.54960059426637,410.5496005942664,0.9900099900099899,1160.6440822829873,5.857089015954443
1959,215.0,200.03622198438438,415.0362219843844,0.9900099900099899,1167.3287214445043,6.684639161516998
1960,215.0,204.79639047797613,419.79639047797616,0.9900099900099899,1174.8382512028809,7.50952975837663
1961,215.0,212.86841715028493,427.8684171502849,0.9832246039142591,1183.3715447221718,8.533293519290964
1962,215.0,215.12824201953555,430.12824201953555,0.9828209764918625,1191.636856005787,8.26531128361512
1963,215.0,224.30469040409875,439.3046904040988,0.9808988764044944,1201.7731186490357,10.136262643248756
1964,215.0,224.85182666796288,439.8518266679629,0.9943820224719102,1212.5753294002927,10.802210751257007
1965,215.0,231.1541510557357,446.1541510557357,0.9990958408679929,1224.822093592214,12.24676419192133
1966,215.0,234.98671085357168,449.9867108535717,0.9891500904159132,1235.7526798490926,10.930586256878541
1967,215.0,241.20109717557358,456.2010971755736,0.9945750452079567,1248.1827931797077,12.430113330615086
1968,215.0,244.3906480044528,459.3906480044528,0.9936708860759491,1260.160811633346,11.978018453638242
1969,215.0,248.42869324337278,463.4286932433728,0.9850885368126747,1271.0411043206161,10.880292687270185
1970,215.0,253.8529606879682,468.8529606879682,1.0018083182640147,1284.6126070555758,13.571502734959722
1971,215.0,257.52620629587904,472.52620629587904,0.9891500904159132,1296.266942663719,11.654335608143128
1972,215.0,264.8182405958808,479.8182405958808,0.9990958408679929,1310.3120155111358,14.045072847416805
1973,215.0,267.14971892758393,482.14971892758393,0.9850885368126747,1321.7174570878428,11.405441576707062
1974,215.0,268.7846400384715,483.7846400384715,0.9898876404494381,1333.0135085267352,11.296051438892391
1975,215.0,271.109550132768,486.109550132768,0.9963833634719712,1344.6713067445248,11.657798217789605
1976,215.0,275.151199176438,490.151199176438,1.0081374321880652,1357.914558794456,13.243252049931243
1977,215.0,277.8837806829508,492.8837806829508,1.0055917986952472,1370.255842824325,12.34128402986903
1978,215.0,279.1532573379765,494.1532573379765,1.015370705244123,1382.938756912661,12.682914088335792
1979,215.0,283.509905097283,498.509905097283,1.011754068716094,1395.1861358186864,12.24737890602546
1980,215.0,282.39789700257745,497.39789700257745,1.014911463187325,1406.1292566609204,10.943120842234066
1981,215.0,277.70632086781643,492.70632086781643,1.011183597390494,1413.7996635505567,7.670406889636297
1982,215.0,285.44898160510485,500.44898160510485,1.0195712954333644,1424.325910790737,10.526247240180282
1983,215.0,279.2322937007664,494.2322937007664,1.0074557315936628,1429.9711103690597,5.645199578322718
1984,215.0,284.2736509570633,499.2736509570633,1.0027958993476236,1436.013001682067,6.041891313007227
1985,215.0,287.21176940850773,502.21176940850773,0.9900542495479203,1440.5422041289335,4.52920244686652
1986,215.0,291.2706380860499,506.2706380860499,1.0027958993476236,1447.7265717425482,7.184367613614768
1987,215.0,295.5911049346384,510.5911049346384,1.0027124773960217,1455.5311659037511,7.8045941612028855
1988,215.0,299.50593861356083,514.5059386135608,0.9953401677539611,1462.704894748101,7.173728844349853
1989,215.0,304.6665974459152,519.6665974459152,1.0041493775933612,1472.0554120442252,9.35051729612428
1990,215.0,307.914041620146,522.914041620146,1.007233273056058,1481.8834099816595,9.827997937434247
1991,215.0,320.68279532797294,535.6827953279729,1.0144665461121156,1495.8941758696296,14.010765887970138
1992,215.0,304.53940686846767,519.5394068684677,1.011183597390494,1502.519347188181,6.625171318551338
1993,215.0,305.54609779725865,520.5460977972587,1.0027958993476236,1507.5203708302945,5.001023642113523
1994,215.0,317.597620646701,532.597620646701,1.0009319664492078,1515.6887325097598,8.168361679465306
1995,215.0,312.19366926980626,527.1936692698063,0.988245931283906,1519.2372657247686,3.5485332150087743
1996,215.0,314.27731063372306,529.2773106337231,0.9953401677539611,1524.1532908521226,4.9160251273540325
1997,215.0,337.39423398689746,552.3942339868975,0.9981916817359855,1536.6213197075965,12.468028855473904
1998,215.0,318.3664476301497,533.3664476301497,0.9960567823343849,1541.049859701092,4.428539993495406
1999,215.0,313.54878980346416,528.5487898034642,0.985307621671258,1541.723883368628,0.6740236675361757
2000,214.54182802451348,315.2590354804872,529.8008635050007,1.0,1544.995666078528,3.2717827098999805
2001,214.1563307106119,315.6535417996881,529.8098725103,0.9924026590693258,1546.741702696017,1.746036617488926
2002,210.9910221949882,322.5524780298677,533.543500224856,0.9933523266856601,1549.6765531196454,2.9348504236284043
2003,216.58474794423114,328.93805732438307,545.5228052686142,0.9895536562203229,1555.6676719866102,5.991118866964825
2004,214.9715301815769,336.0629318005267,551.0344619821036,0.9925442684063377,1563.2772343892157,7.609562402605434
2005,211.68655777411277,342.20939793202444,553.8959557061372,0.9870129870129869,1570.1105733482275,6.833338959011826
2006,215.33501141148187,352.88884852886645,568.2238599403483,0.986013986013986,1580.7655227859711,10.654949437743653
2007,221.73297175848361,350.1027628899805,571.8357346484642,0.986013986013986,1591.4117740720121,10.646251286040979
2008,222.4890299842028,353.6885615404862,576.177591524689,0.9687203791469194,1599.457123457288,8.045349385275813
2009,221.62496344052374,355.1745289722293,576.7994924127531,0.9696969696969695,1606.9472318720445,7.490108414756605
2010,229.6133484279244,360.86969570672267,590.4830441346471,0.9658767772511849,1617.4679563036907,10.520724431646158
2011,225.50885967028023,366.86200176465536,592.3708614349356,0.9658767772511849,1627.401998436793,9.934042133102366
2012,223.21279795339362,372.93936189598577,596.1521598493794,0.9658767772511849,1637.4444843052395,10.04248586844642
2013,225.03624773381947,372.12612208235606,597.1623698161756,0.9658767772511849,1646.6645472532641,9.220062948024633
2014,224.39070161600486,379.6360199266544,604.0267215426593,0.9658767772511849,1657.0970865226177,10.432539269353583
2015,218.5213862976749,386.38580047504416,604.9071867727191,0.9658767772511849,1666.6192572557973,9.522170733179564
2016,232.2276504805425,378.3196319917136,610.5472824722561,0.9658767772511849,1676.9133592899188,10.294102034121579
2017,232.8928815675776,383.4074474991411,616.3003290667186,0.9658767772511849,1687.9278744774274,11.01451518750855
2018,231.29149205397255,388.5484716668797,619.8399637208522,0.9658767772511849,1698.846237940246,10.918363462818661
2019,231.55775716395522,399.41284493865857,630.9706021026138,0.9658767772511849,1712.195275012696,13.349037072449846
2020,236.7967217793075,396.9719628374015,633.768684616709,0.9658767772511849,1724.9333893204364,12.738114307740489
