,natemis,Antr+BB,Totemis,ch4lifetime_fact,Conc,Trend
1950,215.0,145.69132180652684,360.69132180652684,1.0247219712311393,1152.9186839871857,
1951,215.0,161.13354968984004,376.13354968984004,1.0244368393312933,1151.405409565321,-1.5132744218647076
1952,215.0,166.62191102563256,381.6219110256326,1.0241517074314475,1151.8518649009052,0.44645533558423267
1953,215.0,171.91703072490478,386.91703072490475,1.0238665755316017,1153.9786243284002,2.126759427495017
1954,215.0,176.79220711205573,391.79220711205573,1.0235814436317556,1157.4614519822023,3.4828276538021328
1955,215.0,181.34715698739865,396.34715698739865,1.0232963117319098,1162.044757083117,4.583305100914686
1956,215.0,187.46573470613905,402.4657347061391,1.023011179832064,1168.1271129713477,6.0823558882307225
1957,215.0,193.03725401591896,408.03725401591896,1.0227260479322182,1175.3616159793785,7.234503008030742
1958,215.0,195.54960059426637,410.5496005942664,1.0224409160323724,1182.604412645112,7.242796665733522
1959,215.0,200.03622198438438,415.0362219843844,1.0221557841325264,1190.5103890305136,7.905976385401573
1960,215.0,204.79639047797613,419.79639047797616,1.0218706522326806,1199.0970977870495,8.586708756535927
1961,215.0,212.86841715028493,427.8684171502849,1.0215855203328348,1209.389943240889,10.29284545383939
1962,215.0,215.12824201953555,430.12824201953555,1.021300388432989,1219.2688944016068,9.878951160717861
1963,215.0,224.30469040409875,439.3046904040988,1.021015256533143,1231.077746044811,11.808851643204207
1964,215.0,224.85182666796288,439.8518266679629,1.0207301246332972,1241.7354459574092,10.657699912598218
1965,215.0,231.1541510557357,446.1541510557357,1.0204449927334514,1253.2808644646643,11.545418507255135
1966,215.0,234.98671085357168,449.9867108535717,1.0201598608336055,1264.7947972425343,11.513932777869968
1967,215.0,241.20109717557358,456.2010971755736,1.0198747289337597,1277.0716492916636,12.276852049129275
1968,215.0,244.3906480044528,459.3906480044528,1.0195895970339137,1289.0214325185675,11.949783226903946
1969,215.0,248.42869324337278,463.4286932433728,1.019304465134068,1300.9615038298157,11.940071311248175
1970,215.0,253.8529606879682,468.8529606879682,1.0190193332342221,1313.3529476185706,12.391443788754941
1971,215.0,257.52620629587904,472.52620629587904,1.0199605556308,1325.7165489516904,12.363601333119732
1972,215.0,264.8182405958808,479.8182405958808,1.0209017780273781,1339.2600870082379,13.543538056547504
1973,215.0,267.14971892758393,482.14971892758393,1.021843000423956,1352.2071154796856,12.947028471447766
1974,215.0,268.7846400384715,483.7846400384715,1.0227842228205342,1364.3937943784244,12.186678898738819
1975,215.0,271.109550132768,486.109550132768,1.0237254452171123,1376.1349823143255,11.741187935901053
1976,215.0,275.151199176438,490.151199176438,1.0246666676136902,1388.0521317131665,11.917149398841048
1977,215.0,277.8837806829508,492.8837806829508,1.0256078900102683,1399.6926321098688,11.640500396702237
1978,215.0,279.1532573379765,494.1532573379765,1.0265491124068462,1410.6022375091377,10.909605399268912
1979,215.0,283.509905097283,498.509905097283,1.0274903348034243,1421.8890986081713,11.286861099033558
1980,215.0,282.39789700257745,497.39789700257745,1.0284315572000022,1431.695449293654,9.806350685482812
1981,215.0,277.70632086781643,492.70632086781643,1.0283999636415508,1438.8648286105356,7.169379316881532
1982,215.0,285.44898160510485,500.44898160510485,1.0283683700830994,1447.8198152110094,8.95498660047383
1983,215.0,279.2322937007664,494.2322937007664,1.0283367765246483,1453.7238212519642,5.904006040954755
1984,215.0,284.2736509570633,499.2736509570633,1.0283051829661969,1460.6536784939794,6.9298572420152595
1985,215.0,287.21176940850773,502.21176940850773,1.0282735894077457,1467.7978205066293,7.144142012649809
1986,215.0,291.2706380860499,506.2706380860499,1.028241995849294,1475.5053793792736,7.707558872644313
1987,215.0,295.5911049346384,510.5911049346384,1.0282104022908427,1483.8016320533027,8.29625267402912
1988,215.0,299.50593861356083,514.5059386135608,1.0281788087323915,1492.487246867583,8.68561481428037
1989,215.0,304.6665974459152,519.6665974459152,1.0281472151739401,1501.933768558684,9.446521691100997
1990,195.859372138931,307.914041620146,503.773413759077,1.0281156216154888,1505.0580272152274,3.124258656543361
1991,196.4677865234781,320.68279532797294,517.1505818514511,1.0253040594539398,1511.8921691913602,6.8341419761327415
1992,186.22954503459533,304.53940686846767,490.768951903063,1.022492497292391,1508.8083869068575,-3.083782284502604
1993,187.33483185418655,305.54609779725865,492.8809296514452,1.019680935130842,1506.3658590802945,-2.442527826563037
1994,194.24032411385,317.597620646701,511.83794476055095,1.0168693729692933,1510.090474348431,3.7246152681364038
1995,196.26542045954338,312.19366926980626,508.45908972934967,1.0140578108077443,1511.8760015167495,1.7855271683185947
1996,208.3748607752008,314.27731063372306,522.6521714089239,1.0112462486461955,1517.7712174591952,5.895215942445702
1997,210.57397740266572,337.39423398689746,547.9682113895632,1.0084346864846467,1531.0092518157276,13.238034356532353
1998,209.1911838875435,318.3664476301497,527.5576315176932,1.0056231243230978,1535.5781327352504,4.568880919522826
1999,217.52201870655188,313.54878980346416,531.070808510016,1.0028115621615488,1540.383239421132,4.805106685881583
2000,223.5473177914537,315.2590354804872,538.8063532719409,1.0,1546.7950429012765,6.411803480144499
2001,208.76739978844725,315.6535417996881,524.4209415881354,0.9972303853728057,1547.290807541523,0.4957646402465343
2002,212.5426383460839,322.5524780298677,535.0951163759516,0.9944607707456116,1550.849482486676,3.558674945152916
2003,209.4704631541179,328.93805732438307,538.408520478501,0.9916911561184175,1554.6794182326366,3.829935745960711
2004,218.0441344921813,336.0629318005267,554.107066292708,0.9889215414912234,1562.8551516980026,8.175733465365965
2005,209.43411713475498,342.20939793202444,551.6435150667794,0.9861519268640292,1568.8529606013963,5.997808903393661
2006,219.66477835127023,352.88884852886645,572.5536268801367,0.9833823122368349,1580.6673019653658,11.814341363969561
2007,218.52915094169083,350.1027628899805,568.6319138316713,0.9806126976096409,1589.3926191826554,8.725317217289557
2008,220.73970219562665,353.6885615404862,574.4282637361129,0.9862691313599595,1599.9627725617258,10.570153379070462
2009,225.16131562752406,355.1745289722293,580.3358445997534,0.9919255651102782,1612.2073345996391,12.244562037913283
2010,222.0698885088719,360.86969570672267,582.9395842155946,0.9975819988605968,1624.8442495481845,12.636914948545382
2011,236.78903992011058,366.86200176465536,603.6510416847659,0.9982952851331266,1643.0538808664053,18.209631318220772
2012,215.0776771228679,372.93936189598577,588.0170390188537,0.9990085714056565,1654.1473300301145,11.093449163709238
2013,213.66667097656892,372.12612208235606,585.792793058925,0.9997218576781862,1663.3755565757474,9.228226545632879
2014,220.38733015363204,379.6360199266544,600.0233500802865,1.000435143950716,1676.411861237977,13.036304662229668
2015,214.02416939645465,386.38580047504416,600.4099698714988,0.99758407518491,1687.6453492668563,11.233488028879265
2016,204.99377754132416,378.3196319917136,583.3134095330378,0.9947330064191041,1691.4662387680223,3.8208895011659934
2017,218.8150981385997,383.4074474991411,602.2225456377407,0.9918819376532981,1700.6524557047742,9.186216936751862
2018,219.12510429468114,388.5484716668797,607.6735759615608,0.9952698352126487,1711.1870302586299,10.534574553855691
2019,214.5585473649176,399.41284493865857,613.9713923035762,0.9986577327719993,1723.2026811356056,12.01565087697577
2020,215.0,396.9719628374015,611.9719628374015,1.0208161755200762,1736.9014262636663,13.698745128060636
