,natemis,Antr+BB,Totemis,ch4lifetime_fact,Conc,Trend
1950,215.0,163.17450659965715,378.17450659965715,1.1198738170347002,1168.2253112438502,
1951,215.0,179.19507276100282,394.19507276100285,1.1198738170347002,1180.6454416422432,12.420130398392985
1952,215.0,185.26177237482784,400.26177237482784,1.1198738170347002,1193.8238064296772,13.17836478743402
1953,215.0,191.13523035213254,406.13523035213257,1.1198738170347002,1207.618545815428,13.794739385750745
1954,215.0,196.588745017316,411.588745017316,1.1198738170347002,1221.826591603354,14.20804578792604
1955,215.0,201.72203317069142,416.7220331706914,1.1198738170347002,1236.2988797274659,14.472288124111856
1956,215.0,208.41894916746426,423.41894916746423,1.1198738170347002,1251.5304408492634,15.23156112179754
1957,215.0,214.5688067552767,429.5688067552767,1.1198738170347002,1267.261194358155,15.730753508891667
1958,215.0,217.6594916116566,432.65949161165656,1.1198738170347002,1282.418970613795,15.157776255639874
1959,215.0,222.72445127980714,437.7244512798071,1.1198738170347002,1297.7212941452603,15.30232353146539
1960,215.0,228.0629580514313,443.06295805143134,1.1198738170347002,1313.2447376370249,15.52344349176451
1961,215.0,236.72050668084023,451.72050668084023,1.113564668769716,1329.4144039991513,16.169666362126463
1962,215.0,239.56585350719098,454.565853507191,1.1159305993690851,1345.1279535673086,15.713549568157305
1963,215.0,249.3278238488543,464.32782384885434,1.1175078864353312,1362.6613238547807,17.533370287472053
1964,215.0,250.4604820698185,465.4604820698185,1.1190851735015772,1378.9518046281503,16.29048077336961
1965,215.0,257.3483284146914,472.3483284146914,1.1175078864353312,1395.7059502232642,16.75414559511387
1966,215.0,261.76641016962753,476.76641016962753,1.1064668769716088,1410.985081021252,15.279130797987818
1967,215.0,268.56631844872953,483.56631844872953,1.1056782334384858,1426.868545836936,15.883464815683965
1968,215.0,272.34139123470885,487.34139123470885,1.1054131054131053,1442.3434413973732,15.47489556043729
1969,215.0,276.9649584307289,491.9649584307289,1.0962145110410093,1456.679150197682,14.335708800308794
1970,215.0,282.9747478324244,497.9747478324244,1.1017350157728707,1472.191436166519,15.512285968836977
1971,215.0,292.39338546227265,507.39338546227265,1.107312440645774,1489.91015642262,17.71872025610105
1972,215.0,305.77288904383573,520.7728890438357,1.0949667616334284,1508.761462149623,18.85130572700291
1973,215.0,317.30180353705,532.30180353705,1.0864197530864197,1528.4219495926911,19.660487443068178
1974,215.0,319.6737152945646,534.6737152945645,1.092117758784425,1547.5455855049825,19.12363591229132
1975,215.0,313.4687162301143,528.4687162301143,1.0892687559354226,1562.2414008678056,14.695815362823168
1976,215.0,328.0681369115893,543.0681369115894,1.090218423551757,1580.395055257279,18.15365438947333
1977,215.0,327.50971043294277,542.5097104329427,1.0816714150047484,1595.334072399542,14.939017142263083
1978,215.0,337.29152495073333,552.2915249507333,1.0721747388414056,1610.67084518943,15.336772789888073
1979,215.0,339.2625001945196,554.2625001945196,1.0796529968454258,1626.0734459259806,15.40260073655054
1980,215.0,331.9744129863428,546.9744129863428,1.0978157644824313,1639.8955567136638,13.822110787683187
1981,215.0,315.6808105870111,530.6808105870111,1.0788224121557457,1644.2517127040708,4.356155990406933
1982,215.0,321.2350753555989,536.2350753555988,1.0858490566037737,1650.975023014243,6.723310310172337
1983,215.0,310.5807537196765,525.5807537196765,1.0683760683760681,1650.9909742321677,0.015951217924566663
1984,215.0,309.44370211114114,524.4437021111412,1.0826210826210825,1652.6311801063903,1.6402058742226018
1985,215.0,308.5329440305821,523.532944030582,1.0759734093067426,1652.865779216511,0.23459911012082557
1986,215.0,311.14209539675954,526.1420953967595,1.0664767331433995,1652.596750015727,-0.269029200784189
1987,215.0,313.06531577001317,528.0653157700132,1.0597156398104266,1652.0228821946764,-0.5738678210504986
1988,215.0,317.1635669480235,532.1635669480236,1.056980056980057,1652.4773670195643,0.4544848248879134
1989,215.0,319.83132361261084,534.8313236126108,1.0503323836657168,1652.7967486716282,0.3193816520638393
1990,195.859372138931,323.79183660072556,519.6512087396566,1.0556603773584907,1648.8104911238684,-3.9862575477598057
1991,196.4677865234781,335.4818104403371,531.9495969638152,1.0797752808988763,1652.784878382808,3.9743872589397142
1992,186.22954503459533,316.3955526293896,502.62509766398495,1.074688796680498,1645.8559847244705,-6.928893658337529
1993,187.33483185418655,315.00618740051794,502.3410192547045,1.0382022471910113,1634.2777548314052,-11.578229893065327
1994,194.24032411385,322.1935623385285,516.4338864523785,1.053932584269663,1630.9537567743503,-3.3239980570549506
1995,196.26542045954338,309.8613907722203,506.12681123176367,1.0258426966292136,1620.3963584092608,-10.557398365089512
1996,208.3748607752008,309.1011425162106,517.4760032914114,1.0126182965299684,1612.7455630716001,-7.650795337660611
1997,210.57397740266572,332.86,543.4339774026657,1.0674157303370786,1622.6275896023662,9.882026530766097
1998,209.1911838875435,317.28000000000003,526.4711838875435,1.0443396226415094,1622.501349544659,-0.126240057707264
1999,217.52201870655188,311.53999999999996,529.0620187065518,1.0058091286307054,1617.402057974452,-5.099291570207015
2000,223.5473177914537,309.38,532.9273177914537,1.0,1613.2381515288878,-4.16390644556418
2001,208.76739978844725,313.65,522.4173997884473,1.0141509433962264,1608.2584891691763,-4.979662359711483
2002,212.5426383460839,324.65000000000003,537.1926383460839,1.02909796314258,1611.0048982975652,2.7464091283889047
2003,209.4704631541179,326.12,535.590463154118,1.0404494382022471,1614.6001752666864,3.595276969121187
2004,218.0441344921813,330.53000000000003,548.5741344921813,1.0337078651685394,1621.127005234532,6.526829967845515
2005,209.43411713475498,334.55,543.984117134755,1.0112359550561796,1621.986646872386,0.8596416378541107
2006,219.66477835127023,340.45,560.1147783512702,1.0146067415730338,1628.634293718674,6.647646846287898
2007,218.52915094169083,336.24,554.7691509416909,1.0258426966292136,1634.5017033536076,5.867409634933665
2008,220.73970219562665,335.67,556.4097021956267,1.0,1636.2195216565403,1.7178183029327556
2009,225.16131562752406,339.88,565.041315627524,1.0078651685393258,1641.867159891113,5.647638234572696
2010,222.0698885088719,341.18,563.2498885088719,1.0024896265560168,1645.432214014604,3.5650541234908815
2011,236.78903992011058,342.69,579.4790399201106,1.0024896265560168,1653.9878237514183,8.555609736814404
2012,215.0776771228679,348.16,563.2376771228679,1.0024896265560168,1656.1944544654848,2.2066307140664776
2013,213.66667097656892,348.96,562.6266709765689,1.0024896265560168,1657.9516296449826,1.7571751794978354
2014,220.38733015363204,357.09000000000003,577.477330153632,1.0024896265560168,1664.44364305591,6.492013410927257
2015,214.02416939645465,365.45,579.4741693964546,1.0024896265560168,1670.873289632983,6.429646577073072
2016,204.99377754132416,358.0,562.9937775413241,1.0024896265560168,1671.1121433045894,0.2388536716064209
2017,218.8150981385997,360.73,579.5450981385998,1.0024896265560168,1676.820200577973,5.708057273383702
2018,219.12510429468114,362.77000000000004,581.8951042946812,1.0024896265560168,1682.6707602940417,5.850559716068574
2019,214.5585473649176,371.87,586.4285473649176,1.0024896265560168,1689.3729129816365,6.702152687594889
2020,215.0,367.56,582.56,1.0024896265560168,1694.0416065068841,4.6686935252475905
