,natemis,Antr+BB,Totemis,ch4lifetime_fact,Conc,Trend
1950,215.0,163.17450659965715,378.17450659965715,1.0082976017871197,1156.9193001069914,
1951,215.0,179.19507276100282,394.19507276100285,1.008017040016338,1159.1599761916104,2.2406760846190537
1952,215.0,185.26177237482784,400.26177237482784,1.0077364782455562,1163.1349186369084,3.974942445297984
1953,215.0,191.13523035213254,406.13523035213257,1.0074559164747743,1168.5867585359151,5.4518398990067
1954,215.0,196.588745017316,411.588745017316,1.0071753547039928,1175.2113498537778,6.624591317862723
1955,215.0,201.72203317069142,416.7220331706914,1.0068947929332108,1182.7714198594545,7.560070005676607
1956,215.0,208.41894916746426,423.41894916746423,1.006614231162429,1191.6817006078993,8.910280748444848
1957,215.0,214.5688067552767,429.5688067552767,1.0063336693916476,1201.609640545388,9.927939937488645
1958,215.0,217.6594916116566,432.65949161165656,1.0060531076208656,1211.425340100996,9.815699555608035
1959,215.0,222.72445127980714,437.7244512798071,1.005772545850084,1221.7964215243546,10.371081423358646
1960,215.0,228.0629580514313,443.06295805143134,1.0054919840793022,1232.7512556910308,10.954834166676164
1961,215.0,236.72050668084023,451.72050668084023,1.0052114223085205,1245.3264042767873,12.575148585756551
1962,215.0,239.56585350719098,454.565853507191,1.0049308605377387,1257.410323508809,12.083919232021572
1963,215.0,249.3278238488543,464.32782384885434,1.0046502987669568,1271.3540422720075,13.943718763198603
1964,215.0,250.4604820698185,465.4604820698185,1.004369736996175,1284.08368453574,12.729642263732558
1965,215.0,257.3483284146914,472.3483284146914,1.0040891752253935,1297.6451609778942,13.561476442154117
1966,215.0,261.76641016962753,476.76641016962753,1.0038086134546116,1311.1247393071355,13.479578329241349
1967,215.0,268.56631844872953,483.56631844872953,1.0035280516838299,1325.3217346180002,14.196995310864622
1968,215.0,272.34139123470885,487.34139123470885,1.0032474899130481,1339.1508137864134,13.829079168413273
1969,215.0,276.9649584307289,491.9649584307289,1.0029669281422664,1352.9340351242247,13.783221337811256
1970,215.0,282.9747478324244,497.9747478324244,1.0026863663714847,1367.136046839783,14.202011715558228
1971,215.0,292.39338546227265,507.39338546227265,1.0036125027400429,1383.0032256216214,15.867178781838447
1972,215.0,305.77288904383573,520.7728890438357,1.0045386391086013,1401.6676599578805,18.66443433625909
1973,215.0,317.30180353705,532.30180353705,1.0054647754771595,1422.2058555780545,20.538195620174065
1974,215.0,319.6737152945646,534.6737152945645,1.006390911845718,1441.371210864824,19.165355286769454
1975,215.0,313.4687162301143,528.4687162301143,1.0073170482142761,1456.4711732073029,15.099962342478875
1976,215.0,328.0681369115893,543.0681369115894,1.0082431845828346,1474.8708392275878,18.39966602028494
1977,215.0,327.50971043294277,542.5097104329427,1.009169320951393,1491.1713994356774,16.300560208089564
1978,215.0,337.29152495073333,552.2915249507333,1.0100954573199512,1509.0436108110132,17.872211375335837
1979,215.0,339.2625001945196,554.2625001945196,1.0110215936885096,1525.7211723929963,16.677561581983127
1980,213.46581505527286,331.9744129863428,545.4402280416157,1.0119477300570678,1537.7537465360983,12.03257414310201
1981,209.98540094753466,315.6808105870111,525.6662115345457,1.0119166428840465,1541.878464708328,4.124718172229677
1982,207.34999122653096,321.2350753555989,528.5850665821299,1.0118855557110251,1546.5108961073822,4.632431399054212
1983,218.54420775574664,310.5807537196765,529.1249614754231,1.0118544685380038,1550.804405974086,4.293509866703744
1984,216.13469029654325,309.44370211114114,525.5783924076844,1.0118233813649828,1553.4389952221416,2.6345892480555904
1985,218.52747499561326,308.5329440305821,527.0604190261954,1.0117922941919613,1556.2691387757457,2.8301435536041026
1986,212.30288822600457,311.14209539675954,523.4449836227641,1.01176120701894,1557.5797233321553,1.3105845564095944
1987,207.81014213019827,313.06531577001317,520.8754579002115,1.0117301198459188,1557.886708703575,0.3069853714198416
1988,212.7546727496052,317.1635669480235,529.9182396976287,1.0116990326728972,1561.1590628702556,3.272354166680543
1989,213.67497455693982,319.83132361261084,533.5062981695506,1.011667945499876,1565.2558201051454,4.096757234889765
1990,211.0981294964029,323.79183660072556,534.8899660971284,1.0116368583268547,1569.3532184998833,4.097398394737866
1991,210.3200561502018,335.4818104403371,545.8018665905389,1.009824235180017,1576.346883158472,6.993664658588841
1992,198.5903912967187,316.3955526293896,514.9859439261083,1.0015337334334637,1571.059914130343,-5.286969028129079
1993,204.7145815055273,315.00618740051794,519.7207689060452,0.996844693397186,1567.2124367437095,-3.8474773866335
1994,209.4666853834006,322.1935623385285,531.6602477219292,1.0084558263903243,1569.5392880355178,2.326851291808225
1995,208.72207755746624,309.8613907722203,518.5834683296865,1.0030031148607326,1566.4333888351075,-3.1058992004102493
1996,212.42838392700475,309.1011425162106,521.5295264432153,1.0102506923191272,1565.7530380774194,-0.6803507576880747
1997,213.7837374978066,332.86,546.6437374978066,1.0119030530084048,1573.740069217083,7.987031139663486
1998,222.52660466748551,317.28000000000003,539.8066046674855,0.9861864069689835,1574.5832892031947,0.8432199861117624
1999,211.56664678013686,311.53999999999996,523.1066467801368,1.0063414517912073,1572.9272761352718,-1.6560130679229133
2000,213.03076329180558,309.38,522.4107632918056,1.0,1570.251624286618,-2.6756518486538425
2001,218.326681874013,313.65,531.9766818740129,0.99386928520895,1570.1002212258875,-0.15140306073044485
2002,215.21438848920863,324.65000000000003,539.8643884892086,0.9928679555766652,1572.4272671355277,2.327045909640219
2003,219.3222811019477,326.12,545.4422811019477,0.9864340504659566,1575.3282680934149,2.901000957887163
2004,213.74190559747325,330.53000000000003,544.2719055974733,0.979133650893039,1576.3433676083018,1.0150995148869697
2005,210.64634497280224,334.55,545.1963449728023,0.9699646792990931,1576.0564036427236,-0.2869639655782521
2006,215.9673626952097,340.45,556.4173626952097,0.9658283605068321,1578.8389631811551,2.782559538431542
2007,213.7502719775399,336.24,549.9902719775399,0.9597038162268151,1578.1483025314562,-0.6906606496988843
2008,213.86740129847342,335.67,549.5374012984735,0.9643339070369527,1578.1614394093124,0.013136877856140927
2009,219.93302684681524,339.88,559.8130268468152,0.9671398996221703,1582.0443066109053,3.882867201592944
2010,226.5508334795578,341.18,567.7308334795578,0.9580604117459025,1586.5821941894117,4.537887578506343
2011,214.3442849622741,342.69,557.0342849622741,0.9585228838411334,1587.1285257356483,0.5463315462366154
2012,208.27865941393227,348.16,556.4386594139323,0.9675752373720371,1588.9332698675248,1.8047441318765323
2013,214.6454746446745,348.96,563.6054746446745,0.9662389595250078,1592.682779562761,3.7495096952361564
2014,215.03869450780837,357.09000000000003,572.1286945078084,0.96907901809612,1599.2997580897795,6.616978527018546
2015,214.13512546060713,365.45,579.5851254606071,0.9707424683795629,1607.9059994726274,8.606241382847884
2016,220.7529320933497,358.0,578.7529320933497,0.952027984493153,1612.051371896933,4.145372424305606
2017,215.0,360.73,575.73,0.9603792558988442,1616.1566755579593,4.105303661026255
2018,215.0,362.77000000000004,577.77,0.9619692714083327,1620.735575273144,4.5788997151846615
2019,215.0,371.87,586.87,0.963559286917821,1628.0734212085506,7.337845935406676
2020,215.0,367.56,582.56,0.9651493024273095,1633.409164304639,5.335743096088436
