,natemis,Antr+BB,Totemis,ch4lifetime_fact,Conc,Trend
1950,215.0,148.86472757401697,363.86472757401697,0.9900099900099899,1150.08711873305,
1951,215.0,164.4119307263549,379.4119307263549,0.9900099900099899,1146.1421587110603,-3.944960021989573
1952,215.0,170.00526733117223,385.00526733117226,0.9900099900099899,1144.4986819459627,-1.6434767650976028
1953,215.0,175.4053622994692,390.4053622994692,0.9900099900099899,1144.8327186753365,0.3340367293737927
1954,215.0,180.38551395564497,395.38551395564497,0.9900099900099899,1146.7816479879928,1.9489293126562188
1955,215.0,185.0454391000126,400.0454391000126,0.9900099900099899,1150.0568798999377,3.2752319119449567
1956,215.0,191.26899208777778,406.26899208777775,0.9900099900099899,1155.0275426771134,4.970662777175676
1957,215.0,196.94548666658253,411.9454866665825,0.9900099900099899,1161.320681737348,6.29313906023458
1958,215.0,199.56280851395465,414.5628085139547,0.9900099900099899,1167.7718338343748,6.451152097026807
1959,215.0,204.15440517309747,419.1544051730975,0.9900099900099899,1175.0182993200297,7.2464654856548805
1960,215.0,209.0195489357139,424.01954893571394,0.9900099900099899,1183.0610582773695,8.042758957339856
1961,215.0,217.19785480015165,432.1978548001516,0.9832246039142591,1192.0968394627319,9.035781185362339
1962,215.0,219.56395886153115,434.56395886153115,0.9828209764918625,1200.8424695142,8.745630051468197
1963,215.0,228.84668643822317,443.8466864382232,0.9808988764044944,1211.4379000141103,10.595430499910208
1964,215.0,229.50010189421624,444.50010189421624,0.9943820224719102,1222.695720291445,11.257820277334758
1965,215.0,235.90870547411788,450.9087054741179,0.9990958408679929,1235.386939449352,12.691219157906971
1966,215.0,239.84754446408272,454.8475444640827,0.9891500904159132,1246.7368037604474,11.349864311095416
1967,215.0,246.1682099782135,461.1682099782135,0.9945750452079567,1259.5801514464022,12.843347685954768
1968,215.0,249.46403999922154,464.46403999922154,0.9936708860759491,1271.959159153189,12.379007706786751
1969,215.0,253.6083644302704,468.6083644302704,0.9850885368126747,1283.220252820571,11.261093667382056
1970,215.0,259.1389110669947,474.1389110669947,1.0018083182640147,1297.1852351308119,13.964982310240885
1971,215.0,264.2792956760135,479.2792956760135,0.9891500904159132,1309.6598962241353,12.474661093323448
1972,215.0,272.45721733515404,487.45721733515404,0.9990958408679929,1324.7403320358646,15.08043581172933
1973,215.0,275.97436854007793,490.97436854007793,0.9850885368126747,1337.4376496189423,12.69731758307762
1974,215.0,277.58300816315733,492.58300816315733,0.9898876404494381,1349.878279532197,12.440629913254725
1975,215.0,278.92569799309183,493.92569799309183,0.9963833634719712,1362.2366189994636,12.35833946726666
1976,215.0,286.19073893967834,501.19073893967834,1.0081374321880652,1377.1929434396416,14.956324440177923
1977,215.0,290.52582612135245,505.52582612135245,1.0055917986952472,1391.584013405646,14.391069966004352
1978,215.0,292.98308376747053,507.98308376747053,1.015370705244123,1406.5038820862299,14.919868680583932
1979,215.0,298.58114099630916,513.5811409963092,1.011754068716094,1421.1447716536438,14.640889567413979
1980,215.0,300.435685537013,515.435685537013,1.014911463187325,1435.2098178070733,14.06504615342942
1981,215.0,296.68287020073063,511.68287020073063,1.011183597390494,1445.9577909813484,10.747973174275103
1982,215.0,304.65710214976906,519.6571021497691,1.0195712954333644,1459.323977637467,13.366186656118543
1983,215.0,298.6784287123529,513.6784287123529,1.0074557315936628,1467.5331464000137,8.209168762546824
1984,215.0,302.2370817851458,517.2370817851458,1.0027958993476236,1475.343776785008,7.810630384994283
1985,215.0,302.9504467045176,517.9504467045176,0.9900542495479203,1480.655286657288,5.311509872279885
1986,215.0,308.4034370412448,523.4034370412448,1.0027958993476236,1489.0475931686108,8.392306511322886
1987,215.0,312.778527186872,527.778527186872,1.0027124773960217,1497.94298128291,8.895388114299294
1988,215.0,316.78079953316467,531.7807995331647,0.9953401677539611,1506.0835353012162,8.140554018306148
1989,215.0,320.55968800249383,535.5596880024939,1.0041493775933612,1515.8712926140008,9.787757312784606
1990,200.3301288457454,323.79183660072556,524.121965446471,1.007233273056058,1521.2235236625875,5.352231048586646
1991,199.7503266400383,335.4818104403371,535.2321370803754,1.0144665461121156,1530.731569349328,9.508045686740616
1992,184.67510149951386,316.3955526293896,501.07065412890347,1.011183597390494,1527.3563861130538,-3.3751832362743244
1993,197.36691793433434,315.00618740051794,512.3731053348523,1.0027958993476236,1526.8689098622208,-0.4874762508329695
1994,206.86238646048096,322.1935623385285,529.0559487990095,1.0009319664492078,1531.6965531788865,4.827643316665672
1995,201.7570917407637,309.8613907722203,511.61848251298403,0.988245931283906,1528.2671139833087,-3.429439195577743
1996,213.15982548765285,309.1011425162106,522.2609680038635,0.9953401677539611,1529.8392193937848,1.5721054104760697
1997,219.11808678658687,332.86,551.9780867865869,0.9981916817359855,1541.5314887694478,11.692269375663045
1998,212.25503626636817,317.28000000000003,529.5350362663683,0.9960567823343849,1544.136630214598,2.6051414451501387
1999,221.87093317633915,311.53999999999996,533.4109331763391,0.985307621671258,1546.0738227999166,1.9371925853185985
2000,227.84472784773624,309.38,537.2247278477362,1.0,1551.3233356700691,5.249512870152557
2001,206.6473954472032,313.65,520.2973954472031,0.9924026590693258,1549.1993833587617,-2.1239523113074483
2002,212.26455200956343,324.65000000000003,536.9145520095635,0.9933523266856601,1552.9763649291724,3.776981570410726
2003,215.22835450612564,326.12,541.3483545061256,0.9895536562203229,1557.2095717604027,4.233206831230291
2004,212.63153770421576,330.53000000000003,543.1615377042158,0.9925442684063377,1562.0325324573935,4.822960696990776
2005,212.49070626724972,334.55,547.0407062672498,0.9870129870129869,1566.7322748643016,4.699742406908172
2006,213.71072289363457,340.45,554.1607228936346,0.986013986013986,1573.104206257063,6.371931392761326
2007,219.18200332427125,336.24,555.4220033242713,0.986013986013986,1579.1727706979714,6.068564440908403
2008,228.68671106740234,335.67,564.3567110674023,0.9687203791469194,1584.706836477462,5.534065779490675
2009,221.551417970207,339.88,561.431417970207,0.9696969696969695,1588.7968915332199,4.09005505575783
2010,221.69514826634378,341.18,562.8751482663438,0.9658767772511849,1592.2595473947647,3.4626558615448175
2011,227.28038439645948,342.69,569.9703843964595,0.9658767772511849,1597.6746361872556,5.415088792490906
2012,209.97597491597992,348.16,558.1359749159799,0.9658767772511849,1598.5436733944916,0.8690372072360333
2013,213.54435145588445,348.96,562.5043514558845,0.9658767772511849,1600.7602995094019,2.216626114910241
2014,216.40412124879504,357.09000000000003,573.4941212487951,0.9658767772511849,1606.3636343956114,5.603334886209495
2015,206.32314747732138,365.45,571.7731474773213,0.9658767772511849,1610.7509340770516,4.387299681440254
2016,201.11929681211606,358.0,559.1192968121161,0.9658767772511849,1610.4390444158348,-0.31188966121681005
2017,215.0,360.73,575.73,0.9658767772511849,1615.6680717346012,5.229027318766384
2018,215.0,362.77000000000004,577.77,0.9658767772511849,1620.9706259184265,5.30255418382535
2019,215.0,371.87,586.87,0.9658767772511849,1628.6779991432415,7.707373224815001
2020,215.0,367.56,582.56,0.9658767772511849,1634.0688511894775,5.3908520462359775
