,natemis,Antr+BB,Totemis,ch4lifetime_fact,Conc,Trend
1950,215.0,145.69132180652684,360.69132180652684,0.9900099900099899,1149.0340603126276,
1951,215.0,161.13354968984004,376.13354968984004,0.9900099900099899,1144.120100651868,-4.913959660759701
1952,215.0,166.62191102563256,381.6219110256326,0.9900099900099899,1141.5821925274897,-2.537908124378191
1953,215.0,171.91703072490478,386.91703072490475,0.9900099900099899,1141.0879471826038,-0.49424534488593963
1954,215.0,176.79220711205573,391.79220711205573,0.9900099900099899,1142.2672752426427,1.1793280600388698
1955,215.0,181.34715698739865,396.34715698739865,0.9900099900099899,1144.8249614733556,2.5576862307129886
1956,215.0,187.46573470613905,402.4657347061391,0.9900099900099899,1149.1242569021254,4.29929542876971
1957,215.0,193.03725401591896,408.03725401591896,0.9900099900099899,1154.7869932670328,5.66273636490746
1958,215.0,195.54960059426637,410.5496005942664,0.9900099900099899,1160.6440822829873,5.857089015954443
1959,215.0,200.03622198438438,415.0362219843844,0.9900099900099899,1167.3287214445043,6.684639161516998
1960,215.0,204.79639047797613,419.79639047797616,0.9900099900099899,1174.8382512028809,7.50952975837663
1961,215.0,212.86841715028493,427.8684171502849,0.9832246039142591,1183.3715447221718,8.533293519290964
1962,215.0,215.12824201953555,430.12824201953555,0.9828209764918625,1191.636856005787,8.26531128361512
1963,215.0,224.30469040409875,439.3046904040988,0.9808988764044944,1201.7731186490357,10.136262643248756
1964,215.0,224.85182666796288,439.8518266679629,0.9943820224719102,1212.5753294002927,10.802210751257007
1965,215.0,231.1541510557357,446.1541510557357,0.9990958408679929,1224.822093592214,12.24676419192133
1966,215.0,234.98671085357168,449.9867108535717,0.9891500904159132,1235.7526798490926,10.930586256878541
1967,215.0,241.20109717557358,456.2010971755736,0.9945750452079567,1248.1827931797077,12.430113330615086
1968,215.0,244.3906480044528,459.3906480044528,0.9936708860759491,1260.160811633346,11.978018453638242
1969,215.0,248.42869324337278,463.4286932433728,0.9850885368126747,1271.0411043206161,10.880292687270185
1970,215.0,253.8529606879682,468.8529606879682,1.0018083182640147,1284.6126070555758,13.571502734959722
1971,215.0,257.52620629587904,472.52620629587904,0.9891500904159132,1296.266942663719,11.654335608143128
1972,215.0,264.8182405958808,479.8182405958808,0.9990958408679929,1310.3120155111358,14.045072847416805
1973,215.0,267.14971892758393,482.14971892758393,0.9850885368126747,1321.7174570878428,11.405441576707062
1974,215.0,268.7846400384715,483.7846400384715,0.9898876404494381,1333.0135085267352,11.296051438892391
1975,215.0,271.109550132768,486.109550132768,0.9963833634719712,1344.6713067445248,11.657798217789605
1976,215.0,275.151199176438,490.151199176438,1.0081374321880652,1357.914558794456,13.243252049931243
1977,215.0,277.8837806829508,492.8837806829508,1.0055917986952472,1370.255842824325,12.34128402986903
1978,215.0,279.1532573379765,494.1532573379765,1.015370705244123,1382.938756912661,12.682914088335792
1979,215.0,283.509905097283,498.509905097283,1.011754068716094,1395.1861358186864,12.24737890602546
1980,215.0,282.39789700257745,497.39789700257745,1.014911463187325,1406.1292566609204,10.943120842234066
1981,215.0,277.70632086781643,492.70632086781643,1.011183597390494,1413.7996635505567,7.670406889636297
1982,215.0,285.44898160510485,500.44898160510485,1.0195712954333644,1424.325910790737,10.526247240180282
1983,215.0,279.2322937007664,494.2322937007664,1.0074557315936628,1429.9711103690597,5.645199578322718
1984,215.0,284.2736509570633,499.2736509570633,1.0027958993476236,1436.013001682067,6.041891313007227
1985,215.0,287.21176940850773,502.21176940850773,0.9900542495479203,1440.5422041289335,4.52920244686652
1986,215.0,291.2706380860499,506.2706380860499,1.0027958993476236,1447.7265717425482,7.184367613614768
1987,215.0,295.5911049346384,510.5911049346384,1.0027124773960217,1455.5311659037511,7.8045941612028855
1988,215.0,299.50593861356083,514.5059386135608,0.9953401677539611,1462.704894748101,7.173728844349853
1989,215.0,304.6665974459152,519.6665974459152,1.0041493775933612,1472.0554120442252,9.35051729612428
1990,203.46046503508242,307.914041620146,511.3745066552284,1.007233273056058,1478.0507692317547,5.995357187529407
1991,203.86480763910888,320.68279532797294,524.5476029670818,1.0144665461121156,1488.7859342993736,10.735165067618937
1992,192.99593815610623,304.53940686846767,497.53534502457387,1.011183597390494,1488.8900553629446,0.10412106357102857
1993,197.53013600762725,305.54609779725865,503.0762338048859,1.0027958993476236,1489.6126508880375,0.7225955250928564
1994,201.6702175992425,317.597620646701,519.2678382459435,1.0009319664492078,1495.3587760545975,5.7461251665599775
1995,198.42425222373905,312.19366926980626,510.6179214935453,0.988245931283906,1495.7060463515584,0.3472702969609145
1996,207.98618316435926,314.27731063372306,522.2634937980823,0.9953401677539611,1500.938957725356,5.232911373797606
1997,214.82762962942098,337.39423398689746,552.2218636163184,0.9981916817359855,1515.9529670879756,15.014009362619618
1998,212.48904469996359,318.3664476301497,530.8554923301133,0.9960567823343849,1521.8698216697926,5.916854581817006
1999,217.9089641525754,313.54878980346416,531.4577539560396,0.985307621671258,1525.6829429892616,3.813121319469019
2000,223.84146230918932,315.2590354804872,539.1004977896765,1.0,1533.838400676134,8.155457686872296
2001,212.14445447990562,315.6535417996881,527.7979962795937,0.9924026590693258,1536.1739155834023,2.3355149072683616
2002,212.8758216861255,322.5524780298677,535.4282997159933,0.9933523266856601,1540.9241407892562,4.750225205853894
2003,211.72546899530604,328.93805732438307,540.6635263196891,0.9895536562203229,1546.2913535754974,5.367212786241225
2004,213.08436107609737,336.0629318005267,549.1472928766241,0.9925442684063377,1554.330979140875,8.039625565377492
2005,212.75712594098638,342.20939793202444,554.9665238730108,0.9870129870129869,1562.5321138993668,8.20113475849189
2006,214.2753006005639,352.88884852886645,567.1641491294304,0.986013986013986,1573.6939820168304,11.161868117463655
2007,219.2960049118257,350.1027628899805,569.3987678018062,0.986013986013986,1584.3327963639035,10.638814347073094
2008,223.58951985494042,353.6885615404862,577.2780813954266,0.9687203791469194,1593.556660553646,9.223864189742471
2009,225.71980135560707,355.1745289722293,580.8943303278364,0.9696969696969695,1603.0818325836312,9.525172029985242
2010,221.51078875464103,360.86969570672267,582.3804844613637,0.9658767772511849,1611.3626945521114,8.280861968480167
2011,231.70388323857958,366.86200176465536,598.5658850032349,0.9658767772511849,1624.0533613763791,12.690666824267737
2012,214.9830507354091,372.93936189598577,587.9224126313949,0.9658767772511849,1631.7542857075505,7.700924331171336
2013,217.41204857078336,372.12612208235606,589.5381706531394,0.9658767772511849,1639.103296042059,7.349010334508421
2014,224.21455529617825,379.6360199266544,603.8505752228326,0.9658767772511849,1650.3487582649188,11.245462222859942
2015,216.73377395544077,386.38580047504416,603.1195744304849,0.9658767772511849,1660.0561187324938,9.707360467574972
2016,211.4816056757864,378.3196319917136,589.8012376675,0.9658767772511849,1664.2310290721377,4.1749103396439295
2017,219.41648958015332,383.4074474991411,602.8239370792944,0.9658767772511849,1672.2407268729671,8.009697800829372
2018,220.87595683236208,388.5484716668797,609.4244284992418,0.9658767772511849,1681.5149277467783,9.274200873811196
2019,217.1260225955851,399.41284493865857,616.5388675342436,0.9658767772511849,1692.07824830552,10.56332055874168
2020,215.0,396.9719628374015,611.9719628374015,0.9658767772511849,1699.9108093390132,7.832561033493221
