,natemis,Antr+BB,Totemis,ch4lifetime_fact,Conc,Trend
1950,215.0,165.44423622518232,380.4442362251823,1.1198738170347002,1168.9830164644,
1951,215.0,181.5398843317661,396.5398843317661,1.1198738170347002,1182.10862089912,13.125604434720117
1952,215.0,187.68166589082924,402.6816658908292,1.1198738170347002,1195.9455568021067,13.836935902986625
1953,215.0,193.63020581337207,408.6302058133721,1.1198738170347002,1210.3567490935725,14.411192291465795
1954,215.0,199.15880242379365,414.15880242379365,1.1198738170347002,1225.14342618526,14.78667709168758
1955,215.0,204.36717252240715,419.36717252240715,1.1198738170347002,1240.1603823089044,15.016956123644377
1956,215.0,211.13917046441813,426.13917046441816,1.1198738170347002,1255.906112826935,15.745730518030541
1957,215.0,217.36410999746863,432.36410999746863,1.1198738170347002,1272.12364838491,16.217535557974998
1958,215.0,220.52987679908665,435.52987679908665,1.1198738170347002,1287.743613209844,15.619964824933959
1959,215.0,225.6699184124753,440.66991841247534,1.1198738170347002,1303.4860406871871,15.742427477343199
1960,215.0,231.08350712933756,446.0835071293376,1.1198738170347002,1319.4297564216458,15.943715734458692
1961,215.0,239.81707031491294,454.81707031491294,1.113564668769716,1335.999004039784,16.569247618138206
1962,215.0,242.73843169743012,457.7384316974301,1.1159305993690851,1352.0978280080956,16.098823968311535
1963,215.0,252.57641659525984,467.57641659525984,1.1175078864353312,1370.0033224035428,17.90549439544725
1964,215.0,253.78508937239053,468.78508937239053,1.1190851735015772,1386.6542111566282,16.650888753085383
1965,215.0,260.7489502734299,475.7489502734299,1.1175078864353312,1403.756370547861,17.102159391232817
1966,215.0,265.2430465845324,480.2430465845324,1.1064668769716088,1419.3660756309594,15.609705083098333
1967,215.0,272.1189694198009,487.1189694198009,1.1056782334384858,1435.5708755399753,16.204799909015946
1968,215.0,275.9700567619466,490.9700567619466,1.1054131054131053,1451.3591527381016,15.788277198126252
1969,215.0,280.66963851413317,495.66963851413317,1.0962145110410093,1465.994421619717,14.635268881615502
1970,215.0,286.7554424719951,501.7554424719951,1.1017350157728707,1481.8047907288326,15.810369109115527
1971,215.0,296.29479715759095,511.29479715759095,1.107312440645774,1499.8354550110703,18.030664282237694
1972,215.0,309.7925504905967,524.7925504905967,1.0949667616334284,1518.9959053834614,19.160450372391097
1973,215.0,321.5097804752024,536.5097804752024,1.0864197530864197,1538.9888375828045,19.99293219934316
1974,215.0,323.90781625487864,538.9078162548786,1.092117758784425,1558.423940461222,19.43510287841741
1975,215.0,317.6599241426396,532.6599241426396,1.0892687559354226,1573.3818842445899,14.95794378336791
1976,215.0,332.4310155097663,547.4310155097663,1.090218423551757,1591.8284382814106,18.44655403682077
1977,215.0,331.86937666306744,546.8693766630674,1.0816714150047484,1607.0204724006467,15.192034119236041
1978,215.0,341.8147800298701,556.8147800298701,1.0721747388414056,1622.6286797863668,15.608207385720107
1979,215.0,343.8016532522121,558.8016532522121,1.0796529968454258,1638.2870132521298,15.658333465763008
1980,215.0,336.43435957683573,551.4343595768357,1.0978157644824313,1652.3302029214583,14.043189669328513
1981,215.0,319.944026226233,534.9440262262331,1.0788224121557457,1656.7991313805262,4.468928459067911
1982,215.0,325.4862880386215,540.4862880386215,1.0858490566037737,1663.6268040518191,6.82767267129293
1983,215.0,314.78340390067586,529.7834039006759,1.0683760683760681,1663.7011729140443,0.0743688622251284
1984,215.0,313.6218524399723,528.6218524399724,1.0826210826210825,1665.400904281744,1.6997313676997692
1985,215.0,312.6892946359584,527.6892946359584,1.0759734093067426,1665.6743227619136,0.2734184801695392
1986,215.0,315.3279750176004,530.3279750176005,1.0664767331433995,1665.439396525799,-0.23492623611446106
1987,215.0,317.2485140553672,532.2485140553672,1.0597156398104266,1664.8875403642226,-0.551856161576552
1988,215.0,321.411691319549,536.4116913195489,1.056980056980057,1665.3802058721649,0.4926655079423199
1989,215.0,324.1105786961214,539.1105786961214,1.0503323836657168,1665.7364274782353,0.3562216060704486
1990,215.0,328.0908796007256,543.0908796007257,1.0556603773584907,1668.1677759387255,2.4313484604901987
1991,215.0,341.6898806403371,556.6898806403372,1.0797752808988763,1678.3525979788965,10.184822040170957
1992,215.0,321.75928362938964,536.7592836293896,1.074688796680498,1680.0990286265503,1.746430647653824
1993,215.0,320.736322800518,535.736322800518,1.0382022471910113,1675.9117921688483,-4.187236457702056
1994,215.0,332.26831963852857,547.2683196385285,1.053932584269663,1678.3877466999038,2.4759545310555495
1995,215.0,324.2177472722203,539.2177472722203,1.0258426966292136,1673.6304837472517,-4.757262952652127
1996,215.0,327.5188030162106,542.5188030162105,1.0126182965299684,1668.400194075105,-5.230289672146682
1997,215.0,350.5117382000001,565.5117382000001,1.0674157303370786,1679.7304959719027,11.330301896797664
1998,215.0,330.2514803,545.2514803,1.0443396226415094,1679.6839669237265,-0.0465290481761258
1999,215.0,321.97082819999997,536.9708281999999,1.0058091286307054,1670.8390592901585,-8.844907633568027
2000,225.33464648533754,321.0746415,546.4092879853375,1.0,1665.1679428850075,-5.671116405150997
2001,213.90725818028523,322.0038254,535.9110835802852,1.0141509433962264,1658.9239918117685,-6.243951073239032
2002,206.08713084067384,329.2447249,535.3318557406739,1.02909796314258,1655.51139646185,-3.412595349918547
2003,209.0015641978755,336.95281180000006,545.9543759978756,1.0404494382022471,1657.7314078973113,2.2200114354614016
2004,211.85378132861666,346.8821553,558.7359366286166,1.0337078651685394,1662.9385850020703,5.207177104759012
2005,218.12985384089802,351.53041470000005,569.6602685408981,1.0112359550561796,1667.6891391135184,4.750554111448082
2006,219.0184620026358,361.5815305,580.5999925026358,1.0146067415730338,1676.0866642440942,8.397525130575787
2007,216.66730312367744,357.22785230000005,573.8951554236775,1.0258426966292136,1683.1097353284,7.023071084305684
2008,219.12283847034666,358.4336323,577.5564707703467,1.0,1686.4058306630895,3.296095334689653
2009,222.3235176760374,359.7836666,582.1071842760374,1.0078651685393258,1692.138629112869,5.732798449779466
2010,226.60960973237948,365.82240210000003,592.4320118323795,1.0024896265560168,1699.7762979982365,7.637668885367475
2011,221.89235666632754,367.0318972,588.9242538663275,1.0024896265560168,1705.3957734208186,5.619475422582127
2012,216.87255692976458,370.96316160000003,587.8357185297646,1.0024896265560168,1710.025876106094,4.63010268527546
2013,225.04080496585394,370.2459324,595.2867373658539,1.0024896265560168,1716.6127320280864,6.58685592199231
2014,224.25213535169536,377.00284780000004,601.2549831516953,1.0024896265560168,1724.445335443371,7.832603415284666
2015,222.68572023447146,381.5206772,604.2063974344715,1.0024896265560168,1732.3827420879925,7.937406644621433
2016,227.65943387735993,369.4090335000001,597.06846737736,1.0024896265560168,1737.0630578212667,4.680315733274256
2017,230.3672479145878,370.1151464,600.4823943145879,1.0024896265560168,1742.3539929582762,5.2909351370094555
2018,230.83945968551512,373.18654800000013,604.0260076855152,1.0024896265560168,1748.230379197347,5.8763862390708255
2019,237.65747052156087,381.5144058,619.1718763215608,1.0024896265560168,1758.4793459007817,10.24896670343469
2020,237.0142281363306,375.00440580000003,612.0186339363306,1.0024896265560168,1765.2078424165777,6.728496515795996
