,natemis,Antr+BB,Totemis,ch4lifetime_fact,Conc,Trend
1950,215.0,140.0104525128931,355.0104525128931,1.0,1148.2921671265242,
1951,215.0,155.2647590189582,370.2647590189582,1.0,1142.6490757852414,-5.643091341282798
1952,215.0,160.56519897750266,375.56519897750263,1.0,1139.3976392869768,-3.2514364982646384
1953,215.0,165.67239729952678,380.6723972995268,1.0,1138.2059054457936,-1.1917338411831224
1954,215.0,170.3596523094297,385.3596523094297,1.0,1138.703823714394,0.4979182686004151
1955,215.0,174.7266808075245,389.72668080752453,1.0,1140.595885116149,1.8920614017549724
1956,215.0,180.6573371490168,395.6573371490168,1.0,1144.2451265094755,3.6492413933265198
1957,215.0,186.04093508154867,401.0409350815487,1.0,1149.2731674507006,5.028040941225072
1958,215.0,188.36536028264797,403.365360282648,1.0,1154.509948900656,5.236781449955288
1959,215.0,192.664060295518,407.66406029551797,1.0,1160.5875762235828,6.077627322926901
1960,215.0,197.23630741186156,412.23630741186156,1.0,1167.5027199722417,6.91514374865892
1961,215.0,205.11807849022705,420.11807849022705,1.0,1176.260396798183,8.75767682594119
1962,215.0,207.1876477655343,422.1876477655343,1.0,1184.7245913836991,8.464194585516225
1963,215.0,216.17384055615415,431.1738405561541,1.0,1195.2245500359925,10.499958652293344
1964,215.0,216.530721226075,431.530721226075,1.0,1204.6673138021704,9.442763766177904
1965,215.0,222.6427900199044,437.6427900199044,1.0,1215.082034424504,10.414720622333562
1966,215.0,226.28509422379705,441.28509422379705,1.0,1225.5398962590723,10.457861834568348
1967,215.0,232.3092249518556,447.30922495185564,1.0,1236.8268579188905,11.28696165981819
1968,215.0,235.30852018679144,450.30852018679144,1.0,1247.8458106543333,11.018952735442781
1969,215.0,239.15630983176808,454.1563098317681,1.0,1258.9084717277492,11.062661073415939
1970,215.0,244.39032168242014,459.3903216824201,1.0,1270.4701861127298,11.561714384980633
1971,215.0,249.2500236569801,464.2500236569801,1.0,1282.3508002482222,11.880614135492351
1972,215.0,257.1728277174416,472.1728277174416,1.0,1295.5315859934315,13.180785745209278
1973,215.0,260.25257580258824,475.25257580258824,1.0,1308.2590220299608,12.727436036529298
1974,215.0,261.75608614159665,476.75608614159665,1.0,1320.0605440450217,11.801522015060982
1975,215.0,262.9879199985267,477.9879199985267,1.0,1330.949627649278,10.889083604256257
1976,215.0,269.88077697352765,484.88077697352765,1.0,1342.9079524898002,11.95832484052221
1977,215.0,273.963154930751,488.963154930751,1.0,1354.8826895266109,11.974737036810666
1978,215.0,276.2604287421843,491.2604287421843,1.0,1366.2793294646717,11.396639938060844
1979,215.0,281.5334355614996,496.5334355614996,1.0,1378.1505737293603,11.871244264688585
1980,215.0,283.2799933041633,498.2799933041633,1.0,1389.2724660114977,11.121892282137424
1981,215.0,279.7228833024812,494.7228833024812,1.0,1397.9680430947417,8.695577083243961
1982,215.0,287.61463066683257,502.61463066683257,1.0,1408.3101099661012,10.34206687135952
1983,215.0,281.5577046073275,496.5577046073275,1.0,1415.48321606544,7.173106099338838
1984,215.0,284.9536362831875,499.9536362831875,1.0,1422.9806296355312,7.497413570091112
1985,215.0,285.63759742417085,500.63759742417085,1.0,1429.8656377903958,6.885008154864636
1986,215.0,290.77781253724584,505.77781253724584,1.0,1437.686330558982,7.820692768586241
1987,215.0,295.02494838641707,510.02494838641707,1.0,1446.041428288314,8.355097729331874
1988,215.0,298.6755905767461,513.6755905767461,1.0,1454.6730519484772,8.631623660163314
1989,215.0,302.17109081824873,517.1710908182488,1.0,1463.4987302622226,8.825678313745357
1990,215.0,305.2999200711051,520.2999200711051,1.0,1472.3749966187472,8.876266356524638
1991,215.0,318.81183287573293,533.811832875733,1.0,1484.7434695246104,12.3684729058632
1992,215.0,299.49068782266335,514.4906878226634,1.0,1489.3122371977722,4.568767673161801
1993,215.0,299.5481852918242,514.5481852918242,1.0,1493.3885286601942,4.0762914624219775
1994,215.0,310.39650696329267,525.3965069632927,1.0,1500.610143230583,7.221614570388738
1995,215.0,305.56039716107193,520.5603971610719,1.0,1505.4175174100449,4.807374179461931
1996,215.0,307.45705920620384,522.4570592062039,1.0,1510.316318752594,4.898801342549177
1997,215.0,331.457796516877,546.457796516877,1.0,1522.6350741424017,12.31875538980762
1998,215.0,315.50915615703855,530.5091561570385,1.0,1528.2793949343088,5.644320791907148
1999,215.0,309.5890972813972,524.5890972813972,1.0,1531.3262038257014,3.0468088913926294
2000,215.0,310.3755556419565,525.3755556419565,1.0,1534.2929725402178,2.96676871451632
2001,215.0,313.1005194228316,528.1005194228317,1.0,1537.832265499432,3.539292959214208
2002,215.0,322.47491151980734,537.4749115198074,1.0,1544.087650717379,6.255385217946923
2003,215.0,328.33133481161764,543.3313348116176,1.0,1551.5870075201103,7.499356802731427
2004,215.0,339.1599047856282,554.1599047856282,1.0,1561.8418483010344,10.254840780924042
2005,215.0,346.62478641877203,561.624786418772,1.0,1573.4268642737065,11.585015972672181
2006,215.0,356.7053574534424,571.7053574534424,1.0,1587.0615492817426,13.634685008036058
2007,215.0,355.2617524896731,570.2617524896731,1.0,1598.6902649867693,11.628715705026707
2008,215.0,360.75844432030715,575.7584443203071,1.0,1610.8418650030035,12.15160001623417
2009,215.0,364.45377111581536,579.4537711158154,1.0,1622.8597314710141,12.017866468010652
2010,215.0,371.1593157300012,586.1593157300013,1.0,1635.758259618262,12.898528147247816
2011,215.0,372.924998542445,587.924998542445,1.0,1647.7987602868402,12.040500668578261
2012,215.0,381.0856580369786,596.0856580369787,1.0,1661.2005003097115,13.401740022871309
2013,215.0,381.87778643760544,596.8777864376054,1.0,1673.3646387510087,12.164138441297155
2014,215.0,388.1687589286987,603.1687589286987,1.0,1686.255418864021,12.890780113012397
2015,215.0,398.732,613.732,1.0,1701.209912374883,14.954493510861994
2016,215.0,390.97880000000004,605.9788000000001,1.0,1711.9158115486355,10.705899173752414
2017,215.0,393.4056,608.4056,1.0,1722.228689608847,10.31287806021146
2018,215.0,395.1424,610.1424,1.0,1731.9634666288323,9.734777019985358
2019,215.0,403.9392,618.9392,1.0,1743.5288601069471,11.565393478114856
2020,215.0,399.326,614.326,1.0,1752.267647498532,8.738787391584765
