,natemis,Antr+BB,Totemis,ch4lifetime_fact,Conc,Trend
1950,215.0,163.598,378.598,1.0,1156.1234580696766,
1951,215.0,178.6518045817319,393.6518045817319,1.0,1157.3682177523867,1.2447596827100824
1952,215.0,183.7517426159432,398.75174261594316,1.0,1160.1668295338286,2.7986117814418776
1953,215.0,188.65843901363414,403.65843901363417,1.0,1164.2811501852748,4.114320651446178
1954,215.0,193.14519209920383,408.1451920992038,1.0,1169.424434307104,5.143284121829311
1955,215.0,197.31171867296544,412.3117186729654,1.0,1175.37515037469,5.950716067585972
1956,215.0,203.04187309012457,418.04187309012457,1.0,1182.5620294269106,7.186879052220547
1957,215.0,208.22496909832324,423.22496909832324,1.0,1190.6650294087437,8.102999981833136
1958,215.0,210.34889237508935,425.34889237508935,1.0,1198.5658975074878,7.900868098744013
1959,215.0,214.44709046362615,429.4470904636262,1.0,1206.9427445592996,8.376847051811865
1960,215.0,218.81883565563655,433.8188356556366,1.0,1215.833095346065,8.890350786765339
1961,215.0,224.59797580858205,439.5979758085821,1.0,1225.6467213045075,9.813625958442572
1962,215.0,224.56491415846932,439.5649141584693,1.0,1234.3505366264258,8.703815321918228
1963,215.0,231.44847602366914,446.4484760236692,1.0,1244.3651920887514,10.014655462325663
1964,215.0,229.70272576816996,444.70272576816996,1.0,1252.678898629778,8.313706541026477
1965,215.0,233.7121636365794,448.71216363657936,1.0,1261.3928892724264,8.713990642648469
1966,215.0,235.251836915052,450.25183691505197,1.0,1269.6423586966077,8.24946942418137
1967,215.0,239.17333671769057,454.1733367176906,1.0,1278.270108589155,8.627749892547172
1968,215.0,240.0700010272064,455.0700010272064,1.0,1286.2295085428077,7.959399953652792
1969,215.0,241.81515974676304,456.815159746763,1.0,1293.8771020912006,7.647593548392933
1970,215.0,244.94654067199508,459.9465406719951,1.0,1301.7080412717762,7.8309391805755695
1971,215.0,248.76207785759098,463.76207785759095,1.0,1309.928943243553,8.220901971776811
1972,215.0,256.04497069059664,471.04497069059664,1.0,1319.6473389630787,9.718395719525688
1973,215.0,255.60237187520235,470.6023718752024,1.0,1328.1306167483374,8.483277785258679
1974,215.0,258.8376989548787,473.8376989548787,1.0,1336.7381795339015,8.607562785564141
1975,215.0,261.71079484263964,476.71079484263964,1.0,1345.3358468872625,8.597667353360976
1976,215.0,266.11259910976634,481.11259910976634,1.0,1354.4322725778302,9.096425690567685
1977,215.0,269.5931488630674,484.5931488630674,1.0,1363.6657452317845,9.233472653954323
1978,215.0,272.7548380298701,487.7548380298701,1.0,1372.9150549118428,9.249309680058332
1979,215.0,276.282103452212,491.282103452212,1.0,1382.2998031495108,9.384748237667964
1980,215.0,279.7152927768357,494.7152927768357,1.0,1391.7735906972234,9.473787547712618
1981,215.0,281.48962262623303,496.48962262623303,1.0,1400.775690621887,9.002099924663526
1982,215.0,290.3138617386215,505.3138617386215,1.0,1411.6995550671554,10.923864445268464
1983,215.0,285.25634640067585,500.25634640067585,1.0,1419.72112863871,8.021573571554654
1984,215.0,288.3160050399723,503.3160050399723,1.0,1427.8603607335253,8.13923209481527
1985,215.0,290.7718115359584,505.7718115359584,1.0,1435.903592424695,8.043231691169694
1986,215.0,293.2029897176004,508.2029897176004,1.0,1443.8533960630168,7.949803638321782
1987,215.0,297.6636160553672,512.6636160553671,1.0,1452.394028969945,8.540632906928295
1988,215.0,297.990817919549,512.990817919549,1.0,1460.086999477787,7.692970507841892
1989,215.0,299.2419704961214,514.2419704961214,1.0,1467.333980988431,7.246981510643991
1990,215.0,302.9738366007256,517.9738366007256,1.0,1475.0085315611307,7.674550572699673
1991,215.0,316.0443104403371,531.0443104403371,1.0,1486.1632831127486,11.154751551617892
1992,215.0,298.3385526293896,513.3385526293896,1.0,1490.1905540637665,4.027270951017954
1993,215.0,298.32968740051797,513.329687400518,1.0,1493.7639472616288,3.5733931978622877
1994,215.0,306.8975623385286,521.8975623385286,1.0,1499.7818431108599,6.017895849231081
1995,215.0,295.94589077222037,510.94589077222037,1.0,1501.489854331033,1.708011220173148
1996,215.0,293.32614251621055,508.32614251621055,1.0,1502.1368377296028,0.6469833985697733
1997,215.0,315.2255,530.2255,1.0,1509.9821740008183,7.845336271215501
1998,215.0,297.786,512.7860000000001,1.0,1511.1589857619874,1.1768117611691196
1999,215.0,290.18649999999997,505.18649999999997,1.0,1509.6809231036227,-1.4780626583647063
2000,215.0,286.167,501.167,1.0,1507.0338470736408,-2.6470760299819176
2001,215.0,293.96279999999996,508.96279999999996,1.0,1507.2714447501237,0.23759767648289198
2002,215.0,308.4886,523.4886,1.0,1512.305142832487,5.033698082363344
2003,215.0,313.4844,528.4844,1.0,1518.4338699276364,6.128727095149316
2004,215.0,321.4202,536.4202,1.0,1526.5111234631797,8.077253535543377
2005,215.0,328.966,543.966,1.0,1536.1892427826867,9.678119319507005
2006,215.0,339.5914,554.5914,1.0,1548.31143519213,12.122192409443187
2007,215.0,340.1068,555.1068,1.0,1559.2474207764049,10.935985584274931
2008,215.0,344.2622,559.2622,1.0,1570.33853412324,11.091113346835073
2009,215.0,353.1976,568.1976,1.0,1583.154411175053,12.815877051813004
2010,215.0,359.223,574.223,1.0,1596.5357819809594,13.3813708059065
2011,215.0,364.4245,579.4245000000001,1.0,1610.1457854158416,13.610003434882174
2012,215.0,373.586,588.586,1.0,1625.2735792379954,15.127793822153762
2013,215.0,378.0775,593.0775,1.0,1640.1987315426006,14.925152304605263
2014,215.0,389.899,604.899,1.0,1657.3775621203717,17.178830577771123
2015,215.0,401.9505,616.9504999999999,1.0,1676.6340883159712,19.256526195599463
2016,215.0,399.27200000000005,614.272,1.0,1692.8451694756657,16.21108115969446
2017,215.0,406.7735,621.7735,1.0,1709.7316619316261,16.88649245596048
2018,215.0,413.58500000000004,628.585,1.0,1726.9888531456768,17.257191214050636
2019,215.0,427.4565,642.4565,1.0,1746.9192232944536,19.930370148776774
2020,215.0,427.918,642.918,1.0,1764.7712079278158,17.851984633362235
