,natemis,Antr+BB,Totemis,ch4lifetime_fact,Conc,Trend
1950,215.0,145.69132180652684,360.69132180652684,1.0082976017871197,1151.1122764867168,
1951,215.0,161.13354968984004,376.13354968984004,1.008017040016338,1147.9998586781396,-3.11241780857722
1952,215.0,166.62191102563256,381.6219110256326,1.0077364782455562,1147.025435263256,-0.9744234148836313
1953,215.0,171.91703072490478,386.91703072490475,1.0074559164747743,1147.8869877557788,0.8615524925228328
1954,215.0,176.79220711205573,391.79220711205573,1.0071753547039928,1150.2406597484612,2.3536719926823935
1955,215.0,181.34715698739865,396.34715698739865,1.0068947929332108,1153.8138619718236,3.5732022233623866
1956,215.0,187.46573470613905,402.4657347061391,1.006614231162429,1158.9899185104944,5.176056538670764
1957,215.0,193.03725401591896,408.03725401591896,1.0063336693916476,1165.4083466375196,6.418428127025209
1958,215.0,195.54960059426637,410.5496005942664,1.0060531076208656,1171.9144082434007,6.5060616058810865
1959,215.0,200.03622198438438,415.0362219843844,1.005772545850084,1179.1536378802284,7.239229636827758
1960,215.0,204.79639047797613,419.79639047797616,1.0054919840793022,1187.1347654781127,7.981127597884324
1961,215.0,212.86841715028493,427.8684171502849,1.0052114223085205,1196.8745023020997,9.73973682398696
1962,215.0,215.12824201953555,430.12824201953555,1.0049308605377387,1206.2460414977832,9.371539195683454
1963,215.0,224.30469040409875,439.3046904040988,1.0046502987669568,1217.5868407983367,11.340799300553499
1964,215.0,224.85182666796288,439.8518266679629,1.004369736996175,1227.8109577464008,10.224116948064193
1965,215.0,231.1541510557357,446.1541510557357,1.0040891752253935,1238.9535747884368,11.142617042035909
1966,215.0,234.98671085357168,449.9867108535717,1.0038086134546116,1250.0914214631775,11.137846674740786
1967,215.0,241.20109717557358,456.2010971755736,1.0035280516838299,1262.0153329905138,11.923911527336259
1968,215.0,244.3906480044528,459.3906480044528,1.0032474899130481,1273.6324374632395,11.617104472725714
1969,215.0,248.42869324337278,463.4286932433728,1.0029669281422664,1285.258091253851,11.625653790611523
1970,215.0,253.8529606879682,468.8529606879682,1.0026863663714847,1297.3509847538676,12.092893500016544
1971,215.0,257.52620629587904,472.52620629587904,1.0036125027400429,1309.4304080227885,12.079423268920891
1972,215.0,264.8182405958808,479.8182405958808,1.0045386391086013,1322.70157939337,13.271171370581442
1973,215.0,267.14971892758393,482.14971892758393,1.0054647754771595,1335.3863201029737,12.68474070960383
1974,215.0,268.7846400384715,483.7846400384715,1.006390911845718,1347.3207234076979,11.934403304724128
1975,215.0,271.109550132768,486.109550132768,1.0073170482142761,1358.8194557109016,11.498732303203724
1976,215.0,275.151199176438,490.151199176438,1.0082431845828346,1370.5030581294232,11.68360241852156
1977,215.0,277.8837806829508,492.8837806829508,1.009169320951393,1381.9180131287662,11.414954999343081
1978,215.0,279.1532573379765,494.1532573379765,1.0100954573199512,1392.6099774648983,10.69196433613206
1979,215.0,283.509905097283,498.509905097283,1.0110215936885096,1403.6864585509943,11.07648108609601
1980,213.46581505527286,282.39789700257745,495.8637120578503,1.0119477300570678,1412.780121764238,9.093663213243644
1981,209.98540094753466,277.70632086781643,487.6917218153511,1.0119166428840465,1418.1464649904588,5.366343226220806
1982,207.34999122653096,285.44898160510485,492.7989728316358,1.0118855557110251,1424.610221501525,6.463756511066322
1983,218.54420775574664,279.2322937007664,497.776501456513,1.0118544685380038,1432.0065731837108,7.396351682185696
1984,216.13469029654325,284.2736509570633,500.4083412536065,1.0118233813649828,1439.452808226765,7.44623504305423
1985,218.52747499561326,287.21176940850773,505.739244404121,1.0117922941919613,1447.839998642962,8.387190416196972
1986,212.30288822600457,291.2706380860499,503.57352631205447,1.01176120701894,1454.573322741407,6.7333240984451095
1987,207.81014213019827,295.5911049346384,503.40124706483664,1.0117301198459188,1460.4983769001794,5.925054158772355
1988,212.7546727496052,299.50593861356083,512.260611363166,1.0116990326728972,1468.7051230475,8.206746147320473
1989,213.67497455693982,304.6665974459152,518.3415720028551,1.011667945499876,1478.0174727449341,9.312349697434229
1990,211.0981294964029,307.914041620146,519.0121711165489,1.0116368583268547,1486.5154087779192,8.49793603298508
1991,210.3200561502018,320.68279532797294,531.0028514781748,1.009824235180017,1497.7939995889508,11.278590811031563
1992,198.5903912967187,304.53940686846767,503.12979816518634,1.0015337334334637,1497.354824318047,-0.4391752709038883
1993,204.7145815055273,305.54609779725865,510.26067930278595,0.996844693397186,1498.641366713141,1.2865423950941022
1994,209.4666853834006,317.597620646701,527.0643060301015,1.0084558263903243,1507.0663767492917,8.425010036150752
1995,208.72207755746624,312.19366926980626,520.9157468272725,1.0030031148607326,1511.7127346924656,4.646357943173825
1996,212.42838392700475,314.27731063372306,526.7056945607278,1.0102506923191272,1518.8275074288658,7.114772736400255
1997,213.7837374978066,337.39423398689746,551.1779714847041,1.0119030530084048,1533.524022141833,14.6965147129672
1998,222.52660466748551,318.3664476301497,540.8930522976352,0.9861864069689835,1539.2827647867948,5.758742644961785
1999,211.56664678013686,313.54878980346416,525.115436583601,1.0063414517912073,1542.22592749048,2.943162703685175
2000,213.03076329180558,315.2590354804872,528.2897987722928,1.0,1544.939808293268,2.713880802788026
2001,218.326681874013,315.6535417996881,533.9802236737012,0.99386928520895,1548.301998886225,3.3621905929569493
2002,215.21438848920863,322.5524780298677,537.7668665190763,0.9928679555766652,1552.3881335055396,4.086134619314635
2003,219.3222811019477,328.93805732438307,548.2603384263308,0.9864340504659566,1558.4933605357494,6.1052270302097895
2004,213.74190559747325,336.0629318005267,549.804837398,0.979133650893039,1563.2616078305361,4.768247294786761
2005,210.64634497280224,342.20939793202444,552.8557429048267,0.9699646792990931,1567.0157996894686,3.7541918589324723
2006,215.9673626952097,352.88884852886645,568.8562112240761,0.9658283605068321,1574.9625373705774,7.946737681108743
2007,213.7502719775399,350.1027628899805,563.8530348675204,0.9597038162268151,1579.313661987709,4.351124617131745
2008,213.86740129847342,353.6885615404862,567.5559628389597,0.9643339070369527,1585.1633869656375,5.8497249779284175
2009,219.93302684681524,355.1745289722293,575.1075558190446,0.9671398996221703,1593.3094085091377,8.146021543500183
2010,226.5508334795578,360.86969570672267,587.4205291862804,0.9580604117459025,1603.0630066680658,9.753598158928071
2011,214.3442849622741,366.86200176465536,581.2062867269294,0.9585228838411334,1609.7057898257226,6.642783157656822
2012,208.27865941393227,372.93936189598577,581.2180213099181,0.9675752373720371,1617.1256131731936,7.419823347471038
2013,214.6454746446745,372.12612208235606,586.7715967270306,0.9662389595250078,1625.3051347059206,8.179521532726994
2014,215.03869450780837,379.6360199266544,594.6747144344628,0.96907901809612,1635.6465678001098,10.341433094189142
2015,214.13512546060713,386.38580047504416,600.5209259356513,0.9707424683795629,1647.0220749677485,11.375507167638716
2016,220.7529320933497,378.3196319917136,599.0725640850633,0.952027984493153,1653.3347498423557,6.312674874607183
2017,215.0,383.4074474991411,598.4074474991411,0.9603792558988442,1660.1736288930044,6.838879050648757
2018,215.0,388.5484716668797,603.5484716668798,0.9619692714083327,1668.2047477476465,8.031118854642045
2019,215.0,399.41284493865857,614.4128449386585,0.963559286917821,1679.188576955888,10.98382920824156
2020,215.0,396.9719628374015,611.9719628374015,0.9651493024273095,1688.3776035599114,9.189026604023411
