,natemis,Antr+BB,Totemis,ch4lifetime_fact,Conc,Trend
1950,215.0,163.598,378.598,1.0247219712311393,1158.87120071134,
1951,215.0,178.6518045817319,393.6518045817319,1.0244368393312935,1162.5278893401814,3.6566886288414935
1952,215.0,183.7517426159432,398.75174261594316,1.0241517074314475,1167.4473710965688,4.919481756387313
1953,215.0,188.65843901363414,403.65843901363417,1.0238665755316017,1173.4264945977843,5.979123501215554
1954,215.0,193.14519209920383,408.1451920992038,1.0235814436317558,1180.2089730995292,6.78247850174489
1955,215.0,197.31171867296544,412.3117186729654,1.02329631173191,1187.5997467541158,7.39077365458661
1956,215.0,203.04187309012457,418.04187309012457,1.023011179832064,1196.0513099918514,8.451563237735627
1957,215.0,208.22496909832324,423.22496909832324,1.0227260479322182,1205.2647908230865,9.213480831235074
1958,215.0,210.34889237508935,425.34889237508935,1.0224409160323724,1214.139120105746,8.874329282659573
1959,215.0,214.44709046362615,429.4470904636262,1.0221557841325266,1223.367293053906,9.228172948159909
1960,215.0,218.81883565563655,433.8188356556366,1.0218706522326808,1233.0008062166394,9.63351316273338
1961,215.0,224.59797580858205,439.5979758085821,1.0215855203328348,1243.4623144286843,10.461508212044919
1962,215.0,224.56491415846932,439.5649141584693,1.021300388432989,1252.7283841642989,9.266069735614565
1963,215.0,231.44847602366914,446.4484760236692,1.021015256533143,1263.2288424934723,10.500458329173398
1964,215.0,229.70272576816996,444.70272576816996,1.0207301246332974,1271.959257713453,8.730415219980841
1965,215.0,233.7121636365794,448.71216363657936,1.0204449927334514,1281.0267365845768,9.06747887112374
1966,215.0,235.251836915052,450.25183691505197,1.0201598608336055,1289.572842842466,8.54610625788905
1967,215.0,239.17333671769057,454.1733367176906,1.0198747289337597,1298.4460970477567,8.873254205290777
1968,215.0,240.0700010272064,455.0700010272064,1.019589597033914,1306.6047010806703,8.158604032913672
1969,215.0,241.81515974676304,456.815159746763,1.019304465134068,1314.4089238683773,7.804222787706976
1970,215.0,244.94654067199508,459.9465406719951,1.0190193332342221,1322.358060854885,7.94913698650771
1971,215.0,248.76207785759098,463.76207785759095,1.0199605556308002,1330.8169926608862,8.458931806001146
1972,215.0,256.04497069059664,471.04497069059664,1.0209017780273784,1340.883246812672,10.06625415178587
1973,215.0,255.60237187520235,470.6023718752024,1.0218430004239563,1349.8137264393968,8.930479626724718
1974,215.0,258.8376989548787,473.8376989548787,1.0227842228205342,1358.9572178080714,9.143491368674631
1975,215.0,261.71079484263964,476.71079484263964,1.0237254452171123,1368.171299822203,9.21408201413169
1976,215.0,266.11259910976634,481.11259910976634,1.0246666676136902,1377.957795966264,9.786496144060948
1977,215.0,269.5931488630674,484.5931488630674,1.0256078900102683,1387.9491358336165,9.991339867352508
1978,215.0,272.7548380298701,487.7548380298701,1.0265491124068462,1398.0183868801587,10.06925104654215
1979,215.0,276.282103452212,491.282103452212,1.0274903348034243,1408.280097288369,10.26171040821032
1980,215.0,279.7152927768357,494.7152927768357,1.0284315572000022,1418.6834899364767,10.403392648107683
1981,215.0,281.48962262623303,496.48962262623303,1.0283999636415508,1428.5343987190433,9.850908782566648
1982,215.0,290.3138617386215,505.3138617386215,1.0283683700830997,1440.2371505273602,11.702751808316862
1983,215.0,285.25634640067585,500.25634640067585,1.0283367765246483,1448.9736924952354,8.736541967875155
1984,215.0,288.3160050399723,503.3160050399723,1.028305182966197,1457.7672983068105,8.793605811575162
1985,215.0,290.7718115359584,505.7718115359584,1.0282735894077455,1466.4109057003436,8.643607393533102
1986,215.0,293.2029897176004,508.2029897176004,1.028241995849294,1474.912688576571,8.50178287622748
1987,215.0,297.6636160553672,512.6636160553671,1.028210402290843,1483.9628567993982,9.050168222827097
1988,215.0,297.990817919549,512.990817919549,1.0281788087323915,1492.127089529352,8.16423272995371
1989,215.0,299.2419704961214,514.2419704961214,1.0281472151739404,1499.809477227913,7.682387698561115
1990,204.64647443295402,302.9738366007256,507.6203110336796,1.0281156216154888,1504.4452032963518,4.635726068438771
1991,202.84908478641162,316.0443104403371,518.8933952267487,1.02530405945394,1511.9259228119938,7.480719515642022
1992,190.51506057038983,298.3385526293896,488.85361319977943,1.022492497292391,1508.2018044594552,-3.724118352538653
1993,195.3330359213366,298.32968740051797,493.66272332185457,1.0196809351308422,1506.085930613536,-2.115873845919168
1994,199.90276569546643,306.8975623385286,506.800328033995,1.0168693729692933,1508.1675053967506,2.0815747832145917
1995,196.32841195227857,295.94589077222037,492.27430272449897,1.0140578108077443,1504.7885714399656,-3.3789339567849765
1996,207.46436651190697,293.32614251621055,500.7905090281175,1.0112462486461955,1504.207669914111,-0.5809015258546424
1997,215.069403551697,315.2255,530.294903551697,1.0084346864846467,1513.0837056364462,8.876035722335246
1998,211.19685718568462,297.786,508.9828571856846,1.0056231243230978,1513.4816760063566,0.39797036991035384
1999,218.01274748085203,290.18649999999997,508.199247480852,1.002811562161549,1513.1605326517074,-0.3211433546491662
2000,224.99476821169003,286.167,511.16176821169,1.0,1513.442202437582,0.2816697858745556
2001,211.6541686142129,293.96279999999996,505.61696861421285,0.995914002735031,1511.2419945934012,-2.2002078441807953
2002,212.44845349875482,308.4886,520.9370534987548,0.991828005470062,1513.7599208858376,2.517926292436414
2003,211.15104048992268,313.4844,524.6354404899226,0.987742008205093,1516.6009195925699,2.8409987067323073
2004,213.4267447417675,321.4202,534.8469447417675,0.9836560109401239,1521.8815435522285,5.280623959658669
2005,212.36702568834235,328.966,541.3330256883423,0.9795700136751548,1528.079730013174,6.198186460945408
2006,214.33253962675096,339.5914,553.923939626751,0.9754840164101859,1537.1047484093253,9.025018396151381
2007,219.6252591285588,340.1068,559.7320591285588,0.9713980191452168,1546.371952606154,9.267204196828743
2008,225.0863228023433,344.2622,569.3485228023433,0.977052169906687,1558.6714705348963,12.299517928742262
2009,227.38941008758178,353.1976,580.5870100875818,0.9827063206681571,1574.1990455131463,15.527574978249959
2010,222.05416973076032,359.223,581.2771697307603,0.9883604714296271,1589.095381103579,14.896335590432727
2011,234.1365331595362,364.4245,598.5610331595362,0.9889882341230849,1608.143315123014,19.047934019434933
2012,214.91072953742258,373.586,588.4967295374227,0.9896159968165429,1621.800995663881,13.657680540866977
2013,217.65607902838656,378.0775,595.7335790283865,0.9902437595100009,1636.4200559139454,14.619060250064422
2014,225.58641103472286,389.899,615.4854110347228,0.9908715222034588,1656.0468208727607,19.62676495881533
2015,217.07285443075872,401.9505,619.0233544307587,0.9908600068687826,1674.6314156418882,18.584594769127534
2016,210.38186013375284,399.27200000000005,609.6538601337529,0.9908484915341064,1688.008005706773,13.376590064884795
2017,219.85459889671557,406.7735,626.6280988967155,0.9908369761994302,1705.5063917222537,17.49838601548072
2018,221.18675975116392,413.58500000000004,634.7717597511639,0.9924774178789595,1724.01389917654,18.50750745428627
2019,217.3676024610999,427.4565,644.8241024610999,0.9941178595584886,1744.0554608039347,20.041561627394685
2020,215.0,427.918,642.918,0.9957583012380179,1761.494609563526,17.439148759591262
