,natemis,Antr+BB,Totemis,ch4lifetime_fact,Conc,Trend
1950,215.0,163.598,378.598,1.0386734286208537,1160.366952397902,
1951,215.0,178.6518045817319,393.6518045817319,1.0386734286208537,1165.3896328478274,5.022680449925474
1952,215.0,183.7517426159432,398.75174261594316,1.0386734286208537,1171.563706282357,6.174073434529646
1953,215.0,188.65843901363414,403.65843901363417,1.0386734286208537,1178.6999441381392,7.136237855782156
1954,215.0,193.14519209920383,408.1451920992038,1.0386734286208537,1186.5542424297141,7.854298291574878
1955,215.0,197.31171867296544,412.3117186729654,1.0386734286208537,1194.9421571122286,8.38791468251452
1956,215.0,203.04187309012457,418.04187309012457,1.0386734286208537,1204.3259079511572,9.383750838928563
1957,215.0,208.22496909832324,423.22496909832324,1.0386734286208537,1214.4154531755278,10.089545224370568
1958,215.0,210.34889237508935,425.34889237508935,1.0386734286208537,1224.1165927672623,9.701139591734545
1959,215.0,214.44709046362615,429.4470904636262,1.0386734286208537,1234.1282019022476,10.011609134985292
1960,215.0,218.81883565563655,433.8188356556366,1.0386734286208537,1244.5075817456495,10.37937984340192
1961,215.0,224.59797580858205,439.5979758085821,1.0273688805761167,1254.3802511958486,9.872669450199055
1962,215.0,224.56491415846932,439.5649141584693,1.0286336117988735,1263.309040789733,8.928789593884403
1963,215.0,231.44847602366914,446.4484760236692,1.0303815209511082,1273.7555559005618,10.446515110828841
1964,215.0,229.70272576816996,444.70272576816996,1.0388161109745009,1283.4716763617018,9.716120461140008
1965,215.0,233.7121636365794,448.71216363657936,1.0466500135860857,1294.381278334033,10.909601972331075
1966,215.0,235.251836915052,450.25183691505197,1.0309948094306236,1302.7719171358874,8.390638801854493
1967,215.0,239.17333671769057,454.1733367176906,1.0343317923476247,1311.9528917414113,9.180974605523943
1968,215.0,240.0700010272064,455.0700010272064,1.0390130401356572,1320.9965812297664,9.043689488355085
1969,215.0,241.81515974676304,456.815159746763,1.03733064240917,1329.4360494845275,8.439468254761096
1970,215.0,244.94654067199508,459.9465406719951,1.044520863970062,1338.8715578297526,9.435508345225116
1971,215.0,248.76207785759098,463.76207785759095,1.0311148875281522,1346.9118716509242,8.040313821171594
1972,215.0,256.04497069059664,471.04497069059664,1.0410234769727889,1357.7242721691123,10.812400518188042
1973,215.0,255.60237187520235,470.6023718752024,1.0237676802553786,1365.0487002091918,7.3244280400795105
1974,215.0,258.8376989548787,473.8376989548787,1.0255205419074267,1372.8689701003636,7.820269891171847
1975,215.0,261.71079484263964,476.71079484263964,1.0294434565934747,1381.2900304641814,8.421060363817787
1976,215.0,266.11259910976634,481.11259910976634,1.0411371895645516,1391.7422768592212,10.452246395039765
1977,215.0,269.5931488630674,484.5931488630674,1.04310064917037,1402.4690048227415,10.726727963520261
1978,215.0,272.7548380298701,487.7548380298701,1.038188476513601,1412.4592096021609,9.9902047794194
1979,215.0,276.282103452212,491.282103452212,1.0481297495588873,1423.813267230946,11.354057628785085
1980,210.94999730878948,279.7152927768357,490.6652900856252,1.054811359742319,1434.589561755492,10.776294524546074
1981,207.46940093654123,281.48962262623303,488.9590235627743,1.0453494500609413,1442.4274030306792,7.837841275187202
1982,196.9955325905592,290.3138617386215,487.3093943291807,1.0607031737894599,1450.8423382810965,8.41493525041733
1983,201.33424834490552,285.25634640067585,486.59059474558137,1.0432038431370887,1455.8561373939147,5.013799112818106
1984,214.1098013886646,288.3160050399723,502.4258064286369,1.0308940203039962,1463.9514032029247,8.095265809010016
1985,211.68781958124762,290.7718115359584,502.4596311172061,1.024425100745979,1470.2898629740062,6.338459771081489
1986,211.8802949566715,293.2029897176004,505.0832846742719,1.0354513129905416,1478.3119530347228,8.022090060716664
1987,203.0665267237203,297.6636160553672,500.7301427790875,1.0403399650985459,1484.675017271999,6.363064237276149
1988,213.4200979600624,297.990817919549,511.41091587961137,1.0222870139004354,1491.415564195644,6.74054692364507
1989,215.39297055815703,299.2419704961214,514.6349410542784,1.0267543659990674,1499.1124041888957,7.696839993251615
1990,213.067226438452,302.9738366007256,516.0410630391775,1.030736205492146,1506.989713134319,7.877308945423238
1991,208.59217395984714,316.0443104403371,524.6364844001843,1.0498448088618946,1519.4938815765042,12.504168442185346
1992,188.55869530114643,298.3385526293896,486.897247930536,1.0436593028024648,1517.2488680891875,-2.2450134873167826
1993,202.27256580009686,298.32968740051797,500.6022532006148,1.0224136274039968,1516.83337285093,-0.41549523825756296
1994,205.68900371387048,306.8975623385286,512.5865660523991,1.0257079106974367,1520.9160994512345,4.082726600304568
1995,201.59890198611336,295.94589077222037,497.54479275833376,1.006485120188085,1516.7695755417074,-4.1465239095271045
1996,211.8482157274342,293.32614251621055,505.17435824364475,1.0050644518952168,1515.4095946002055,-1.3599809415018171
1997,205.35217180687872,315.2255,520.5776718068787,1.0260210342142024,1522.3494057151072,6.939811114901659
1998,214.55891059798697,297.786,512.344910597987,1.0215154558941881,1525.1473435576602,2.797937842552983
1999,223.82980784756984,290.18649999999997,514.0163078475698,0.9979967817046644,1524.7339414470557,-0.41340211060446563
2000,220.46950858496152,286.167,506.63650858496146,1.0,1522.2173047130148,-2.516636734040958
2001,217.96732870445126,293.96279999999996,511.93012870445125,1.004280591928866,1522.3772930117607,0.15998829874592957
2002,212.04069110285803,308.4886,520.529291102858,1.0092659254714755,1526.111604208214,3.734311196453291
2003,215.0561386511653,313.4844,528.5405386511653,1.0091672020984297,1532.0774490811189,5.965844872904881
2004,213.89326659131277,321.4202,535.3134665913128,1.0045178825485648,1538.9379498434257,6.860500762306856
2005,205.11959739490823,328.966,534.0855973949083,1.001520616854982,1544.1741504532213,5.23620060979556
2006,217.5182194951289,339.5914,557.109619495129,0.9963837241195741,1555.6857468313347,11.511596378113381
2007,217.93524947521394,340.1068,558.042049475214,1.0019042846930941,1567.0620829405516,11.376336109216936
2008,221.99327197373375,344.2622,566.2554719737337,0.9845580445936346,1577.1778757228576,10.115792782306016
2009,219.24247806663436,353.1976,572.4400780666344,0.9914712628139848,1589.298621402424,12.120745679566426
2010,222.65891598040798,359.223,581.8819159804079,0.979929226472326,1601.3250565877936,12.026435185369564
2011,222.8112923192852,364.4245,587.2357923192852,0.979929226472326,1613.757808433007,12.432751845213488
2012,213.70079121588887,373.586,587.2867912158889,0.979929226472326,1624.7918463283077,11.034037895300571
2013,225.01673932935032,378.0775,603.0942393293503,0.979929226472326,1639.8122570888986,15.020410760590948
2014,216.49168415953494,389.899,606.3906841595349,0.979929226472326,1654.2157088298902,14.403451740991613
2015,210.13999677054736,401.9505,612.0904967705474,0.979929226472326,1668.8695575172142,14.653848687323944
2016,217.28564508315839,399.27200000000005,616.5576450831584,0.979929226472326,1683.336463569893,14.46690605267895
2017,215.0,406.7735,621.7735,0.979929226472326,1697.886030802709,14.549567232815889
2018,215.0,413.58500000000004,628.585,0.979929226472326,1713.0380630132115,15.152032210502512
2019,215.0,427.4565,642.4565,0.979929226472326,1731.0654999502415,18.02743693702996
2020,215.0,427.918,642.918,0.979929226472326,1747.1933441020274,16.127844151785894
