,natemis,Antr+BB,Totemis,ch4lifetime_fact,Conc,Trend
1950,215.0,165.44423622518232,380.4442362251823,0.9900099900099899,1155.5888391151168,
1951,215.0,181.5398843317661,396.5398843317661,0.9900099900099899,1156.7064330402316,1.117593925114761
1952,215.0,187.68166589082924,402.6816658908292,0.9900099900099899,1159.7359270660077,3.0294940257761027
1953,215.0,193.63020581337207,408.6302058133721,0.9900099900099899,1164.3973365998527,4.661409533845017
1954,215.0,199.15880242379365,414.15880242379365,0.9900099900099899,1170.3670598356935,5.969723235840775
1955,215.0,204.36717252240715,419.36717252240715,0.9900099900099899,1177.3911205143427,7.024060678649221
1956,215.0,211.13917046441813,426.13917046441816,0.9900099900099899,1185.8693526276024,8.478232113259764
1957,215.0,217.36410999746863,432.36410999746863,0.9900099900099899,1195.4560405456505,9.586687918048028
1958,215.0,220.52987679908665,435.52987679908665,0.9900099900099899,1205.0108846107448,9.554844065094358
1959,215.0,225.6699184124753,440.66991841247534,0.9900099900099899,1215.1926206177188,10.181736006974006
1960,215.0,231.08350712933756,446.0835071293376,0.9900099900099899,1226.0212439633556,10.828623345636743
1961,215.0,239.81707031491294,454.81707031491294,0.9832246039142591,1237.6822799119345,11.661035948578956
1962,215.0,242.73843169743012,457.7384316974301,0.9828209764918625,1248.9373429670604,11.255063055125902
1963,215.0,252.57641659525984,467.57641659525984,0.9808988764044944,1261.931703200399,12.994360233338512
1964,215.0,253.78508937239053,468.78508937239053,0.9943820224719102,1275.5698626567125,13.638159456313588
1965,215.0,260.7489502734299,475.7489502734299,0.9990958408679929,1290.5831438178807,15.013281161168152
1966,215.0,265.2430465845324,480.2430465845324,0.9891500904159132,1304.1235329582773,13.540389140396655
1967,215.0,272.1189694198009,487.1189694198009,0.9945750452079567,1319.1258300731092,15.00229711483189
1968,215.0,275.9700567619466,490.9700567619466,0.9936708860759491,1333.5998124785951,14.473982405485913
1969,215.0,280.66963851413317,495.66963851413317,0.9850885368126747,1346.8504068927205,13.250594414125317
1970,215.0,286.7554424719951,501.7554424719951,1.0018083182640147,1362.8711294708037,16.020722578083223
1971,215.0,296.29479715759095,511.29479715759095,0.9891500904159132,1378.5478177591963,15.676688288392597
1972,215.0,309.7925504905967,524.7925504905967,0.9990958408679929,1398.3042056603097,19.756387901113385
1973,215.0,321.5097804752024,536.5097804752024,0.9850885368126747,1417.768148814642,19.463943154332355
1974,215.0,323.90781625487864,538.9078162548786,0.9898876404494381,1436.5105446510051,18.74239583636313
1975,215.0,317.6599241426396,532.6599241426396,0.9963833634719712,1451.9973178873504,15.486773236345243
1976,215.0,332.4310155097663,547.4310155097663,1.0081374321880652,1472.3287076619022,20.33138977455178
1977,215.0,331.86937666306744,546.8693766630674,1.0055917986952472,1489.8467065627642,17.51799890086204
1978,215.0,341.8147800298701,556.8147800298701,1.015370705244123,1510.1269126520729,20.28020608930865
1979,215.0,343.8016532522121,558.8016532522121,1.011754068716094,1528.299085287945,18.17217263587213
1980,215.0,336.43435957683573,551.4343595768357,1.014911463187325,1542.472656266749,14.173570978804037
1981,215.0,319.944026226233,534.9440262262331,1.011183597390494,1549.047475304115,6.574819037366069
1982,215.0,325.4862880386215,540.4862880386215,1.0195712954333644,1557.9761922218338,8.928716917718702
1983,215.0,314.78340390067586,529.7834039006759,1.0074557315936628,1560.5558378883452,2.5796456665113965
1984,215.0,313.6218524399723,528.6218524399724,1.0027958993476236,1561.7550825102762,1.1992446219310295
1985,215.0,312.6892946359584,527.6892946359584,0.9900542495479203,1560.5425761625268,-1.2125063477494677
1986,215.0,315.3279750176004,530.3279750176005,1.0027958993476236,1562.309831901505,1.7672557389782924
1987,215.0,317.2485140553672,532.2485140553672,1.0027124773960217,1564.504649624159,2.194817722653852
1988,215.0,321.411691319549,536.4116913195489,0.9953401677539611,1566.7005932548886,2.1959436307297437
1989,215.0,324.1105786961214,539.1105786961214,1.0041493775933612,1570.9033991415436,4.2028058866549145
1990,213.229158495527,328.0908796007256,541.3200380962526,1.007233273056058,1575.842262607375,4.938863465831446
1991,230.46401973376058,341.6898806403371,572.1539003740977,1.0144665461121156,1591.5740448350068,15.731782227631811
1992,187.08466023758422,321.75928362938964,508.84394386697386,1.011183597390494,1584.0308627725315,-7.543182062475353
1993,201.07742439463695,320.736322800518,521.813747195155,1.0027958993476236,1580.346981281567,-3.6838814909644952
1994,209.91391164352387,332.26831963852857,542.1822312820525,1.0009319664492078,1583.549537725728,3.2025564441610186
1995,200.85765603448098,324.2177472722203,525.0754033067013,0.988245931283906,1578.7222084559764,-4.827329269751544
1996,212.4591393800404,327.5188030162106,539.977942396251,0.9953401677539611,1580.5037997010547,1.781591245078289
1997,217.02081046246136,350.5117382000001,567.5325486624614,0.9981916817359855,1591.6784076634626,11.17460796240789
1998,202.568436978653,330.2514803,532.8199172786531,0.9960567823343849,1589.740618842429,-1.937788821033564
1999,215.78806866900686,321.97082819999997,537.7588968690068,0.985307621671258,1587.951134546527,-1.789484295901957
2000,226.5622479195188,321.0746415,547.6368894195188,1.0,1591.9685726676532,4.017438121126133
2001,215.0509626165587,322.0038254,537.0547880165586,0.9924026590693258,1590.8262329078646,-1.1423397597886833
2002,216.04073174324364,329.2447249,545.2854566432436,0.9933523266856601,1592.694757995925,1.8685250880605508
2003,213.98055262609702,336.95281180000006,550.9333644260971,0.9895536562203229,1595.622523464078,2.927765468152984
2004,208.00169259421529,346.8821553,554.8838478942153,0.9925442684063377,1600.0081231248316,4.385599660753542
2005,205.4572700159953,351.53041470000005,556.9876847159953,0.9870129870129869,1603.709814495855,3.701691371023344
2006,211.2339594451393,361.5815305,572.8154899451392,0.986013986013986,1612.0819580779657,8.372143582110766
2007,223.672583039232,357.22785230000005,580.900435339232,0.986013986013986,1622.188030094,10.106072016034204
2008,228.03049543871128,358.4336323,586.4641277387113,0.9687203791469194,1630.1051889928776,7.9171588988776875
2009,235.04040686312868,359.7836666,594.8240734631287,0.9696969696969695,1640.0499716171537,9.944782624276058
2010,224.2663857353366,365.82240210000003,590.0887878353367,0.9658767772511849,1646.6255323795936,6.5755607624398635
2011,247.4109003803281,367.0318972,614.442797580328,0.9658767772511849,1660.5145742884777,13.88904190888411
2012,216.66762554529598,370.96316160000003,587.630787145296,0.9658767772511849,1663.9173436148267,3.4027693263490164
2013,222.88330630031555,370.2459324,593.1292387003156,0.9658767772511849,1668.750254039072,4.832910424245256
2014,220.24898314608367,377.00284780000004,597.2518309460837,0.9658767772511849,1674.3925316796776,5.642277640605698
2015,215.0,381.5206772,596.5206772,0.9658767772511849,1679.1423243453505,4.749792665672885
2016,215.0,369.4090335000001,584.4090335000001,0.9658767772511849,1679.3308503891974,0.18852604384687766
2017,215.0,370.1151464,585.1151464,0.9658767772511849,1679.731666056475,0.400815667277584
2018,215.0,373.18654800000013,588.1865480000001,0.9658767772511849,1681.1041924988456,1.3725264423705994
2019,215.0,381.5144058,596.5144058000001,0.9658767772511849,1685.0785070878376,3.9743145889920015
2020,215.0,375.00440580000003,590.0044058000001,0.9658767772511849,1686.4373639893668,1.3588569015291796
