,natemis,Antr+BB,Totemis,ch4lifetime_fact,Conc,Trend
1950,215.0,163.17450659965715,378.17450659965715,1.0082976017871197,1156.9193001069914,
1951,215.0,179.19507276100282,394.19507276100285,1.008017040016338,1159.1599761916104,2.2406760846190537
1952,215.0,185.26177237482784,400.26177237482784,1.0077364782455562,1163.1349186369084,3.974942445297984
1953,215.0,191.13523035213254,406.13523035213257,1.0074559164747743,1168.5867585359151,5.4518398990067
1954,215.0,196.588745017316,411.588745017316,1.0071753547039928,1175.2113498537778,6.624591317862723
1955,215.0,201.72203317069142,416.7220331706914,1.0068947929332108,1182.7714198594545,7.560070005676607
1956,215.0,208.41894916746426,423.41894916746423,1.006614231162429,1191.6817006078993,8.910280748444848
1957,215.0,214.5688067552767,429.5688067552767,1.0063336693916476,1201.609640545388,9.927939937488645
1958,215.0,217.6594916116566,432.65949161165656,1.0060531076208656,1211.425340100996,9.815699555608035
1959,215.0,222.72445127980714,437.7244512798071,1.005772545850084,1221.7964215243546,10.371081423358646
1960,215.0,228.0629580514313,443.06295805143134,1.0054919840793022,1232.7512556910308,10.954834166676164
1961,215.0,236.72050668084023,451.72050668084023,1.0052114223085205,1245.3264042767873,12.575148585756551
1962,215.0,239.56585350719098,454.565853507191,1.0049308605377387,1257.410323508809,12.083919232021572
1963,215.0,249.3278238488543,464.32782384885434,1.0046502987669568,1271.3540422720075,13.943718763198603
1964,215.0,250.4604820698185,465.4604820698185,1.004369736996175,1284.08368453574,12.729642263732558
1965,215.0,257.3483284146914,472.3483284146914,1.0040891752253935,1297.6451609778942,13.561476442154117
1966,215.0,261.76641016962753,476.76641016962753,1.0038086134546116,1311.1247393071355,13.479578329241349
1967,215.0,268.56631844872953,483.56631844872953,1.0035280516838299,1325.3217346180002,14.196995310864622
1968,215.0,272.34139123470885,487.34139123470885,1.0032474899130481,1339.1508137864134,13.829079168413273
1969,215.0,276.9649584307289,491.9649584307289,1.0029669281422664,1352.9340351242247,13.783221337811256
1970,215.0,282.9747478324244,497.9747478324244,1.0026863663714847,1367.136046839783,14.202011715558228
1971,215.0,292.39338546227265,507.39338546227265,1.0036125027400429,1383.0032256216214,15.867178781838447
1972,215.0,305.77288904383573,520.7728890438357,1.0045386391086013,1401.6676599578805,18.66443433625909
1973,215.0,317.30180353705,532.30180353705,1.0054647754771595,1422.2058555780545,20.538195620174065
1974,215.0,319.6737152945646,534.6737152945645,1.006390911845718,1441.371210864824,19.165355286769454
1975,215.0,313.4687162301143,528.4687162301143,1.0073170482142761,1456.4711732073029,15.099962342478875
1976,215.0,328.0681369115893,543.0681369115894,1.0082431845828346,1474.8708392275878,18.39966602028494
1977,215.0,327.50971043294277,542.5097104329427,1.009169320951393,1491.1713994356774,16.300560208089564
1978,215.0,337.29152495073333,552.2915249507333,1.0100954573199512,1509.0436108110132,17.872211375335837
1979,215.0,339.2625001945196,554.2625001945196,1.0110215936885096,1525.7211723929963,16.677561581983127
1980,215.0,331.9744129863428,546.9744129863428,1.0119477300570678,1538.2634177341938,12.542245341197486
1981,215.0,315.6808105870111,530.6808105870111,1.0119166428840465,1543.99751957784,5.734101843646158
1982,215.0,321.2350753555989,536.2350753555988,1.0118855557110251,1550.9363834061774,6.938863828337389
1983,215.0,310.5807537196765,525.5807537196765,1.0118544685380038,1553.5617545419188,2.6253711357414886
1984,215.0,309.44370211114114,524.4437021111412,1.0118233813649828,1555.5136323085594,1.951877766640564
1985,215.0,308.5329440305821,523.532944030582,1.0117922941919613,1556.9418638333218,1.4282315247623956
1986,215.0,311.14209539675954,526.1420953967595,1.01176120701894,1559.0738455326218,2.131981699300013
1987,215.0,313.06531577001317,528.0653157700132,1.0117301198459188,1561.6036520826287,2.5298065500069242
1988,215.0,317.1635669480235,532.1635669480236,1.0116990326728972,1565.209707981932,3.6060558993033283
1989,215.0,319.83132361261084,534.8313236126108,1.011667945499876,1569.2974179443277,4.087709962395593
1990,196.74772668865427,323.79183660072556,520.5395632893799,1.0116368583268547,1568.1793110177246,-1.1181069266031045
1991,198.2364378165914,335.4818104403371,533.7182482569285,1.009824235180017,1571.2894914761766,3.110180458452078
1992,187.79558900194488,316.3955526293896,504.1911416313345,1.0015337334334637,1562.983825599598,-8.305665876578587
1993,189.79585223160905,315.00618740051794,504.802039632127,0.996844693397186,1555.0906336927326,-7.893191906865468
1994,197.35571953699662,322.1935623385285,519.5492818755251,1.0084558263903243,1554.7426817340213,-0.3479519587112918
1995,197.11477002867338,309.8613907722203,506.9761608008937,1.0030031148607326,1549.4351369540716,-5.307544779949694
1996,209.69448889653663,309.1011425162106,518.7956314127472,1.0102506923191272,1549.7339715997148,0.29883464564318274
1997,210.47768420635288,332.86,543.3376842063528,1.0119030530084048,1558.3989191282387,8.664947528523953
1998,209.4890943325314,317.28000000000003,526.7690943325315,0.9861864069689835,1556.6542700516295,-1.744649076609221
1999,218.13505086211853,311.53999999999996,529.6750508621185,1.0063414517912073,1559.176793389443,2.5225233378134817
2000,224.43379724003518,309.38,533.8137972400352,1.0,1561.8267022419914,2.6499088525483785
2001,209.41124316982896,313.65,523.0612431698289,0.99386928520895,1559.6643665492343,-2.1623356927570967
2002,214.11349174689514,324.65000000000003,538.7634917468952,0.9928679555766652,1562.8014749522908,3.1371084030565726
2003,210.067351186169,326.12,536.187351186169,0.9864340504659566,1563.721945930883,0.9204709785922205
2004,215.94404838269085,330.53000000000003,546.4740483826909,0.979133650893039,1566.7898000246385,3.067854093755386
2005,208.63713125161553,334.55,543.1871312516155,0.9699646792990931,1566.9338475117438,0.14404748710535387
2006,219.32569205221733,340.45,559.7756920522173,0.9658283605068321,1571.8806490558497,4.946801544105938
2007,218.0672449705479,336.24,554.3072449705479,0.9597038162268151,1573.4262879648684,1.5456389090186349
2008,221.76288071196748,335.67,557.4328807119675,0.9643339070369527,1576.6007051017386,3.174417136870261
2009,224.22978858618197,339.88,564.1097885861819,0.9671398996221703,1582.0873189738504,5.486613872111775
2010,221.6122031167196,341.18,562.7922031167196,0.9580604117459025,1584.9842031768947,2.8968842030442374
2011,234.96775986419928,342.69,577.6577598641993,0.9585228838411334,1592.5479306995069,7.563727522612226
2012,214.6834019506841,348.16,562.8434019506841,0.9675752373720371,1595.8518943611,3.303963661593116
2013,213.16365728260934,348.96,562.1236572826093,0.9662389595250078,1598.3133020033185,2.4614076422185462
2014,219.12119513617802,357.09000000000003,576.211195136178,0.96907901809612,1605.6364621535283,7.323160150209787
2015,212.69994127272804,365.45,578.149941272728,0.9707424683795629,1613.0397800487,7.403317895171767
2016,204.5384273311009,358.0,562.5384273311009,0.952027984493153,1611.2169096816588,-1.8228703670413324
2017,216.96409157036751,360.73,577.6940915703675,0.9603792558988442,1616.069551590734,4.852641909075146
2018,218.8718073210817,362.77000000000004,581.6418073210817,0.9619692714083327,1621.941410551681,5.8718589609470655
2019,213.25609550943,371.87,585.12609550943,0.963559286917821,1628.5621522003182,6.6207416486372495
2020,215.0,367.56,582.56,0.9651493024273095,1633.841542583996,5.2793903836777645
