,natemis,Antr+BB,Totemis,ch4lifetime_fact,Conc,Trend
1950,215.0,148.86472757401697,363.86472757401697,1.1198738170347002,1163.4482690134894,
1951,215.0,164.4119307263549,379.4119307263549,1.1198738170347002,1171.4206548635282,7.9723858500387905
1952,215.0,170.00526733117223,385.00526733117226,1.1198738170347002,1180.4469801171567,9.026325253628556
1953,215.0,175.4053622994692,390.4053622994692,1.1198738170347002,1190.3552192073269,9.908239090170127
1954,215.0,180.38551395564497,395.38551395564497,1.1198738170347002,1200.9152154650228,10.559996257695957
1955,215.0,185.0454391000126,400.0454391000126,1.1198738170347002,1211.9535797296583,11.038364264635447
1956,215.0,191.26899208777778,406.26899208777775,1.1198738170347002,1223.9434990457114,11.989919316053147
1957,215.0,196.94548666658253,411.9454866665825,1.1198738170347002,1236.6052775199987,12.661778474287303
1958,215.0,199.56280851395465,414.5628085139547,1.1198738170347002,1248.8491312447786,12.24385372477991
1959,215.0,204.15440517309747,419.1544051730975,1.1198738170347002,1261.3767673672235,12.527636122444846
1960,215.0,209.0195489357139,424.01954893571394,1.1198738170347002,1274.2505547695876,12.873787402364087
1961,215.0,217.19785480015165,432.1978548001516,1.113564668769716,1287.901013816441,13.650459046853484
1962,215.0,219.56395886153115,434.56395886153115,1.1159305993690851,1301.185555335161,13.284541518720062
1963,215.0,228.84668643822317,443.8466864382232,1.1175078864353312,1316.3728251464568,15.187269811295664
1964,215.0,229.50010189421624,444.50010189421624,1.1190851735015772,1330.3910711607564,14.01824601429962
1965,215.0,235.90870547411788,450.9087054741179,1.1175078864353312,1344.9511225940228,14.56005143326638
1966,215.0,239.84754446408272,454.8475444640827,1.1064668769716088,1358.1461086911236,13.19498609710081
1967,215.0,246.1682099782135,461.1682099782135,1.1056782334384858,1372.0036783838607,13.857569692737115
1968,215.0,249.46403999922154,464.46403999922154,1.1054131054131053,1385.5028223236677,13.499143939807027
1969,215.0,253.6083644302704,468.6083644302704,1.0962145110410093,1397.9499191412126,12.447096817544889
1970,215.0,259.1389110669947,474.1389110669947,1.1017350157728707,1411.582904676779,13.632985535566377
1971,215.0,264.2792956760135,479.2792956760135,1.107312440645774,1426.1614033624353,14.578498685656314
1972,215.0,272.45721733515404,487.45721733515404,1.0949667616334284,1440.5266649400908,14.365261577655474
1973,215.0,275.97436854007793,490.97436854007793,1.0864197530864197,1453.5462691040427,13.019604163951954
1974,215.0,277.58300816315733,492.58300816315733,1.092117758784425,1466.432096314058,12.88582721001535
1975,215.0,278.92569799309183,493.92569799309183,1.0892687559354226,1478.075930428425,11.643834114366882
1976,215.0,286.19073893967834,501.19073893967834,1.090218423551757,1491.0439471593027,12.968016730877707
1977,215.0,290.52582612135245,505.52582612135245,1.0816714150047484,1503.0346422481055,11.990695088802795
1978,215.0,292.98308376747053,507.98308376747053,1.0721747388414056,1513.3679389731096,10.333296725004175
1979,215.0,298.58114099630916,513.5811409963092,1.0796529968454258,1525.4413590547624,12.073420081652785
1980,215.0,300.435685537013,515.435685537013,1.0978157644824313,1539.1790539833808,13.737694928618339
1981,215.0,296.68287020073063,511.68287020073063,1.0788224121557457,1547.7980762094385,8.619022226057723
1982,215.0,304.65710214976906,519.6571021497691,1.0858490566037737,1559.0866777509714,11.288601541532898
1983,215.0,298.6784287123529,513.6784287123529,1.0683760683760681,1564.880946927905,5.79426917693354
1984,215.0,302.2370817851458,517.2370817851458,1.0826210826210825,1573.1505862306044,8.269639302699488
1985,215.0,302.9504467045176,517.9504467045176,1.0759734093067426,1579.9034595363444,6.752873305739968
1986,215.0,308.4034370412448,523.4034370412448,1.0664767331433995,1586.4698073926547,6.566347856310358
1987,215.0,312.778527186872,527.778527186872,1.0597156398104266,1592.8589894059023,6.389182013247591
1988,215.0,316.78079953316467,531.7807995331647,1.056980056980057,1599.514773534987,6.655784129084623
1989,215.0,320.55968800249383,535.5596880024939,1.0503323836657168,1605.7714460041302,6.256672469143268
1990,215.0,323.79183660072556,538.7918366007256,1.0556603773584907,1613.1926432743708,7.421197270240555
1991,215.0,335.4818104403371,550.4818104403371,1.0797752808988763,1627.0869467296473,13.894303455276486
1992,215.0,316.3955526293896,531.3955526293896,1.074688796680498,1632.4556883481719,5.368741618524609
1993,215.0,315.00618740051794,530.006187400518,1.0382022471910113,1631.534569790505,-0.9211185576668868
1994,215.0,322.1935623385285,537.1935623385285,1.053932584269663,1635.4151556300026,3.8805858394975985
1995,215.0,309.8613907722203,524.8613907722204,1.0258426966292136,1630.5966893774453,-4.8184662525573
1996,215.0,309.1011425162106,524.1011425162105,1.0126182965299684,1624.016535558876,-6.580153818569215
1997,215.0,332.86,547.86,1.0674157303370786,1634.1768445579005,10.160308999024437
1998,215.0,317.28000000000003,532.28,1.0443396226415094,1634.7356598400743,0.5588152821737822
1999,215.0,311.53999999999996,526.54,1.0058091286307054,1627.435446883538,-7.30021295653637
2000,225.33464648533754,309.38,534.7146464853375,1.0,1622.7415098680976,-4.6939370154402695
2001,213.90725818028523,313.65,527.5572581802852,1.0141509433962264,1618.4177279548132,-4.323781913284392
2002,206.08713084067384,324.65000000000003,530.7371308406739,1.02909796314258,1617.9068289736779,-0.5108989811353695
2003,209.0015641978755,326.12,535.1215641978755,1.0404494382022471,1620.598178195895,2.6913492222170134
2004,211.85378132861666,330.53000000000003,542.3837813286167,1.0337078651685394,1624.412851929021,3.8146737331260283
2005,218.12985384089802,334.55,552.679853840898,1.0112359550561796,1627.796661702772,3.3838097737511816
2006,219.0184620026358,340.45,559.4684620026358,1.0146067415730338,1633.5867620221711,5.790100319399016
2007,216.66730312367744,336.24,552.9073031236775,1.0258426966292136,1638.2922516810195,4.705489658848364
2008,219.12283847034666,335.67,554.7928384703466,1.0,1639.0488272634411,0.7565755824216467
2009,222.3235176760374,339.88,562.2035176760373,1.0078651685393258,1643.4391592837087,4.390332020267579
2010,226.60960973237948,341.18,567.7896097323795,1.0024896265560168,1648.3359793638347,4.896820080125963
2011,221.89235666632754,342.69,564.5823566663275,1.0024896265560168,1651.6206528434727,3.284673479638059
2012,216.87255692976458,348.16,565.0325569297646,1.0024896265560168,1654.6877851235904,3.0671322801176757
2013,225.04080496585394,348.96,574.000804965854,1.0024896265560168,1660.3901161288893,5.702331005298902
2014,224.25213535169536,357.09000000000003,581.3421353516953,1.0024896265560168,1667.892966851085,7.502850722195717
2015,222.68572023447146,365.45,588.1357202344715,1.0024896265560168,1676.81326658731,8.920299736224933
2016,227.65943387735993,358.0,585.6594338773599,1.0024896265560168,1683.9145529388043,7.101286351494309
2017,230.3672479145878,360.73,591.0972479145878,1.0024896265560168,1692.027973354535,8.113420415730843
2018,230.83945968551512,362.77000000000004,593.6094596855152,1.0024896265560168,1700.0689804614974,8.041007106962297
2019,237.65747052156087,371.87,609.5274705215609,1.0024896265560168,1712.4970833808168,12.428102919319372
2020,237.0142281363306,367.56,604.5742281363306,1.0024896265560168,1721.8917320392752,9.394648658458436
