,natemis,Antr+BB,Totemis,ch4lifetime_fact,Conc,Trend
1950,215.0,145.69132180652684,360.69132180652684,1.0247219712311393,1152.9186839871857,
1951,215.0,161.13354968984004,376.13354968984004,1.0244368393312933,1151.405409565321,-1.5132744218647076
1952,215.0,166.62191102563256,381.6219110256326,1.0241517074314475,1151.8518649009052,0.44645533558423267
1953,215.0,171.91703072490478,386.91703072490475,1.0238665755316017,1153.9786243284002,2.126759427495017
1954,215.0,176.79220711205573,391.79220711205573,1.0235814436317556,1157.4614519822023,3.4828276538021328
1955,215.0,181.34715698739865,396.34715698739865,1.0232963117319098,1162.044757083117,4.583305100914686
1956,215.0,187.46573470613905,402.4657347061391,1.023011179832064,1168.1271129713477,6.0823558882307225
1957,215.0,193.03725401591896,408.03725401591896,1.0227260479322182,1175.3616159793785,7.234503008030742
1958,215.0,195.54960059426637,410.5496005942664,1.0224409160323724,1182.604412645112,7.242796665733522
1959,215.0,200.03622198438438,415.0362219843844,1.0221557841325264,1190.5103890305136,7.905976385401573
1960,215.0,204.79639047797613,419.79639047797616,1.0218706522326806,1199.0970977870495,8.586708756535927
1961,215.0,212.86841715028493,427.8684171502849,1.0215855203328348,1209.389943240889,10.29284545383939
1962,215.0,215.12824201953555,430.12824201953555,1.021300388432989,1219.2688944016068,9.878951160717861
1963,215.0,224.30469040409875,439.3046904040988,1.021015256533143,1231.077746044811,11.808851643204207
1964,215.0,224.85182666796288,439.8518266679629,1.0207301246332972,1241.7354459574092,10.657699912598218
1965,215.0,231.1541510557357,446.1541510557357,1.0204449927334514,1253.2808644646643,11.545418507255135
1966,215.0,234.98671085357168,449.9867108535717,1.0201598608336055,1264.7947972425343,11.513932777869968
1967,215.0,241.20109717557358,456.2010971755736,1.0198747289337597,1277.0716492916636,12.276852049129275
1968,215.0,244.3906480044528,459.3906480044528,1.0195895970339137,1289.0214325185675,11.949783226903946
1969,215.0,248.42869324337278,463.4286932433728,1.019304465134068,1300.9615038298157,11.940071311248175
1970,215.0,253.8529606879682,468.8529606879682,1.0190193332342221,1313.3529476185706,12.391443788754941
1971,215.0,257.52620629587904,472.52620629587904,1.0199605556308,1325.7165489516904,12.363601333119732
1972,215.0,264.8182405958808,479.8182405958808,1.0209017780273781,1339.2600870082379,13.543538056547504
1973,215.0,267.14971892758393,482.14971892758393,1.021843000423956,1352.2071154796856,12.947028471447766
1974,215.0,268.7846400384715,483.7846400384715,1.0227842228205342,1364.3937943784244,12.186678898738819
1975,215.0,271.109550132768,486.109550132768,1.0237254452171123,1376.1349823143255,11.741187935901053
1976,215.0,275.151199176438,490.151199176438,1.0246666676136902,1388.0521317131665,11.917149398841048
1977,215.0,277.8837806829508,492.8837806829508,1.0256078900102683,1399.6926321098688,11.640500396702237
1978,215.0,279.1532573379765,494.1532573379765,1.0265491124068462,1410.6022375091377,10.909605399268912
1979,215.0,283.509905097283,498.509905097283,1.0274903348034243,1421.8890986081713,11.286861099033558
1980,215.0,282.39789700257745,497.39789700257745,1.0284315572000022,1431.695449293654,9.806350685482812
1981,215.0,277.70632086781643,492.70632086781643,1.0283999636415508,1438.8648286105356,7.169379316881532
1982,215.0,285.44898160510485,500.44898160510485,1.0283683700830994,1447.8198152110094,8.95498660047383
1983,215.0,279.2322937007664,494.2322937007664,1.0283367765246483,1453.7238212519642,5.904006040954755
1984,215.0,284.2736509570633,499.2736509570633,1.0283051829661969,1460.6536784939794,6.9298572420152595
1985,215.0,287.21176940850773,502.21176940850773,1.0282735894077457,1467.7978205066293,7.144142012649809
1986,215.0,291.2706380860499,506.2706380860499,1.028241995849294,1475.5053793792736,7.707558872644313
1987,215.0,295.5911049346384,510.5911049346384,1.0282104022908427,1483.8016320533027,8.29625267402912
1988,215.0,299.50593861356083,514.5059386135608,1.0281788087323915,1492.487246867583,8.68561481428037
1989,215.0,304.6665974459152,519.6665974459152,1.0281472151739401,1501.933768558684,9.446521691100997
1990,207.13777445155313,307.914041620146,515.0518160716991,1.0281156216154888,1508.807797219661,6.8740286609770465
1991,206.4189161040385,320.68279532797294,527.1017114320114,1.0253040594539398,1518.5386844213172,9.73088720165606
1992,194.53550769894048,304.53940686846767,499.07491456740814,1.022492497292391,1517.4849887936405,-1.0536956276766887
1993,199.9311640200513,305.54609779725865,505.47726181730997,1.019680935130842,1518.272673011403,0.7876842177624894
1994,202.9940352402028,317.597620646701,520.5916558869038,1.0168693729692933,1523.5911460296622,5.318473018259283
1995,197.44693511447778,312.19366926980626,509.6406043842841,1.0140578108077443,1524.274877211376,0.6837311817137106
1996,207.20103192719466,314.27731063372306,521.4783425609178,1.0112462486461955,1528.4046072331332,4.129730021757268
1997,217.73968242650653,337.39423398689746,555.133916413404,1.0084346864846467,1542.8403479978126,14.435740764679394
1998,212.1138313815474,318.3664476301497,530.4802790116971,1.0056231243230978,1547.0612438004352,4.2208958026226355
1999,216.99656031183122,313.54878980346416,530.5453501152954,1.0028115621615488,1550.4090804114,3.347836610964805
2000,224.30553653458136,315.2590354804872,539.5645720150686,1.0,1555.9500241357937,5.540943724393628
2001,212.51997324232056,315.6535417996881,528.1735150420087,0.9972303853728057,1556.6640654295652,0.7140412937715155
2002,212.1704320233259,322.5524780298677,534.7229100531936,0.9944607707456116,1559.044845543046,2.380780113480796
2003,211.94485638005466,328.93805732438307,540.8829137044377,0.9916911561184175,1562.7719666517937,3.727121108747724
2004,211.43839792487432,336.0629318005267,547.5013297254011,0.9889215414912234,1567.8412807391246,5.069314087330895
2005,214.9095743035305,342.20939793202444,557.1189722355549,0.9861519268640292,1575.0909209478375,7.24964020871289
2006,211.9578219242644,352.88884852886645,564.8466704531309,0.9833823122368349,1583.6404772566705,8.549556308832962
2007,220.7534076670482,350.1027628899805,570.8561705570287,0.9806126976096409,1592.7651851097814,9.124707853110976
2008,226.26119336847543,353.6885615404862,579.9497549089616,0.9862691313599595,1604.7852568449096,12.020071735128113
2009,227.79548429501534,355.1745289722293,582.9700132672447,0.9919255651102782,1617.3604203091725,12.575163464262914
2010,222.70559512358187,360.86969570672267,583.5752908303045,0.9975819988605968,1629.630222416823,12.269802107650548
2011,231.1165900907369,366.86200176465536,597.9785918553923,0.9982952851331266,1645.4200680539918,15.78984563716881
2012,214.23806968250926,372.93936189598577,587.1774315784951,0.9990085714056565,1655.969613948566,10.549545894574067
2013,219.16898297119255,372.12612208235606,591.2951050535486,0.9997218576781862,1666.8205462279143,10.850932279348399
2014,228.10570225698547,379.6360199266544,607.7417221836399,1.000435143950716,1682.0338833794078,15.213337151493533
2015,219.00148484941846,386.38580047504416,605.3872853244626,0.99758407518491,1694.288925007154,12.255041627746095
2016,213.7915772904531,378.3196319917136,592.1112092821667,0.9947330064191041,1700.2828428555163,5.993917848362344
2017,220.463654903922,383.4074474991411,603.8711024030631,0.9918819376532981,1709.022298508834,8.739455653317691
2018,222.41348146598264,388.5484716668797,610.9619531328624,0.9952698352126487,1719.7075289192667,10.685230410432723
2019,219.24138085349597,399.41284493865857,618.6542257921545,0.9986577327719993,1732.322717147838,12.615188228571242
2020,215.0,396.9719628374015,611.9719628374015,1.0208161755200762,1745.0175112067272,12.694794058889329
