,natemis,Antr+BB,Totemis,ch4lifetime_fact,Conc,Trend
1950,215.0,163.17450659965715,378.17450659965715,1.0,1155.9828542179025,
1951,215.0,179.19507276100282,394.19507276100285,1.0,1157.4237275665664,1.4408733486638994
1952,215.0,185.26177237482784,400.26177237482784,1.0,1160.7174681973065,3.2937406307401034
1953,215.0,191.13523035213254,406.13523035213257,1.0,1165.5924520856706,4.874983888364113
1954,215.0,196.588745017316,411.588745017316,1.0,1171.73220188836,6.139749802689266
1955,215.0,201.72203317069142,416.7220331706914,1.0,1178.8887832293306,7.156581340970661
1956,215.0,208.41894916746426,423.41894916746423,1.0,1187.4674806291139,8.578697399783323
1957,215.0,214.5688067552767,429.5688067552767,1.0,1197.1274308261482,9.659950197034277
1958,215.0,217.6594916116566,432.65949161165656,1.0,1206.7318911562586,9.604460330110442
1959,215.0,222.72445127980714,437.7244512798071,1.0,1216.9425529168575,10.210661760598896
1960,215.0,228.0629580514313,443.06295805143134,1.0,1227.7823598504453,10.839806933587852
1961,215.0,236.72050668084023,451.72050668084023,1.0,1240.2828200157437,12.500460165298364
1962,215.0,239.56585350719098,454.565853507191,1.0,1252.3282832212835,12.045463205539818
1963,215.0,249.3278238488543,464.32782384885434,1.0,1266.266080612851,13.937797391567528
1964,215.0,250.4604820698185,465.4604820698185,1.0,1279.0193131127883,12.753232499937212
1965,215.0,257.3483284146914,472.3483284146914,1.0,1292.6313941108483,13.612080998060037
1966,215.0,261.76641016962753,476.76641016962753,1.0,1306.1861727307898,13.554778619941544
1967,215.0,268.56631844872953,483.56631844872953,1.0,1320.4808542764918,14.294681545701906
1968,215.0,272.34139123470885,487.34139123470885,1.0,1334.428317394748,13.947463118256337
1969,215.0,276.9649584307289,491.9649584307289,1.0,1348.3491484533552,13.920831058607064
1970,215.0,282.9747478324244,497.9747478324244,1.0,1362.7065684556687,14.357420002313575
1971,215.0,292.39338546227265,507.39338546227265,1.0,1378.5834625959722,15.87689414030342
1972,215.0,305.77288904383573,520.7728890438357,1.0,1397.12474032964,18.541277733667812
1973,215.0,317.30180353705,532.30180353705,1.0,1417.417656796885,20.29291646724505
1974,215.0,319.6737152945646,534.6737152945645,1.0,1436.2258682989948,18.80821150210977
1975,215.0,313.4687162301143,528.4687162301143,1.0,1450.8680013048947,14.64213300589995
1976,215.0,328.0681369115893,543.0681369115894,1.0,1468.7177985025135,17.849797197618727
1977,215.0,327.50971043294277,542.5097104329427,1.0,1484.3835470672389,15.66574856472539
1978,215.0,337.29152495073333,552.2915249507333,1.0,1501.5428541274364,17.159307060197534
1979,215.0,339.2625001945196,554.2625001945196,1.0,1517.4352124056838,15.892358278247457
1980,215.0,331.9744129863428,546.9744129863428,1.0,1529.12838530998,11.693172904296262
1981,215.0,315.6808105870111,530.6808105870111,1.0,1534.1026395343438,4.974254224363676
1982,215.0,321.2350753555989,536.2350753555988,1.0,1540.3639943478527,6.261354813508888
1983,215.0,310.5807537196765,525.5807537196765,1.0,1542.3869273941507,2.0229330462980215
1984,215.0,309.44370211114114,524.4437021111412,1.0,1543.8058401942922,1.4189128001414701
1985,215.0,308.5329440305821,523.532944030582,1.0,1544.7634966394355,0.9576564451433569
1986,215.0,311.14209539675954,526.1420953967595,1.0,1546.4801872438848,1.7166906044492407
1987,215.0,313.06531577001317,528.0653157700132,1.0,1548.6431871483237,2.162999904438948
1988,215.0,317.1635669480235,532.1635669480236,1.0,1551.9246539934593,3.281466845135583
1989,215.0,319.83132361261084,534.8313236126108,1.0,1555.7244149557855,3.799760962326218
1990,203.46046503508242,323.79183660072556,527.252301635808,1.0,1556.5824081998728,0.8579932440873108
1991,203.86480763910888,335.4818104403371,539.346618079446,1.0,1561.3597602691755,4.777352069302651
1992,192.99593815610623,316.3955526293896,509.3914907854959,1.0,1555.65680295162,-5.7029573175555015
1993,197.53013600762725,315.00618740051794,512.5363234081452,1.0,1551.6365214696666,-4.020281481953361
1994,201.6702175992425,322.1935623385285,523.863779937771,1.0,1551.827215492743,0.19069402307650307
1995,198.42425222373905,309.8613907722203,508.2856429959594,1.0,1546.8244672835438,-5.002748209199353
1996,207.98618316435926,309.1011425162106,517.0873256805698,1.0,1545.3041205657873,-1.5203467177564107
1997,214.82762962942098,332.86,547.687629629421,1.0,1554.1136004392054,8.809479873418013
1998,212.48904469996359,317.28000000000003,529.7690446999636,1.0,1555.9875396616262,1.8739392224208586
1999,217.9089641525754,311.53999999999996,529.4489641525754,1.0,1557.5453837005375,1.5578440389112984
2000,223.84146230918932,309.38,533.2214623091893,1.0,1560.181301002376,2.63591730183839
2001,212.14445447990562,313.65,525.7944544799057,1.0,1560.0562365643248,-0.12506443805114031
2002,212.8758216861255,324.65000000000003,537.5258216861255,1.0,1563.8401015242791,3.7838649599543714
2003,211.72546899530604,326.12,537.8454689953061,1.0,1567.3064122520982,3.4663107278190637
2004,213.08436107609737,330.53000000000003,543.6143610760973,1.0,1572.2999266500085,4.993514397910303
2005,212.75712594098638,334.55,547.3071259409865,1.0,1577.9603493324537,5.660422682445187
2006,214.2753006005639,340.45,554.7253006005639,1.0,1585.4498780486892,7.489528716235554
2007,219.2960049118257,336.24,555.5360049118257,1.0,1592.3699641609949,6.920086112305626
2008,223.58951985494042,335.67,559.2595198549404,1.0,1599.7514492195369,7.381485058542012
2009,225.71980135560707,339.88,565.599801355607,1.0,1608.4114617609573,8.660012541420429
2010,221.51078875464103,341.18,562.6907887546411,1.0,1615.1359908426066,6.72452908164928
2011,231.70388323857958,342.69,574.3938832385795,1.0,1624.9931120183896,9.85712117578305
2012,214.9830507354091,348.16,563.1430507354091,1.0,1630.0111453754664,5.018033357076774
2013,217.41204857078336,348.96,566.3720485707834,1.0,1635.539366542708,5.528221167241554
2014,224.21455529617825,357.09000000000003,581.3045552961783,1.0,1645.4063263574956,9.866959814787606
2015,216.73377395544077,365.45,582.1837739554408,1.0,1654.4603895039097,9.054063146414137
2016,211.4816056757864,358.0,569.4816056757863,1.0,1658.2834260825682,3.8230365786585025
2017,219.41648958015332,360.73,580.1464895801533,1.0,1665.219239684271,6.9358136017028755
2018,220.87595683236208,362.77000000000004,583.6459568323621,1.0,1672.5403052495276,7.321065565256504
2019,217.1260225955851,371.87,588.9960225955851,1.0,1680.81790240371,8.277597154182331
2020,215.0,367.56,582.56,1.0,1686.031834244335,5.213931840625037
