,natemis,Antr+BB,Totemis,ch4lifetime_fact,Conc,Trend
1950,215.0,140.0104525128931,355.0104525128931,1.0247219712311393,1151.0302561552483,
1951,215.0,155.2647590189582,370.2647590189582,1.0244368393312935,1147.7733879284729,-3.2568682267753957
1952,215.0,160.56519897750266,375.56519897750263,1.0241517074314475,1146.6052796514655,-1.1681082770073772
1953,215.0,165.67239729952678,380.6723972995268,1.0238665755316017,1147.2324263851046,0.6271467336391652
1954,215.0,170.3596523094297,385.3596523094297,1.0235814436317558,1149.318049714765,2.085623329660393
1955,215.0,174.7266808075245,389.72668080752453,1.02329631173191,1152.59538562074,3.277335905974951
1956,215.0,180.6573371490168,395.6573371490168,1.023011179832064,1157.4530542998452,4.857668679105245
1957,215.0,186.04093508154867,401.0409350815487,1.0227260479322182,1163.5352860557607,6.082231755915473
1958,215.0,188.36536028264797,403.365360282648,1.0224409160323724,1169.6903299966532,6.155043940892483
1959,215.0,192.664060295518,407.66406029551797,1.0221557841325266,1176.5660377344532,6.875707737799985
1960,215.0,197.23630741186156,412.23630741186156,1.0218706522326808,1184.1736963264175,7.607658591964309
1961,215.0,205.11807849022705,420.11807849022705,1.0215855203328348,1193.5323536643305,9.358657337912973
1962,215.0,207.1876477655343,422.1876477655343,1.021300388432989,1202.5170937688258,8.984740104495359
1963,215.0,216.17384055615415,431.1738405561541,1.021015256533143,1213.467360718501,10.950266949675097
1964,215.0,216.530721226075,431.530721226075,1.0207301246332974,1223.2982275672089,9.830866848707956
1965,215.0,222.6427900199044,437.6427900199044,1.0204449927334514,1234.0451138987867,10.746886331577798
1966,215.0,226.28509422379705,441.28509422379705,1.0201598608336055,1244.7857423314767,10.740628432690073
1967,215.0,232.3092249518556,447.30922495185564,1.0198747289337597,1256.3117812322137,11.526038900736921
1968,215.0,235.30852018679144,450.30852018679144,1.019589597033914,1267.5308055370235,11.219024304809864
1969,215.0,239.15630983176808,454.1563098317681,1.019304465134068,1278.7580020937055,11.227196556681974
1970,215.0,244.39032168242014,459.3903216824201,1.0190193332342221,1290.4525229697108,11.6945208760053
1971,215.0,249.2500236569801,464.2500236569801,1.0199605556308002,1302.5882726460527,12.135749676341902
1972,215.0,257.1728277174416,472.1728277174416,1.0209017780273784,1316.1366345120034,13.54836186595071
1973,215.0,260.25257580258824,475.25257580258824,1.0218430004239563,1329.334608639279,13.197974127275529
1974,215.0,261.75608614159665,476.75608614159665,1.0227842228205342,1341.698937012471,12.364328373192166
1975,215.0,262.9879199985267,477.9879199985267,1.0237254452171123,1353.232909103135,11.533972090663838
1976,215.0,269.88077697352765,484.88077697352765,1.0246666676136902,1365.9113632041976,12.678454101062698
1977,215.0,273.963154930751,488.963154930751,1.0256078900102683,1378.6764201489812,12.76505694478351
1978,215.0,276.2604287421843,491.2604287421843,1.0265491124068462,1390.9271533147353,12.250733165754127
1979,215.0,281.5334355614996,496.5334355614996,1.0274903348034243,1403.7111721264234,12.784018811688156
1980,215.0,283.2799933041633,498.2799933041633,1.0284315572000022,1415.7996339640779,12.08846183765445
1981,215.0,279.7228833024812,494.7228833024812,1.0283999636415508,1425.3786691200426,9.579035155964675
1982,215.0,287.61463066683257,502.61463066683257,1.0283683700830997,1436.5292705923919,11.150601472349308
1983,215.0,281.5577046073275,496.5577046073275,1.0283367765246483,1444.441806135413,7.912535543021022
1984,215.0,284.9536362831875,499.9536362831875,1.028305182966197,1452.6133836234997,8.171577488086768
1985,215.0,285.63759742417085,500.63759742417085,1.0282735894077455,1460.1139450834291,7.500561459929486
1986,215.0,290.77781253724584,505.77781253724584,1.028241995849294,1468.4984662240433,8.384521140614197
1987,215.0,295.02494838641707,510.02494838641707,1.028210402290843,1477.3732429328525,8.874776708809122
1988,215.0,298.6755905767461,513.6755905767461,1.0281788087323915,1486.48625585491,9.113012922057578
1989,215.0,302.17109081824873,517.1710908182488,1.0281472151739404,1495.759799969273,9.273544114362949
1990,195.859372138931,305.2999200711051,501.1592922100361,1.0281156216154888,1498.6905927741875,2.9307928049145175
1991,196.4677865234781,318.81183287573293,515.279619399211,1.02530405945394,1505.6011819151545,6.910589140966977
1992,186.22954503459533,299.49068782266335,485.7202328572587,1.022492497292391,1501.5308801043266,-4.070301810827914
1993,187.33483185418655,299.5481852918242,486.88301714601073,1.0196809351308422,1497.8968821656122,-3.6339979387144012
1994,194.24032411385,310.39650696329267,504.6368310771427,1.0168693729692933,1500.1638985221007,2.2670163564885115
1995,196.26542045954338,305.56039716107193,501.82581762061534,1.0140578108077443,1500.8442988155668,0.6804002934661639
1996,208.3748607752008,307.45705920620384,515.8319199814047,1.0112462486461955,1505.697706844731,4.853408029164257
1997,210.57397740266572,331.457796516877,542.0317739195427,1.0084346864846467,1518.3064736093238,12.608766764592701
1998,209.1911838875435,315.50915615703855,524.700340044582,1.0056231243230978,1523.3421960847782,5.0357224754543495
1999,217.52201870655188,309.5890972813972,527.111115987949,1.002811562161549,1528.199345531293,4.857149446514768
2000,223.5473177914537,310.3755556419565,533.9228734334102,1.0,1534.3540203588466,6.154674827553663
2001,208.76739978844725,313.1005194228316,521.8679192112788,0.995914002735031,1535.1987177285157,0.8446973696691202
2002,212.5426383460839,322.47491151980734,535.0175498658912,0.991828005470062,1539.6888467067351,4.490128978219445
2003,209.4704631541179,328.33133481161764,537.8017979657355,0.987742008205093,1543.9654193842152,4.27657267748009
2004,218.0441344921813,339.1599047856282,557.2040392778096,0.9836560109401239,1553.5564876027552,9.591068218539931
2005,209.43411713475498,346.62478641877203,556.058903553527,0.9795700136751548,1561.0309110247172,7.474423421962001
2006,219.66477835127023,356.7053574534424,576.3701358047126,0.9754840164101859,1573.7326715756492,12.701760550932022
2007,218.52915094169083,355.2617524896731,573.7909034313639,0.9713980191452168,1583.4596906234112,9.727019047762042
2008,220.73970219562665,360.75844432030715,581.4981465159337,0.977052169906687,1595.5549661580667,12.095275534655457
2009,225.16131562752406,364.45377111581536,589.6150867433394,0.9827063206681571,1609.8874177761345,14.332451618067807
2010,222.0698885088719,371.1593157300012,593.2292042388731,0.9883604714296271,1624.7146691372009,14.827251361066374
2011,236.78903992011058,372.924998542445,609.7140384625555,0.9889882341230849,1643.4384384866548,18.72376934945396
2012,215.0776771228679,381.0856580369786,596.1633351598465,0.9896159968165429,1655.6538996686807,12.21546118202582
2013,213.66667097656892,381.87778643760544,595.5444574141743,0.9902437595100009,1666.3888473826853,10.734947714004647
2014,220.38733015363204,388.1687589286987,608.5560890823308,0.9908715222034588,1680.3349539298729,13.946106547187583
2015,214.02416939645465,398.732,612.7561693964547,0.9908600068687826,1694.0995008801144,13.764546950241538
2016,204.99377754132416,390.97880000000004,595.9725775413242,0.9908484915341064,1700.7394450876457,6.639944207531244
2017,218.8150981385997,393.4056,612.2206981385997,0.9908369761994302,1712.0202662630963,11.280821175450683
2018,219.12510429468114,395.1424,614.2675042946812,0.9924774178789595,1722.9888734701715,10.968607207075138
2019,214.5585473649176,403.9392,618.4977473649176,0.9941178595584886,1734.4078068880372,11.418933417865674
2020,215.0,399.326,614.326,0.9957583012380179,1743.4402534850774,9.032446597040234
