,natemis,Antr+BB,Totemis,ch4lifetime_fact,Conc,Trend
1950,215.0,145.69132180652684,360.69132180652684,1.0,1150.1782699641674,
1951,215.0,161.13354968984004,376.13354968984004,1.0,1146.2724858029476,-3.905784161219799
1952,215.0,166.62191102563256,381.6219110256326,1.0,1144.6262215096126,-1.6462642933349798
1953,215.0,171.91703072490478,386.91703072490475,1.0,1144.9223200803997,0.29609857078708046
1954,215.0,176.79220711205573,391.79220711205573,1.0,1146.8038695303903,1.8815494499906436
1955,215.0,181.34715698739865,396.34715698739865,1.0,1149.98702831762,3.1831587872295586
1956,215.0,187.46573470613905,402.4657347061391,1.0,1154.8451943299488,4.858166012328866
1957,215.0,193.03725401591896,408.03725401591896,1.0,1161.0091880264072,6.163993696458419
1958,215.0,195.54960059426637,410.5496005942664,1.0,1167.3171210434325,6.307933017025334
1959,215.0,200.03622198438438,415.0362219843844,1.0,1174.4083545485307,7.0912335050982165
1960,215.0,204.79639047797613,419.79639047797616,1.0,1182.2860024638442,7.877647915313446
1961,215.0,212.86841715028493,427.8684171502849,1.0,1191.9615783270447,9.675575863200493
1962,215.0,215.12824201953555,430.12824201953555,1.0,1201.3040612665568,9.342482939512138
1963,215.0,224.30469040409875,439.3046904040988,1.0,1212.6471328064843,11.34307153992745
1964,215.0,224.85182666796288,439.8518266679629,1.0,1222.9017725986248,10.254639792140551
1965,215.0,231.1541510557357,446.1541510557357,1.0,1234.1006299835094,11.198857384884604
1966,215.0,234.98671085357168,449.9867108535717,1.0,1245.3179952886305,11.21736530512112
1967,215.0,241.20109717557358,456.2010971755736,1.0,1257.3425853221165,12.024590033485993
1968,215.0,244.3906480044528,459.3906480044528,1.0,1269.0797406937436,11.737155371627068
1969,215.0,248.42869324337278,463.4286932433728,1.0,1280.8433537699493,11.76361307620573
1970,215.0,253.8529606879682,468.8529606879682,1.0,1293.0907010815351,12.247347311585827
1971,215.0,257.52620629587904,472.52620629587904,1.0,1305.1862628341369,12.095561752601725
1972,215.0,264.8182405958808,479.8182405958808,1.0,1318.3485068824914,13.162244048354523
1973,215.0,267.14971892758393,482.14971892758393,1.0,1330.8110446385672,12.46253775607579
1974,215.0,268.7846400384715,483.7846400384715,1.0,1342.4209587225641,11.609914083996955
1975,215.0,271.109550132768,486.109550132768,1.0,1353.5028005236707,11.08184180110652
1976,215.0,275.151199176438,490.151199176438,1.0,1364.685672131297,11.182871607626339
1977,215.0,277.8837806829508,492.8837806829508,1.0,1375.5236382965377,10.837966165240687
1978,215.0,279.1532573379765,494.1532573379765,1.0,1385.5695533793412,10.045915082803504
1979,215.0,283.509905097283,498.509905097283,1.0,1395.9370737914542,10.367520412112981
1980,215.0,282.39789700257745,497.39789700257745,1.0,1404.774543363745,8.837469572290729
1981,215.0,277.70632086781643,492.70632086781643,1.0,1411.064831463179,6.290288099434065
1982,215.0,285.44898160510485,500.44898160510485,1.0,1419.2214319028724,8.15660043969342
1983,215.0,279.2322937007664,494.2322937007664,1.0,1424.4007362690568,5.179304366184397
1984,215.0,284.2736509570633,499.2736509570633,1.0,1430.6738915244612,6.27315525540439
1985,215.0,287.21176940850773,502.21176940850773,1.0,1437.2201235831917,6.5462320587305385
1986,215.0,291.2706380860499,506.2706380860499,1.0,1444.3809557498826,7.160832166690852
1987,215.0,295.5911049346384,510.5911049346384,1.0,1452.1744242056377,7.793468455755146
1988,215.0,299.50593861356083,514.5059386135608,1.0,1460.395018441593,8.220594235955332
1989,215.0,304.6665974459152,519.6665974459152,1.0,1469.4085389345191,9.01352049292609
1990,203.46046503508242,307.914041620146,511.3745066552284,1.0,1474.65976025644,5.251221321920866
1991,203.86480763910888,320.68279532797294,524.5476029670818,1.0,1483.6965949059754,9.036834649535422
1992,192.99593815610623,304.53940686846767,497.53534502457387,1.0,1482.7532456876556,-0.9433492183197814
1993,197.53013600762725,305.54609779725865,503.0762338048859,1.0,1483.755151459318,1.0019057716624502
1994,201.6702175992425,317.597620646701,519.2678382459435,1.0,1490.0206408686029,6.265489409284783
1995,198.42425222373905,312.19366926980626,510.6179214935453,1.0,1492.7127271153672,2.6920862467643474
1996,207.98618316435926,314.27731063372306,522.2634937980823,1.0,1498.9698210530814,6.257093937714217
1997,214.82762962942098,337.39423398689746,552.2218636163184,1.0,1514.4727715847462,15.502950531664737
1998,212.48904469996359,318.3664476301497,530.8554923301133,1.0,1521.1460141017417,6.673242516995515
1999,217.9089641525754,313.54878980346416,531.4577539560396,1.0,1527.2720087983253,6.125994696583575
2000,223.84146230918932,315.2590354804872,539.1004977896765,1.0,1535.2495384376907,7.977529639365457
2001,212.14445447990562,315.6535417996881,527.7979962795937,1.0,1538.5812839317807,3.3317454940900006
2002,212.8758216861255,322.5524780298677,535.4282997159933,1.0,1544.0733067346653,5.492022802884549
2003,211.72546899530604,328.93805732438307,540.6635263196891,1.0,1550.6885317488593,6.6152250141940385
2004,213.08436107609737,336.0629318005267,549.1472928766241,1.0,1559.3797400526855,8.691208303826215
2005,212.75712594098638,342.20939793202444,554.9665238730108,1.0,1569.0298320984714,9.650092045785868
2006,214.2753006005639,352.88884852886645,567.1641491294304,1.0,1581.6491292484923,12.619297150020884
2007,219.2960049118257,350.1027628899805,569.3987678018062,1.0,1593.597355658078,11.948226409585686
2008,223.58951985494042,353.6885615404862,577.2780813954266,1.0,1606.8237438660353,13.22638820795737
2009,225.71980135560707,355.1745289722293,580.8943303278364,1.0,1619.7697996505199,12.946055784484543
2010,221.51078875464103,360.86969570672267,582.3804844613637,1.0,1631.7597000864514,11.989900435931531
2011,231.70388323857958,366.86200176465536,598.5658850032349,1.0,1647.7807962313702,16.02109614491883
2012,214.9830507354091,372.93936189598577,587.9224126313949,1.0,1658.4742722887775,10.693476057407224
2013,217.41204857078336,372.12612208235606,589.5381706531394,1.0,1668.5068445723532,10.032572283575746
2014,224.21455529617825,379.6360199266544,603.8505752228326,1.0,1682.167922484618,13.661077912264773
2015,216.73377395544077,386.38580047504416,603.1195744304849,1.0,1694.0566672623474,11.888744777729471
2016,211.4816056757864,378.3196319917136,589.8012376675,1.0,1700.1924117290434,6.135744466695996
2017,219.41648958015332,383.4074474991411,602.8239370792944,1.0,1709.9647960660668,9.772384337023368
2018,220.87595683236208,388.5484716668797,609.4244284992418,1.0,1720.8343905461381,10.869594480071328
2019,217.1260225955851,399.41284493865857,616.5388675342436,1.0,1732.8489758232324,12.014585277094284
2020,215.0,396.9719628374015,611.9719628374015,1.0,1742.0020293920534,9.153053568820951
