,natemis,Antr+BB,Totemis,ch4lifetime_fact,Conc,Trend
1950,215.0,145.72559245704448,360.7255924570445,1.0082976017871197,1151.1236594515142,
1951,215.0,161.1689540027448,376.16895400274484,1.008017040016338,1148.0217348117826,-3.1019246397315783
1952,215.0,166.6584490009245,381.6584490009245,1.0077364782455562,1147.0570131754764,-0.9647216363061943
1953,215.0,171.95470236258384,386.9547023625838,1.0074559164747743,1147.9275635786971,0.8705504032207045
1954,215.0,176.831012412122,391.831012412122,1.0071753547039928,1150.2896074547243,2.362043876027201
1955,215.0,181.387095949852,396.387095949852,1.0068947929332108,1153.8706247617822,3.5810173070578912
1956,215.0,187.50680733097954,402.50680733097954,1.006614231162429,1159.0540011506043,5.183376388822126
1957,215.0,193.07946030314662,408.0794603031466,1.0063336693916476,1165.4793086450998,6.425307494495428
1958,215.0,195.59294054388116,410.5929405438811,1.0060531076208656,1171.9918578244326,6.5125491793328365
1959,215.0,200.08069559638636,415.08069559638636,1.005772545850084,1179.237226537139,7.245368712706295
1960,215.0,204.8419977523652,419.84199775236516,1.0054919840793022,1187.2241832136356,7.986956676496675
1961,215.0,212.9151721685548,427.9151721685548,1.0052114223085205,1196.9694780298712,9.745294816235628
1962,215.0,215.1761447816861,430.1761447816861,1.0049308605377387,1206.3463340502294,9.376856020358218
1963,215.0,224.35374091013003,439.35374091013,1.0046502987669568,1217.6922356101413,11.345901559911908
1964,215.0,224.902024917875,439.902024917875,1.004369736996175,1227.9212639049354,10.229028294794034
1965,215.0,231.2054970495285,446.2054970495285,1.0040891752253935,1239.068622410619,11.147358505683542
1966,215.0,235.0392045912452,450.0392045912452,1.0038086134546116,1250.2110593627083,11.142436952089383
1967,215.0,241.25473865712786,456.25473865712786,1.0035280516838299,1262.1394266033974,11.928367240689113
1968,215.0,244.44543722988774,459.4454372298877,1.0032474899130481,1273.7608670030525,11.621440399655057
1969,215.0,248.48463021268853,463.48463021268856,1.0029669281422664,1285.390750071353,11.629883068300614
1970,215.0,253.9100454011647,468.91004540116467,1.0026863663714847,1297.4877778783696,12.097027807016502
1971,215.0,257.57479257777885,472.57479257777885,1.0036125027400429,1309.5680640210614,12.080286142691875
1972,215.0,264.87815496199676,479.87815496199676,1.0045386391086013,1322.8437762955812,13.27571227451972
1973,215.0,267.174414913303,482.174414913303,1.0054647754771595,1335.520868276703,12.677091981121748
1974,215.0,268.77272781252634,483.77272781252634,1.006390911845718,1347.4363290007602,11.915460724057311
1975,215.0,271.02888398583644,486.02888398583644,1.0073170482142761,1358.8954027637446,11.459073762984417
1976,215.0,275.0518357547742,490.0518357547742,1.0082431845828346,1370.537555458057,11.642152694312472
1977,215.0,277.72254164205543,492.72254164205543,1.009169320951393,1381.8951190514379,11.357563593380746
1978,215.0,279.07729251334416,494.07729251334416,1.0100954573199512,1392.5643917447787,10.669272693340872
1979,215.0,283.36524243347924,498.36524243347924,1.0110215936885096,1403.597874952317,11.033483207538211
1980,215.0,282.2371159769046,497.2371159769046,1.0119477300570678,1413.157618257793,9.559743305476104
1981,215.0,277.5286029825358,492.5286029825358,1.0119166428840465,1420.0889611910504,6.931342933257383
1982,215.0,285.26941946839,500.26941946839,1.0118855557110251,1428.819075381713,8.730114190662562
1983,215.0,279.04267506764637,494.04267506764637,1.0118544685380038,1434.5083170434696,5.689241661756569
1984,215.0,284.0863192602393,499.0863192602393,1.0118233813649828,1441.23795123372,6.729634190250408
1985,215.0,287.0049229958179,502.0049229958179,1.0117922941919613,1448.1866161780788,6.948664944358825
1986,215.0,290.9973934447917,505.9973934447917,1.01176120701894,1455.6867271843366,7.500111006257839
1987,215.0,295.28841803933904,510.28841803933904,1.0117301198459188,1463.7762685624903,8.089541378153626
1988,215.0,299.1743864512828,514.1743864512828,1.0116990326728972,1472.255263735676,8.478995173185695
1989,215.0,304.2999708971575,519.2999708971574,1.011667945499876,1481.4922782405952,9.237014504919216
1990,200.3301288457454,307.58244894288526,507.91257778863064,1.0116368583268547,1485.9175032122268,4.425224971631678
1991,199.7503266400383,320.3405374138564,520.0908640538947,1.009824235180017,1493.637819301175,7.720316088948266
1992,184.67510149951386,304.1997961122732,488.87489761178705,1.0015337334334637,1488.930290546015,-4.707528755160183
1993,197.36691793433434,305.23302163145047,502.5999395657848,0.996844693397186,1488.6195683717003,-0.3107221743146056
1994,206.86238646048096,317.2848254228341,524.1472118833151,1.0084558263903243,1497.190026934796,8.570458563095599
1995,201.7570917407637,311.7473692430924,513.5044609838561,1.0030031148607326,1500.4785122824653,3.2884853476693934
1996,213.15982548765285,313.88494695523417,527.044772442887,1.0102506923191272,1508.953268789017,8.474756506551785
1997,219.11808678658687,337.0204142930985,556.1385010796854,1.0119030530084048,1526.392585882939,17.439317093922
1998,212.25503626636817,317.9406473511351,530.1956836175033,0.9861864069689835,1529.4099804885143,3.0173946055751912
1999,221.87093317633915,313.09385370096595,534.9647868773051,1.0063414517912073,1536.7239747723659,7.313994283851571
2000,227.84472784773624,314.79158226734603,542.6363101150823,1.0,1544.8170891530228,8.09311438065697
2001,206.6473954472032,315.2928524514628,521.940247898666,0.99386928520895,1544.1969623333152,-0.6201268197075933
2002,212.26455200956343,322.1007386331392,534.3652906427026,0.9928679555766652,1547.616523869783,3.419561536467654
2003,215.22835450612564,328.4756943824689,543.7040488885946,0.9864340504659566,1552.7504249072872,5.133901037504302
2004,212.63153770421576,335.7220642725255,548.3536019767412,0.979133650893039,1557.6917184882263,4.941293580939146
2005,212.49070626724972,341.88187367125875,554.3725799385085,0.9699646792990931,1562.58830982058,4.896591332353637
2006,213.71072289363457,352.4529993712408,566.1637222648753,0.9658283605068321,1570.1529389151212,7.56462909454126
2007,219.18200332427125,349.7789386288197,568.9609419530909,0.9597038162268151,1576.7534790397535,6.600540124632289
2008,228.68671106740234,353.30974763980123,581.9964587072036,0.9643339070369527,1587.6839516744674,10.930472634713851
2009,221.551417970207,355.2102928669951,576.7617108372021,0.9671398996221703,1596.0880807927108,8.404129118243418
2010,221.69514826634378,360.8548031390112,582.5499514053549,0.9580604117459025,1603.90585433902,7.817773546309127
2011,227.28038439645948,365.99466311704407,593.2750475135035,0.9585228838411334,1614.4490025173063,10.543148178286401
2012,209.97597491597992,372.97725290758524,582.9532278235652,0.9675752373720371,1621.8981700580355,7.4491675407291496
2013,213.54435145588445,372.6442144644898,586.1885659203742,0.9662389595250078,1629.3346829949687,7.436512936933241
2014,216.40412124879504,380.3961968225409,596.8003180713359,0.96907901809612,1639.917625366925,10.582942371956278
2015,206.32314747732138,387.4758223403408,593.7989698176622,0.9707424683795629,1648.5746891561173,8.657063789192307
2016,201.11929681211606,379.4876497908962,580.6069466030123,0.952027984493153,1648.5912823376582,0.01659318154088396
2017,215.0,385.0082127080213,600.0082127080213,0.9603792558988442,1656.5097034129953,7.918421075337164
2018,215.0,387.8058049137809,602.8058049137809,0.9619692714083327,1664.7183689167323,8.208665503736938
2019,215.0,394.70580491378087,609.7058049137809,0.963559286917821,1674.5449725602825,9.826603643550243
2020,215.0,388.1958049137809,603.1958049137809,0.9651493024273095,1681.3610226026249,6.81605004234234
