,natemis,Antr+BB,Totemis,ch4lifetime_fact,Conc,Trend
1950,215.0,140.0104525128931,355.0104525128931,1.0386734286208537,1152.5207561011043,
1951,215.0,155.2647590189582,370.2647590189582,1.0386734286208537,1150.6153993874425,-1.9053567136618312
1952,215.0,160.56519897750266,375.56519897750263,1.0386734286208537,1150.6799567876135,0.06455740017099743
1953,215.0,165.67239729952678,380.6723972995268,1.0386734286208537,1152.4363743826332,1.756417595019684
1954,215.0,170.3596523094297,385.3596523094297,1.0386734286208537,1155.5613620985253,3.1249877158920754
1955,215.0,174.7266808075245,389.72668080752453,1.0386734286208537,1159.799883022328,4.238520923802753
1956,215.0,180.6573371490168,395.6573371490168,1.0386734286208537,1165.5512247413906,5.751341719062566
1957,215.0,186.04093508154867,401.0409350815487,1.0386734286208537,1172.4692426637364,6.918017922345825
1958,215.0,188.36536028264797,403.365360282648,1.0386734286208537,1179.4097221902186,6.94047952648225
1959,215.0,192.664060295518,407.66406029551797,1.0386734286208537,1187.0269514639408,7.61722927372216
1960,215.0,197.23630741186156,412.23630741186156,1.0386734286208537,1195.3384831717228,8.311531707782024
1961,215.0,205.11807849022705,420.11807849022705,1.0273688805761167,1204.118977586647,8.780494414924078
1962,215.0,207.1876477655343,422.1876477655343,1.0286336117988735,1212.7682987715518,8.64932118490492
1963,215.0,216.17384055615415,431.1738405561541,1.0303815209511082,1223.6568425867958,10.88854381524402
1964,215.0,216.530721226075,431.530721226075,1.0388161109745009,1234.427441639592,10.770599052796115
1965,215.0,222.6427900199044,437.6427900199044,1.0466500135860857,1246.9423477980347,12.514906158442727
1966,215.0,226.28509422379705,441.28509422379705,1.0309948094306236,1257.5309852607236,10.588637462688894
1967,215.0,232.3092249518556,447.30922495185564,1.0343317923476247,1269.3556325739075,11.82464731318396
1968,215.0,235.30852018679144,450.30852018679144,1.0390130401356572,1281.4368113741277,12.081178800220187
1969,215.0,239.15630983176808,454.1563098317681,1.03733064240917,1293.2894695130913,11.852658138963534
1970,215.0,244.39032168242014,459.3903216824201,1.044520863970062,1306.444410964299,13.154941451207833
1971,215.0,249.2500236569801,464.2500236569801,1.0311148875281522,1318.1871934480557,11.742782483756628
1972,215.0,257.1728277174416,472.1728277174416,1.0410234769727889,1332.4861921021582,14.298998654102434
1973,215.0,260.25257580258824,475.25257580258824,1.0237676802553786,1344.1280115377983,11.641819435640173
1974,215.0,261.75608614159665,476.75608614159665,1.0255205419074267,1355.2127184813667,11.084706943568335
1975,215.0,262.9879199985267,477.9879199985267,1.0294434565934747,1365.9886076937057,10.775889212339052
1976,215.0,269.88077697352765,484.88077697352765,1.0411371895645516,1379.3517144739587,13.36310678025302
1977,215.0,273.963154930751,488.963154930751,1.04310064917037,1392.872303805385,13.520589331426208
1978,215.0,276.2604287421843,491.2604287421843,1.038188476513601,1405.0704148474902,12.19811104210521
1979,215.0,281.5334355614996,496.5334355614996,1.0481297495588873,1418.9679229713963,13.897508123906164
1980,215.0,283.2799933041633,498.2799933041633,1.054811359742319,1432.7982712293947,13.830348257998367
1981,215.0,279.7228833024812,494.7228833024812,1.0453494500609413,1442.7473801267406,9.949108897345923
1982,215.0,287.61463066683257,502.61463066683257,1.0607031737894599,1456.2245468880044,13.477166761263788
1983,215.0,281.5577046073275,496.5577046073275,1.0432038431370887,1463.972544856338,7.747997968333493
1984,215.0,284.9536362831875,499.9536362831875,1.0308940203039962,1470.3595086441378,6.386963787799914
1985,215.0,285.63759742417085,500.63759742417085,1.024425100745979,1475.3889327286963,5.029424084558514
1986,215.0,290.77781253724584,505.77781253724584,1.0354513129905416,1483.0872502278908,7.698317499194445
1987,215.0,295.02494838641707,510.02494838641707,1.0403399650985459,1492.0248677825891,8.937617554698363
1988,215.0,298.6755905767461,513.6755905767461,1.0222870139004354,1498.710020524235,6.685152741645879
1989,215.0,302.17109081824873,517.1710908182488,1.0267543659990674,1506.4508519691826,7.7408314449476165
1990,215.0,305.2999200711051,520.2999200711051,1.030736205492146,1514.9428832448073,8.49203127562464
1991,215.0,318.81183287573293,533.811832875733,1.0498448088618946,1529.645248698252,14.702365453444827
1992,215.0,299.49068782266335,514.4906878226634,1.0436593028024648,1535.4838318505706,5.838583152318506
1993,215.0,299.5481852918242,514.5481852918242,1.0224136274039968,1537.6989528121144,2.2151209615437892
1994,215.0,310.39650696329267,525.3965069632927,1.0257079106974367,1543.7522644166754,6.053311604561031
1995,215.0,305.56039716107193,520.5603971610719,1.006485120188085,1544.706300249159,0.9540358324836689
1996,215.0,307.45705920620384,522.4570592062039,1.0050644518952168,1545.9707613840224,1.264461134863268
1997,215.0,331.457796516877,546.457796516877,1.0260210342142024,1558.1640059491167,12.193244565094346
1998,215.0,315.50915615703855,530.5091561570385,1.0215154558941881,1563.0588226759571,4.894816726840418
1999,215.0,309.5890972813972,524.5890972813972,0.9979967817046644,1561.9033327493833,-1.155489926573864
2000,225.33464648533754,310.3755556419565,535.710202127294,1.0,1564.8775749177223,2.9742421683390603
2001,213.90725818028523,313.1005194228316,527.0077776031169,1.004280591928866,1565.2847200775548,0.4071451598324529
2002,206.08713084067384,322.47491151980734,528.5620423604812,1.0092659254714755,1566.919334655162,1.6346145776071808
2003,209.0015641978755,328.33133481161764,537.3328990094931,1.0091672020984297,1571.2707373893338,4.35140273417187
2004,211.85378132861666,339.1599047856282,551.0136861142448,1.0045178825485648,1578.9728866278804,7.7021492385465535
2005,218.12985384089802,346.62478641877203,564.75464025967,1.001520616854982,1589.91519418716,10.942307559279698
2006,219.0184620026358,356.7053574534424,575.7238194560782,0.9963837241195741,1602.468749194669,12.553555007508976
2007,216.66730312367744,355.2617524896731,571.9290556133506,1.0019042846930941,1613.2260743667057,10.757325172036644
2008,219.12283847034666,360.75844432030715,579.8812827906538,0.9845580445936346,1622.62623220747,9.400157840764223
2009,222.3235176760374,364.45377111581536,586.7772887918527,0.9914712628139848,1634.3799684149237,11.753736207453812
2010,226.60960973237948,371.1593157300012,597.7689254623807,0.979929226472326,1646.5424408417014,12.16247242677764
2011,221.89235666632754,372.924998542445,594.8173552087726,0.979929226472326,1656.3411341389556,9.798693297254204
2012,216.87255692976458,381.0856580369786,597.9582149667432,0.979929226472326,1666.0658262198135,9.724692080857949
2013,225.04080496585394,381.87778643760544,606.9185914034593,0.979929226472326,1677.6550592397643,11.589233019950825
2014,224.25213535169536,388.1687589286987,612.4208942803941,0.979929226472326,1689.7496175327433,12.094558292978945
2015,222.68572023447146,398.732,621.4177202344715,0.979929226472326,1703.4509660207693,13.701348488026042
2016,227.65943387735993,390.97880000000004,618.63823387736,0.979929226472326,1714.670388384023,11.21942236325367
2017,230.3672479145878,393.4056,623.7728479145878,0.979929226472326,1726.3152950651797,11.644906681156726
2018,230.83945968551512,395.1424,625.9818596855151,0.979929226472326,1737.366926291411,11.051631226231166
2019,237.65747052156087,403.9392,641.5966705215609,0.979929226472326,1752.3390365716418,14.972110280230936
2020,237.0142281363306,399.326,636.3402281363306,0.979929226472326,1763.8630144525143,11.523977880872508
