,natemis,Antr+BB,Totemis,ch4lifetime_fact,Conc,Trend
1950,215.0,145.72559245704448,360.7255924570445,1.0082976017871197,1151.1236594515142,
1951,215.0,161.1689540027448,376.16895400274484,1.008017040016338,1148.0217348117826,-3.1019246397315783
1952,215.0,166.6584490009245,381.6584490009245,1.0077364782455562,1147.0570131754764,-0.9647216363061943
1953,215.0,171.95470236258384,386.9547023625838,1.0074559164747743,1147.9275635786971,0.8705504032207045
1954,215.0,176.831012412122,391.831012412122,1.0071753547039928,1150.2896074547243,2.362043876027201
1955,215.0,181.387095949852,396.387095949852,1.0068947929332108,1153.8706247617822,3.5810173070578912
1956,215.0,187.50680733097954,402.50680733097954,1.006614231162429,1159.0540011506043,5.183376388822126
1957,215.0,193.07946030314662,408.0794603031466,1.0063336693916476,1165.4793086450998,6.425307494495428
1958,215.0,195.59294054388116,410.5929405438811,1.0060531076208656,1171.9918578244326,6.5125491793328365
1959,215.0,200.08069559638636,415.08069559638636,1.005772545850084,1179.237226537139,7.245368712706295
1960,215.0,204.8419977523652,419.84199775236516,1.0054919840793022,1187.2241832136356,7.986956676496675
1961,215.0,212.9151721685548,427.9151721685548,1.0052114223085205,1196.9694780298712,9.745294816235628
1962,215.0,215.1761447816861,430.1761447816861,1.0049308605377387,1206.3463340502294,9.376856020358218
1963,215.0,224.35374091013003,439.35374091013,1.0046502987669568,1217.6922356101413,11.345901559911908
1964,215.0,224.902024917875,439.902024917875,1.004369736996175,1227.9212639049354,10.229028294794034
1965,215.0,231.2054970495285,446.2054970495285,1.0040891752253935,1239.068622410619,11.147358505683542
1966,215.0,235.0392045912452,450.0392045912452,1.0038086134546116,1250.2110593627083,11.142436952089383
1967,215.0,241.25473865712786,456.25473865712786,1.0035280516838299,1262.1394266033974,11.928367240689113
1968,215.0,244.44543722988774,459.4454372298877,1.0032474899130481,1273.7608670030525,11.621440399655057
1969,215.0,248.48463021268853,463.48463021268856,1.0029669281422664,1285.390750071353,11.629883068300614
1970,215.0,253.9100454011647,468.91004540116467,1.0026863663714847,1297.4877778783696,12.097027807016502
1971,215.0,257.57479257777885,472.57479257777885,1.0036125027400429,1309.5680640210614,12.080286142691875
1972,215.0,264.87815496199676,479.87815496199676,1.0045386391086013,1322.8437762955812,13.27571227451972
1973,215.0,267.174414913303,482.174414913303,1.0054647754771595,1335.520868276703,12.677091981121748
1974,215.0,268.77272781252634,483.77272781252634,1.006390911845718,1347.4363290007602,11.915460724057311
1975,215.0,271.02888398583644,486.02888398583644,1.0073170482142761,1358.8954027637446,11.459073762984417
1976,215.0,275.0518357547742,490.0518357547742,1.0082431845828346,1370.537555458057,11.642152694312472
1977,215.0,277.72254164205543,492.72254164205543,1.009169320951393,1381.8951190514379,11.357563593380746
1978,215.0,279.07729251334416,494.07729251334416,1.0100954573199512,1392.5643917447787,10.669272693340872
1979,215.0,283.36524243347924,498.36524243347924,1.0110215936885096,1403.597874952317,11.033483207538211
1980,215.0,282.2371159769046,497.2371159769046,1.0119477300570678,1413.157618257793,9.559743305476104
1981,215.0,277.5286029825358,492.5286029825358,1.0119166428840465,1420.0889611910504,6.931342933257383
1982,215.0,285.26941946839,500.26941946839,1.0118855557110251,1428.819075381713,8.730114190662562
1983,215.0,279.04267506764637,494.04267506764637,1.0118544685380038,1434.5083170434696,5.689241661756569
1984,215.0,284.0863192602393,499.0863192602393,1.0118233813649828,1441.23795123372,6.729634190250408
1985,215.0,287.0049229958179,502.0049229958179,1.0117922941919613,1448.1866161780788,6.948664944358825
1986,215.0,290.9973934447917,505.9973934447917,1.01176120701894,1455.6867271843366,7.500111006257839
1987,215.0,295.28841803933904,510.28841803933904,1.0117301198459188,1463.7762685624903,8.089541378153626
1988,215.0,299.1743864512828,514.1743864512828,1.0116990326728972,1472.255263735676,8.478995173185695
1989,215.0,304.2999708971575,519.2999708971574,1.011667945499876,1481.4922782405952,9.237014504919216
1990,207.13777445155313,307.58244894288526,514.7202233944383,1.0116368583268547,1488.1790343939597,6.686756153364513
1991,206.4189161040385,320.3405374138564,526.7594535178948,1.009824235180017,1497.863297980819,9.684263586859288
1992,194.53550769894048,304.1997961122732,498.73530381121367,1.0015337334334637,1495.957245020061,-1.906052960757961
1993,199.9311640200513,305.23302163145047,505.1641856515018,0.996844693397186,1495.708872679436,-0.24837234062511016
1994,202.9940352402028,317.2848254228341,520.2788606630369,1.0084558263903243,1502.2061618928751,6.497289213439217
1995,197.44693511447778,311.7473692430924,509.1943043575702,1.0030031148607326,1503.5031471106283,1.2969852177532175
1996,207.20103192719466,313.88494695523417,521.0859788824289,1.0102506923191272,1509.662673477339,6.159526366710679
1997,217.73968242650653,337.0204142930985,554.760096719605,1.0119030530084048,1526.565412412574,16.902738935234993
1998,212.1138313815474,317.9406473511351,530.0544787326826,0.9861864069689835,1529.516383964873,2.950971552299052
1999,216.99656031183122,313.09385370096595,530.0904140127972,1.0063414517912073,1535.1996672018522,5.68328323697915
2000,224.30553653458136,314.79158226734603,539.0971188019274,1.0,1542.2884133331343,7.0887461312820506
2001,212.51997324232056,315.2928524514628,527.8128256937833,0.99386928520895,1543.9020033236832,1.6135899905489168
2002,212.1704320233259,322.1007386331392,534.2711706564651,0.9928679555766652,1547.3235501278364,3.421546804153195
2003,211.94485638005466,328.4756943824689,540.4205507625236,0.9864340504659566,1551.4012402544627,4.077690126626294
2004,211.43839792487432,335.7220642725255,547.1604621973997,0.979133650893039,1556.1005559602208,4.699315705758181
2005,214.9095743035305,341.88187367125875,556.7914479747892,0.9699646792990931,1561.9816795378724,5.881123577651579
2006,211.9578219242644,352.4529993712408,564.4108212955052,0.9658283605068321,1569.0352849815874,7.053605443715014
2007,220.7534076670482,349.7789386288197,570.5323462958679,0.9597038162268151,1576.2859050770455,7.250620095458089
2008,226.26119336847543,353.30974763980123,579.5709410082767,0.9643339070369527,1586.4665522725752,10.180647195529673
2009,227.79548429501534,355.2102928669951,583.0057771620104,0.9671398996221703,1597.0803111656403,10.613758893065096
2010,222.70559512358187,360.8548031390112,583.560398262593,0.9580604117459025,1605.1177050803037,8.037393914663426
2011,231.1165900907369,365.99466311704407,597.1112532077809,0.9585228838411334,1616.7911695956313,11.673464515327623
2012,214.23806968250926,372.97725290758524,587.2153225900945,0.9675752373720371,1625.3834743286986,8.592304733067294
2013,219.16898297119255,372.6442144644898,591.8131974356824,0.9662389595250078,1634.2825967309564,8.899122402257717
2014,228.10570225698547,380.3961968225409,608.5018990795263,0.96907901809612,1648.1756552635413,13.893058532584973
2015,219.00148484941846,387.4758223403408,606.4773071897592,0.9707424683795629,1660.087937364847,11.912282101305664
2016,213.7915772904531,379.4876497908962,593.2792270813493,0.952027984493153,1662.958378493297,2.870441128450011
2017,220.463654903922,385.0082127080213,605.4718676119433,0.9603792558988442,1671.0235723402213,8.06519384692433
2018,222.41348146598264,387.8058049137809,610.2192863797635,0.9619692714083327,1680.010533640148,8.986961299926634
2019,219.24138085349597,394.70580491378087,613.9471857672768,0.963559286917821,1689.4769415681646,9.466407928016679
2020,215.0,388.1958049137809,603.1958049137809,0.9651493024273095,1694.5712735909835,5.0943320228188895
