,natemis,Antr+BB,Totemis,ch4lifetime_fact,Conc,Trend
1950,215.0,163.17450659965715,378.17450659965715,1.0082976017871197,1156.9193001069914,
1951,215.0,179.19507276100282,394.19507276100285,1.008017040016338,1159.1599761916104,2.2406760846190537
1952,215.0,185.26177237482784,400.26177237482784,1.0077364782455562,1163.1349186369084,3.974942445297984
1953,215.0,191.13523035213254,406.13523035213257,1.0074559164747743,1168.5867585359151,5.4518398990067
1954,215.0,196.588745017316,411.588745017316,1.0071753547039928,1175.2113498537778,6.624591317862723
1955,215.0,201.72203317069142,416.7220331706914,1.0068947929332108,1182.7714198594545,7.560070005676607
1956,215.0,208.41894916746426,423.41894916746423,1.006614231162429,1191.6817006078993,8.910280748444848
1957,215.0,214.5688067552767,429.5688067552767,1.0063336693916476,1201.609640545388,9.927939937488645
1958,215.0,217.6594916116566,432.65949161165656,1.0060531076208656,1211.425340100996,9.815699555608035
1959,215.0,222.72445127980714,437.7244512798071,1.005772545850084,1221.7964215243546,10.371081423358646
1960,215.0,228.0629580514313,443.06295805143134,1.0054919840793022,1232.7512556910308,10.954834166676164
1961,215.0,236.72050668084023,451.72050668084023,1.0052114223085205,1245.3264042767873,12.575148585756551
1962,215.0,239.56585350719098,454.565853507191,1.0049308605377387,1257.410323508809,12.083919232021572
1963,215.0,249.3278238488543,464.32782384885434,1.0046502987669568,1271.3540422720075,13.943718763198603
1964,215.0,250.4604820698185,465.4604820698185,1.004369736996175,1284.08368453574,12.729642263732558
1965,215.0,257.3483284146914,472.3483284146914,1.0040891752253935,1297.6451609778942,13.561476442154117
1966,215.0,261.76641016962753,476.76641016962753,1.0038086134546116,1311.1247393071355,13.479578329241349
1967,215.0,268.56631844872953,483.56631844872953,1.0035280516838299,1325.3217346180002,14.196995310864622
1968,215.0,272.34139123470885,487.34139123470885,1.0032474899130481,1339.1508137864134,13.829079168413273
1969,215.0,276.9649584307289,491.9649584307289,1.0029669281422664,1352.9340351242247,13.783221337811256
1970,215.0,282.9747478324244,497.9747478324244,1.0026863663714847,1367.136046839783,14.202011715558228
1971,215.0,292.39338546227265,507.39338546227265,1.0036125027400429,1383.0032256216214,15.867178781838447
1972,215.0,305.77288904383573,520.7728890438357,1.0045386391086013,1401.6676599578805,18.66443433625909
1973,215.0,317.30180353705,532.30180353705,1.0054647754771595,1422.2058555780545,20.538195620174065
1974,215.0,319.6737152945646,534.6737152945645,1.006390911845718,1441.371210864824,19.165355286769454
1975,215.0,313.4687162301143,528.4687162301143,1.0073170482142761,1456.4711732073029,15.099962342478875
1976,215.0,328.0681369115893,543.0681369115894,1.0082431845828346,1474.8708392275878,18.39966602028494
1977,215.0,327.50971043294277,542.5097104329427,1.009169320951393,1491.1713994356774,16.300560208089564
1978,215.0,337.29152495073333,552.2915249507333,1.0100954573199512,1509.0436108110132,17.872211375335837
1979,215.0,339.2625001945196,554.2625001945196,1.0110215936885096,1525.7211723929963,16.677561581983127
1980,215.0,331.9744129863428,546.9744129863428,1.0119477300570678,1538.2634177341938,12.542245341197486
1981,215.0,315.6808105870111,530.6808105870111,1.0119166428840465,1543.99751957784,5.734101843646158
1982,215.0,321.2350753555989,536.2350753555988,1.0118855557110251,1550.9363834061774,6.938863828337389
1983,215.0,310.5807537196765,525.5807537196765,1.0118544685380038,1553.5617545419188,2.6253711357414886
1984,215.0,309.44370211114114,524.4437021111412,1.0118233813649828,1555.5136323085594,1.951877766640564
1985,215.0,308.5329440305821,523.532944030582,1.0117922941919613,1556.9418638333218,1.4282315247623956
1986,215.0,311.14209539675954,526.1420953967595,1.01176120701894,1559.0738455326218,2.131981699300013
1987,215.0,313.06531577001317,528.0653157700132,1.0117301198459188,1561.6036520826287,2.5298065500069242
1988,215.0,317.1635669480235,532.1635669480236,1.0116990326728972,1565.209707981932,3.6060558993033283
1989,215.0,319.83132361261084,534.8313236126108,1.011667945499876,1569.2974179443277,4.087709962395593
1990,195.859372138931,323.79183660072556,519.6512087396566,1.0116368583268547,1567.8841955503563,-1.4132223939714095
1991,196.4677865234781,335.4818104403371,531.9495969638152,1.009824235180017,1570.4396535710455,2.5554580206892297
1992,186.22954503459533,316.3955526293896,502.62509766398495,1.0015337334334637,1561.7090416362469,-8.730611934798617
1993,187.33483185418655,315.00618740051794,502.3410192547045,0.996844693397186,1553.1420105285845,-8.567031107662388
1994,194.24032411385,322.1935623385285,516.4338864523785,1.0084558263903243,1551.9759503363255,-1.1660601922590104
1995,196.26542045954338,309.8613907722203,506.12681123176367,1.0030031148607326,1546.695395394739,-5.280554941586388
1996,208.3748607752008,309.1011425162106,517.4760032914114,1.0102506923191272,1546.8600704534485,0.16467505870946297
1997,210.57397740266572,332.86,543.4339774026657,1.0119030530084048,1555.875669733217,9.015599279768367
1998,209.1911838875435,317.28000000000003,526.4711838875435,0.9861864069689835,1554.3179780158662,-1.5576917173507354
1999,217.52201870655188,311.53999999999996,529.0620187065518,1.0063414517912073,1556.897136176405,2.579158160538782
2000,223.5473177914537,309.38,532.9273177914537,1.0,1559.5079791079122,2.61084293150725
2001,208.76739978844725,313.65,522.4173997884473,0.99386928520895,1557.3928991661755,-2.115079941736667
2002,212.5426383460839,324.65000000000003,537.1926383460839,0.9928679555766652,1560.2645059295473,2.871606763371801
2003,209.4704631541179,326.12,535.590463154118,0.9864340504659566,1561.2742335291207,1.0097275995733526
2004,218.0441344921813,330.53000000000003,548.5741344921813,0.979133650893039,1565.3174690258209,4.043235496700163
2005,209.43411713475498,334.55,543.984117134755,0.9699646792990931,1565.8947733367634,0.5773043109425089
2006,219.66477835127023,340.45,560.1147783512702,0.9658283605068321,1571.073691473129,5.17891813636561
2007,218.52915094169083,336.24,554.7691509416909,0.9597038162268151,1572.865841933911,1.792150460782068
2008,220.73970219562665,335.67,556.4097021956267,0.9643339070369527,1575.765861651417,2.900019717505984
2009,225.16131562752406,339.88,565.041315627524,0.9671398996221703,1581.6573123790886,5.891450727671554
2010,222.0698885088719,341.18,563.2498885088719,0.9580604117459025,1584.7556986367701,3.098386257681568
2011,236.78903992011058,342.69,579.4790399201106,0.9585228838411334,1592.949272975228,8.193574338457893
2012,215.0776771228679,348.16,563.2376771228679,0.9675752373720371,1596.3377357237898,3.3884627485617784
2013,213.66667097656892,348.96,562.6266709765689,0.9662389595250078,1598.9098839570029,2.5721482332130563
2014,220.38733015363204,357.09000000000003,577.477330153632,0.96907901809612,1606.584171670142,7.674287713139165
2015,214.02416939645465,365.45,579.4741693964546,0.9707424683795629,1614.3177168504849,7.733545180342844
2016,204.99377754132416,358.0,562.9937775413241,0.952027984493153,1612.496606925107,-1.8211099253778684
2017,218.8150981385997,360.73,579.5450981385998,0.9603792558988442,1617.8143470116352,5.317740086528147
2018,219.12510429468114,362.77000000000004,581.8951042946812,0.9619692714083327,1623.5684006876675,5.754053676032299
2019,214.5585473649176,371.87,586.4285473649176,0.963559286917821,1630.4328799137936,6.86447922612615
2020,215.0,367.56,582.56,0.9651493024273095,1635.4965676254255,5.063687711631928
