,natemis,Antr+BB,Totemis,ch4lifetime_fact,Conc,Trend
1950,215.0,148.86472757401697,363.86472757401697,1.0,1151.2318709737456,
1951,215.0,164.4119307263549,379.4119307263549,1.0,1148.2965686772102,-2.935302296535383
1952,215.0,170.00526733117223,385.00526733117226,1.0,1147.5469739725675,-0.7495947046427318
1953,215.0,175.4053622994692,390.4053622994692,1.0,1148.6741946328032,1.1272206602357073
1954,215.0,180.38551395564497,395.38551395564497,1.0,1151.3286580408785,2.654463408075344
1955,215.0,185.0454391000126,400.0454391000126,1.0,1155.233040232077,3.904382191198465
1956,215.0,191.26899208777778,406.26899208777775,1.0,1160.7665268969522,5.533486664875227
1957,215.0,196.94548666658253,411.9454866665825,1.0,1167.5650782356877,6.798551338735479
1958,215.0,199.56280851395465,414.5628085139547,1.0,1174.4713701279297,6.906291892242052
1959,215.0,204.15440517309747,419.1544051730975,1.0,1182.1288169250804,7.657446797150669
1960,215.0,209.0195489357139,424.01954893571394,1.0,1190.5441318972853,8.415314972204897
1961,215.0,217.19785480015165,432.1978548001516,1.0,1200.7324578253538,10.18832592806848
1962,215.0,219.56395886153115,434.56395886153115,1.0,1210.5655637987768,9.833105973423017
1963,215.0,228.84668643822317,443.8466864382232,1.0,1222.379608910172,11.814045111395217
1964,215.0,229.50010189421624,444.50010189421624,1.0,1233.087772965961,10.708164055788984
1965,215.0,235.90870547411788,450.9087054741179,1.0,1244.7246591095015,11.63688614354055
1966,215.0,239.84754446408272,454.8475444640827,1.0,1256.3662927033834,11.641633593881807
1967,215.0,246.1682099782135,461.1682099782135,1.0,1268.8029313185684,12.436638615185075
1968,215.0,249.46403999922154,464.46403999922154,1.0,1280.941283808116,12.138352489547515
1969,215.0,253.6083644302704,468.6083644302704,1.0,1293.0964575792461,12.155173771130194
1970,215.0,259.1389110669947,474.1389110669947,1.0,1305.7268081551576,12.630350575911507
1971,215.0,264.2792956760135,479.2792956760135,1.0,1318.6495923668356,12.922784211677936
1972,215.0,272.45721733515404,487.45721733515404,1.0,1332.8405576542305,14.190965287394874
1973,215.0,275.97436854007793,490.97436854007793,1.0,1346.6102852192453,13.769727565014819
1974,215.0,277.58300816315733,492.58300816315733,1.0,1359.3722970774443,12.762011858199003
1975,215.0,278.92569799309183,493.92569799309183,1.0,1371.1511295075538,11.77883243010956
1976,215.0,286.19073893967834,501.19073893967834,1.0,1384.0231464341657,12.872016926611877
1977,215.0,290.52582612135245,505.52582612135245,1.0,1396.8931711285873,12.870024694421545
1978,215.0,292.98308376747053,507.98308376747053,1.0,1409.1379693290774,12.244798200490095
1979,215.0,298.58114099630916,513.5811409963092,1.0,1421.8703232283858,12.732353899308464
1980,215.0,300.435685537013,515.435685537013,1.0,1433.7927591581454,11.922435929759558
1981,215.0,296.68287020073063,511.68287020073063,1.0,1443.1342668016557,9.34150764351034
1982,215.0,304.65710214976906,519.6571021497691,1.0,1454.0773249161907,10.943058114535006
1983,215.0,298.6784287123529,513.6784287123529,1.0,1461.8101097548333,7.732784838642601
1984,215.0,302.2370817851458,517.2370817851458,1.0,1469.85855977011,8.048450015276785
1985,215.0,302.9504467045176,517.9504467045176,1.0,1477.242667033544,7.384107263433862
1986,215.0,308.4034370412448,523.4034370412448,1.0,1485.6104190340864,8.367752000542396
1987,215.0,312.778527186872,527.778527186872,1.0,1494.4938037010033,8.883384666916982
1988,215.0,316.78079953316467,531.7807995331647,1.0,1503.7113064629702,9.217502761966898
1989,215.0,320.55968800249383,535.5596880024939,1.0,1513.1513504638567,9.440044000886473
1990,213.229158495527,323.79183660072556,537.0209950962526,1.0,1522.0195585709102,8.868208107053533
1991,230.46401973376058,335.4818104403371,565.9458301740976,1.0,1539.4981128447243,17.478554273814098
1992,187.08466023758422,316.3955526293896,503.48021286697383,1.0,1534.280408288134,-5.217704556590434
1993,201.07742439463695,315.00618740051794,516.0836117951549,1.0,1533.8313800181697,-0.4490282699641739
1994,209.91391164352387,322.1935623385285,532.1074739820524,1.0,1538.7527047592848,4.921324741115086
1995,200.85765603448098,309.8613907722203,510.7190468067013,1.0,1536.0218256828525,-2.730879076432302
1996,212.4591393800404,309.1011425162106,521.560281896251,1.0,1537.196117281231,1.1742915983784314
1997,217.02081046246136,332.86,549.8808104624613,1.0,1547.641609036133,10.44549175490215
1998,202.568436978653,317.28000000000003,519.848436978653,1.0,1546.9464820867286,-0.6951269494045391
1999,215.78806866900686,311.53999999999996,527.3280686690068,1.0,1548.812497779614,1.8660156928854121
2000,226.5622479195188,309.38,535.9422479195188,1.0,1553.3295650317334,4.517067252119432
2001,215.0509626165587,313.65,528.7009626165586,1.0,1554.9366794227703,1.60711439103693
2002,216.04073174324364,324.65000000000003,540.6907317432436,1.0,1560.3445626724513,5.4078832496809355
2003,213.98055262609702,326.12,540.100552626097,1.0,1564.9509789463998,4.6064162739485255
2004,208.00169259421529,330.53000000000003,538.5316925942153,1.0,1568.5207372712202,3.569758324820441
2005,205.4572700159953,334.55,540.0072700159953,1.0,1572.1806947632626,3.6599574920423947
2006,211.2339594451393,340.45,551.6839594451393,1.0,1579.3076183728608,7.12692360959818
2007,223.672583039232,336.24,559.912583039232,1.0,1588.3685203686503,9.060901995789436
2008,228.03049543871128,335.67,563.7004954387113,1.0,1597.6724942564845,9.303973887834218
2009,235.04040686312868,339.88,574.9204068631286,1.0,1609.6598178487625,11.987323592278017
2010,224.2663857353366,341.18,565.4463857353367,1.0,1617.1594527289649,7.499634880202393
2011,247.4109003803281,342.69,590.1009003803281,1.0,1632.0048860704726,14.845433341507714
2012,216.66762554529598,348.16,564.827625545296,1.0,1636.79710446616,4.792218395687314
2013,222.88330630031555,348.96,571.8433063003156,1.0,1643.3820101015303,6.584905635370433
2014,220.24898314608367,357.09000000000003,577.3389831460837,1.0,1651.0542195842684,7.672209482738026
2015,215.0,365.45,580.45,1.0,1658.9002573815337,7.846037797265353
2016,215.0,358.0,573.0,1.0,1663.394301483027,4.494044101493273
2017,215.0,360.73,575.73,1.0,1668.2915325416657,4.897231058638681
2018,215.0,362.77000000000004,577.77,1.0,1673.317719038289,5.026186496623268
2019,215.0,371.87,586.87,1.0,1680.8024092021585,7.484690163869573
2020,215.0,367.56,582.56,1.0,1686.0180758199626,5.215666617804118
