,natemis,Antr+BB,Totemis,ch4lifetime_fact,Conc,Trend
1950,215.0,163.598,378.598,1.0247219712311393,1158.87120071134,
1951,215.0,178.6518045817319,393.6518045817319,1.0244368393312935,1162.5278893401814,3.6566886288414935
1952,215.0,183.7517426159432,398.75174261594316,1.0241517074314475,1167.4473710965688,4.919481756387313
1953,215.0,188.65843901363414,403.65843901363417,1.0238665755316017,1173.4264945977843,5.979123501215554
1954,215.0,193.14519209920383,408.1451920992038,1.0235814436317558,1180.2089730995292,6.78247850174489
1955,215.0,197.31171867296544,412.3117186729654,1.02329631173191,1187.5997467541158,7.39077365458661
1956,215.0,203.04187309012457,418.04187309012457,1.023011179832064,1196.0513099918514,8.451563237735627
1957,215.0,208.22496909832324,423.22496909832324,1.0227260479322182,1205.2647908230865,9.213480831235074
1958,215.0,210.34889237508935,425.34889237508935,1.0224409160323724,1214.139120105746,8.874329282659573
1959,215.0,214.44709046362615,429.4470904636262,1.0221557841325266,1223.367293053906,9.228172948159909
1960,215.0,218.81883565563655,433.8188356556366,1.0218706522326808,1233.0008062166394,9.63351316273338
1961,215.0,224.59797580858205,439.5979758085821,1.0215855203328348,1243.4623144286843,10.461508212044919
1962,215.0,224.56491415846932,439.5649141584693,1.021300388432989,1252.7283841642989,9.266069735614565
1963,215.0,231.44847602366914,446.4484760236692,1.021015256533143,1263.2288424934723,10.500458329173398
1964,215.0,229.70272576816996,444.70272576816996,1.0207301246332974,1271.959257713453,8.730415219980841
1965,215.0,233.7121636365794,448.71216363657936,1.0204449927334514,1281.0267365845768,9.06747887112374
1966,215.0,235.251836915052,450.25183691505197,1.0201598608336055,1289.572842842466,8.54610625788905
1967,215.0,239.17333671769057,454.1733367176906,1.0198747289337597,1298.4460970477567,8.873254205290777
1968,215.0,240.0700010272064,455.0700010272064,1.019589597033914,1306.6047010806703,8.158604032913672
1969,215.0,241.81515974676304,456.815159746763,1.019304465134068,1314.4089238683773,7.804222787706976
1970,215.0,244.94654067199508,459.9465406719951,1.0190193332342221,1322.358060854885,7.94913698650771
1971,215.0,248.76207785759098,463.76207785759095,1.0199605556308002,1330.8169926608862,8.458931806001146
1972,215.0,256.04497069059664,471.04497069059664,1.0209017780273784,1340.883246812672,10.06625415178587
1973,215.0,255.60237187520235,470.6023718752024,1.0218430004239563,1349.8137264393968,8.930479626724718
1974,215.0,258.8376989548787,473.8376989548787,1.0227842228205342,1358.9572178080714,9.143491368674631
1975,215.0,261.71079484263964,476.71079484263964,1.0237254452171123,1368.171299822203,9.21408201413169
1976,215.0,266.11259910976634,481.11259910976634,1.0246666676136902,1377.957795966264,9.786496144060948
1977,215.0,269.5931488630674,484.5931488630674,1.0256078900102683,1387.9491358336165,9.991339867352508
1978,215.0,272.7548380298701,487.7548380298701,1.0265491124068462,1398.0183868801587,10.06925104654215
1979,215.0,276.282103452212,491.282103452212,1.0274903348034243,1408.280097288369,10.26171040821032
1980,215.0,279.7152927768357,494.7152927768357,1.0284315572000022,1418.6834899364767,10.403392648107683
1981,215.0,281.48962262623303,496.48962262623303,1.0283999636415508,1428.5343987190433,9.850908782566648
1982,215.0,290.3138617386215,505.3138617386215,1.0283683700830997,1440.2371505273602,11.702751808316862
1983,215.0,285.25634640067585,500.25634640067585,1.0283367765246483,1448.9736924952354,8.736541967875155
1984,215.0,288.3160050399723,503.3160050399723,1.028305182966197,1457.7672983068105,8.793605811575162
1985,215.0,290.7718115359584,505.7718115359584,1.0282735894077455,1466.4109057003436,8.643607393533102
1986,215.0,293.2029897176004,508.2029897176004,1.028241995849294,1474.912688576571,8.50178287622748
1987,215.0,297.6636160553672,512.6636160553671,1.028210402290843,1483.9628567993982,9.050168222827097
1988,215.0,297.990817919549,512.990817919549,1.0281788087323915,1492.127089529352,8.16423272995371
1989,215.0,299.2419704961214,514.2419704961214,1.0281472151739404,1499.809477227913,7.682387698561115
1990,195.859372138931,302.9738366007256,498.8332087396566,1.0281156216154888,1501.5237245536457,1.7142473257326856
1991,196.4677865234781,316.0443104403371,512.5120969638152,1.02530405945394,1507.2035609300553,5.679836376409639
1992,186.22954503459533,298.3385526293896,484.56809766398493,1.022492497292391,1502.574154944838,-4.629405985217318
1993,187.33483185418655,298.32968740051797,485.6645192547045,1.0196809351308422,1498.4202540068443,-4.15390093799374
1994,194.24032411385,306.8975623385286,501.13788645237855,1.0168693729692933,1499.4668046988081,1.04655069196383
1995,196.26542045954338,295.94589077222037,492.2113112317637,1.0140578108077443,1497.029995999634,-2.4368086991742075
1996,208.3748607752008,293.32614251621055,501.7010032914113,1.0112462486461955,1497.6123021459152,0.5823061462813257
1997,210.57397740266572,315.2255,525.7994774026657,1.0084346864846467,1505.7285556218962,8.116253475981011
1998,209.1911838875435,297.786,506.9771838875435,1.0056231243230978,1506.2801853952942,0.5516297733979627
1999,217.52201870655188,290.18649999999997,507.70851870655184,1.002811562161549,1506.6005765922837,0.32039119698947616
2000,223.5473177914537,286.167,509.7143177914537,1.0,1507.1361987407772,0.5356221484935304
2001,208.76739978844725,293.96279999999996,502.7301997884472,0.995914002735031,1504.6862341606513,-2.4499645801258794
2002,212.5426383460839,308.4886,521.0312383460839,0.991828005470062,1507.9744619226708,3.28822776201946
2003,209.4704631541179,313.4844,522.9548631541179,0.987742008205093,1510.9122826480004,2.9378207253296296
2004,218.0441344921813,321.4202,539.4643344921814,0.9836560109401239,1518.3703181593671,7.458035511366688
2005,209.43411713475498,328.966,538.400117134755,0.9795700136751548,1523.9957064154892,5.625388256122051
2006,219.66477835127023,339.5914,559.2561783512703,0.9754840164101859,1535.2555805920283,11.259874176539142
2007,218.52915094169083,340.1068,558.6359509416909,0.9713980191452168,1544.3714934391223,9.115912847094023
2008,220.73970219562665,344.2622,565.0019021956266,0.977052169906687,1555.457953572373,11.086460133250739
2009,225.16131562752406,353.1976,578.3589156275241,0.9827063206681571,1570.6114887265107,15.153535154137671
2010,222.0698885088719,359.223,581.2928885088719,0.9883604714296271,1585.918645274695,15.307156548184366
2011,236.78903992011058,364.4245,601.2135399201106,0.9889882341230849,1606.2057062864847,20.287061011789547
2012,215.0776771228679,373.586,588.663677122868,0.9896159968165429,1620.1376195012272,13.931913214742508
2013,213.66667097656892,378.0775,591.744170976569,0.9902437595100009,1633.620587963715,13.482968462487861
2014,220.38733015363204,389.899,610.286330153632,0.9908715222034588,1651.8378616132254,18.21727364951039
2015,214.02416939645465,401.9505,615.9746693964546,0.9908600068687826,1669.8856081377965,18.04774652457104
2016,204.99377754132416,399.27200000000005,604.2657775413243,0.9908484915341064,1682.009588379772,12.12398024197546
2017,218.8150981385997,406.7735,625.5885981385998,0.9908369761994302,1699.8397860695457,17.83019768977374
2018,219.12510429468114,413.58500000000004,632.7101042946812,0.9924774178789595,1718.3015316066528,18.461745537107163
2019,214.5585473649176,427.4565,642.0150473649176,0.9941178595584886,1738.053482465238,19.751950858585133
2020,215.0,427.918,642.918,0.9957583012380179,1756.1670385622099,18.113556096971934
