,natemis,Antr+BB,Totemis,ch4lifetime_fact,Conc,Trend
1950,215.0,140.0104525128931,355.0104525128931,1.0082976017871197,1149.2253810176041,
1951,215.0,155.2647590189582,370.2647590189582,1.008017040016338,1144.373564633559,-4.851816384045151
1952,215.0,160.56519897750266,375.56519897750263,1.0077364782455562,1141.7909273336911,-2.5826372998678835
1953,215.0,165.67239729952678,380.6723972995268,1.0074559164747743,1141.16094249563,-0.6299848380610911
1954,215.0,170.3596523094297,385.3596523094297,1.0071753547039928,1142.1268504889563,0.9659079933262547
1955,215.0,174.7266808075245,389.72668080752453,1.0068947929332108,1144.4045865240746,2.2777360351183233
1956,215.0,180.6573371490168,395.6573371490168,1.006614231162429,1148.3672691895151,3.962682665440525
1957,215.0,186.04093508154867,401.0409350815487,1.0063336693916476,1153.6453399894508,5.278070799935676
1958,215.0,188.36536028264797,403.365360282648,1.0060531076208656,1159.07598994556,5.430649956109164
1959,215.0,192.664060295518,407.66406029551797,1.005772545850084,1165.2975765810213,6.221586635461335
1960,215.0,197.23630741186156,412.23630741186156,1.0054919840793022,1172.3124478283141,7.014871247292831
1961,215.0,205.11807849022705,420.11807849022705,1.0052114223085205,1181.1308648926101,8.818417064296
1962,215.0,207.1876477655343,422.1876477655343,1.0049308605377387,1189.6210614357155,8.490196543105412
1963,215.0,216.17384055615415,431.1738405561541,1.0046502987669568,1200.1160854714017,10.495024035686129
1964,215.0,216.530721226075,431.530721226075,1.004369736996175,1209.526073758206,9.409988286804264
1965,215.0,222.6427900199044,437.6427900199044,1.0040891752253935,1219.8827227827237,10.356649024517765
1966,215.0,226.28509422379705,441.28509422379705,1.0038086134546116,1230.2596628144593,10.376940031735558
1967,215.0,232.3092249518556,447.30922495185564,1.0035280516838299,1241.4449736794725,11.185310865013207
1968,215.0,235.30852018679144,450.30852018679144,1.0032474899130481,1252.3433338687214,10.898360189248933
1969,215.0,239.15630983176808,454.1563098317681,1.0029669281422664,1263.2679220712919,10.924588202570476
1970,215.0,244.39032168242014,459.3903216824201,1.0026863663714847,1274.6754927854956,11.407570714203757
1971,215.0,249.2500236569801,464.2500236569801,1.0036125027400429,1286.5380676610241,11.86257487552848
1972,215.0,257.1728277174416,472.1728277174416,1.0045386391086013,1299.8239938441507,13.285926183126548
1973,215.0,260.25257580258824,475.25257580258824,1.0054647754771595,1312.7682847356898,12.94429089153914
1974,215.0,261.75608614159665,476.75608614159665,1.006390911845718,1324.8876399347923,12.119355199102529
1975,215.0,262.9879199985267,477.9879199985267,1.0073170482142761,1336.185671336827,11.298031402034667
1976,215.0,269.88077697352765,484.88077697352765,1.0082431845828346,1348.6358975928354,12.450226256008364
1977,215.0,273.963154930751,488.963154930751,1.009169320951393,1361.178646486503,12.54274889366775
1978,215.0,276.2604287421843,491.2604287421843,1.0100954573199512,1373.2126812113304,12.03403472482728
1979,215.0,281.5334355614996,496.5334355614996,1.0110215936885096,1385.7849380370146,12.572256825684235
1980,215.0,283.2799933041633,498.2799933041633,1.0119477300570678,1397.6661873899286,11.881249352913983
1981,215.0,279.7228833024812,494.7228833024812,1.0119166428840465,1407.044183557521,9.3779961675923
1982,215.0,287.61463066683257,502.61463066683257,1.0118855557110251,1417.9998416718618,10.95565811434085
1983,215.0,281.5577046073275,496.5577046073275,1.0118544685380038,1425.724296493068,7.724454821206336
1984,215.0,284.9536362831875,499.9536362831875,1.0118233813649828,1433.7161081794459,7.991811686377787
1985,215.0,285.63759742417085,500.63759742417085,1.0117922941919613,1441.0446458740269,7.328537694580973
1986,215.0,290.77781253724584,505.77781253724584,1.01176120701894,1449.263814201782,8.219168327755142
1987,215.0,295.02494838641707,510.02494838641707,1.0117301198459188,1457.9781116346599,8.714297432877856
1988,215.0,298.6755905767461,513.6755905767461,1.0116990326728972,1466.9344189899607,8.95630735530085
1989,215.0,302.17109081824873,517.1710908182488,1.011667945499876,1476.0543047217625,9.119885731801787
1990,200.3301288457454,305.2999200711051,505.63004891685046,1.0116368583268547,1480.3243643772967,4.270059655534169
1991,199.7503266400383,318.81183287573293,518.5621595157712,1.009824235180017,1488.158112789362,7.833748412065233
1992,184.67510149951386,299.49068782266335,484.1657893221772,1.0015337334334637,1482.4997805219937,-5.658332267368223
1993,197.36691793433434,299.5481852918242,496.9151032261585,0.996844693397186,1481.0238515401445,-1.4759289818491652
1994,206.86238646048096,310.39650696329267,517.2588934237737,1.0084558263903243,1488.150943364361,7.12709182421645
1995,201.7570917407637,305.56039716107193,507.31748890183565,1.0030031148607326,1490.39458515899,2.2436417946289566
1996,213.15982548765285,307.45705920620384,520.6168846938567,1.0102506923191272,1497.8537454358673,7.4591602768773555
1997,219.11808678658687,331.457796516877,550.5758833034639,1.0119030530084048,1514.675841861506,16.82209642563862
1998,212.25503626636817,315.50915615703855,527.7641924234067,0.9861864069689835,1518.2136318830724,3.5377900215664795
1999,221.87093317633915,309.5890972813972,531.4600304577364,1.0063414517912073,1525.6107681860196,7.397136302947274
2000,227.84472784773624,310.3755556419565,538.2202834896927,1.0,1533.4820677509363,7.871299564916626
2001,206.6473954472032,313.1005194228316,519.7479148700348,0.99386928520895,1533.4099452265968,-0.07212252433942012
2002,212.26455200956343,322.47491151980734,534.7394635293708,0.9928679555766652,1538.168679885809,4.758734659212223
2003,215.22835450612564,328.33133481161764,543.5596893177433,0.9864340504659566,1544.3245734408936,6.1558935550845035
2004,212.63153770421576,339.1599047856282,551.791442489844,0.979133650893039,1551.3660581819531,7.0414847410595485
2005,212.49070626724972,346.62478641877203,559.1154926860218,0.9699646792990931,1558.5612306531634,7.195172471210299
2006,213.71072289363457,356.7053574534424,570.416080347077,0.9658283605068321,1567.9992047636658,9.43797411050241
2007,219.18200332427125,355.2617524896731,574.4437558139443,0.9597038162268151,1576.6656959381721,8.666491174506291
2008,228.68671106740234,360.75844432030715,589.4451553877095,0.9643339070369527,1590.0746721698106,13.408976231638462
2009,221.551417970207,364.45377111581536,586.0051890860224,0.9671398996221703,1601.2672170686628,11.192544898852248
2010,221.69514826634378,371.1593157300012,592.854463996345,0.9580604117459025,1611.897719234842,10.630502166179213
2011,227.28038439645948,372.924998542445,600.2053829389044,0.9585228838411334,1623.8099607673214,11.912241532479356
2012,209.97597491597992,381.0856580369786,591.0616329529585,0.9675752373720371,1632.8694797601142,9.059518992792846
2013,213.54435145588445,381.87778643760544,595.4221378934899,0.9662389595250078,1642.1023086701052,9.232828909990985
2014,216.40412124879504,388.1687589286987,604.5728801774937,0.96907901809612,1653.7944012042447,11.69209253413942
2015,206.32314747732138,398.732,605.0551474773214,0.9707424683795629,1664.5904658653283,10.79606466108362
2016,201.11929681211606,390.97880000000004,592.0980968121161,0.952027984493153,1666.5446863720404,1.9542205067120904
2017,215.0,393.4056,608.4056,0.9603792558988442,1675.166642249981,8.621955877940536
2018,215.0,395.1424,610.1424,0.9619692714083327,1683.6491073240115,8.482465074030642
2019,215.0,403.9392,618.9392,0.963559286917821,1694.3495998581325,10.70049253412094
2020,215.0,399.326,614.326,0.9651493024273095,1702.5706213871,8.221021528967412
