,natemis,Antr+BB,Totemis,ch4lifetime_fact,Conc,Trend
1950,215.0,145.72559245704448,360.7255924570445,1.0247219712311393,1152.9300761961788,
1951,215.0,161.1689540027448,376.16895400274484,1.0244368393312935,1151.4273202514778,-1.5027559447009935
1952,215.0,166.6584490009245,381.6584490009245,1.0241517074314475,1151.883515671272,0.45619541979431233
1953,215.0,171.95470236258384,386.9547023625838,1.0238665755316017,1154.0193217252406,2.1358060539685084
1954,215.0,176.831012412122,391.831012412122,1.0235814436317558,1157.5105782124865,3.4912564872458915
1955,215.0,181.387095949852,396.387095949852,1.02329631173191,1162.1017617579766,4.591183545490139
1956,215.0,187.50680733097954,402.50680733097954,1.023011179832064,1168.1915057456627,6.089743987686006
1957,215.0,193.07946030314662,408.0794603031466,1.0227260479322182,1175.4329599936077,7.241454247945057
1958,215.0,195.59294054388116,410.5929405438811,1.0224409160323724,1182.6823186820804,7.249358688472739
1959,215.0,200.08069559638636,415.08069559638636,1.0221557841325266,1190.5945103093643,7.912191627283846
1960,215.0,204.8419977523652,419.84199775236516,1.0218706522326808,1199.187125325012,8.592615015647652
1961,215.0,212.9151721685548,427.9151721685548,1.0215855203328348,1209.4856064012856,10.298481076273674
1962,215.0,215.1761447816861,430.1761447816861,1.021300388432989,1219.36995201715,9.884345615864277
1963,215.0,224.35374091013003,439.35374091013,1.021015256533143,1231.18398319441,11.814031177260176
1964,215.0,224.902024917875,439.902024917875,1.0207301246332974,1241.84667109485,10.662687900440005
1965,215.0,231.2054970495285,446.2054970495285,1.0204449927334514,1253.396906860821,11.55023576597091
1966,215.0,235.0392045912452,450.0392045912452,1.0201598608336055,1264.915504706938,11.518597846117018
1967,215.0,241.25473865712786,456.25473865712786,1.0198747289337597,1277.1968861429764,12.281381436038373
1968,215.0,244.44543722988774,459.4454372298877,1.019589597033914,1289.1510777768226,11.954191633846222
1969,215.0,248.48463021268853,463.48463021268856,1.019304465134068,1301.0954496062332,11.944371829410557
1970,215.0,253.9100454011647,468.91004540116467,1.0190193332342221,1313.4910976814006,12.3956480751674
1971,215.0,257.57479257777885,472.57479257777885,1.0199605556308002,1325.8556279037534,12.364530222352869
1972,215.0,264.87815496199676,479.87815496199676,1.0209017780273784,1339.4037698896552,13.548141985901793
1973,215.0,267.174414913303,482.174414913303,1.0218430004239563,1352.3432028433497,12.93943295369445
1974,215.0,268.77272781252634,483.77272781252634,1.0227842228205342,1364.5109652914953,12.167762448145595
1975,215.0,271.02888398583644,486.02888398583644,1.0237254452171123,1376.2124714267593,11.701506135264026
1976,215.0,275.0518357547742,490.0518357547742,1.0246666676136902,1388.0880869412179,11.87561551445856
1977,215.0,277.72254164205543,492.72254164205543,1.0256078900102683,1399.6710433773,11.582956436082213
1978,215.0,279.07729251334416,494.07729251334416,1.0265491124068462,1410.5577599767962,10.88671659949614
1979,215.0,283.36524243347924,498.36524243347924,1.0274903348034243,1421.8013959541704,11.243635977374197
1980,215.0,282.2371159769046,497.2371159769046,1.0284315572000022,1431.5638858721022,9.762489917931816
1981,215.0,277.5286029825358,492.5286029825358,1.0283999636415508,1438.6885725060768,7.124686633974534
1982,215.0,285.26941946839,500.26941946839,1.0283683700830997,1447.6031437461177,8.914571240040914
1983,215.0,279.04267506764637,494.04267506764637,1.0283367765246483,1453.4678136015223,5.8646698554046
1984,215.0,284.0863192602393,499.0863192602393,1.028305182966197,1460.3633998854657,6.89558628394343
1985,215.0,287.0049229958179,502.0049229958179,1.0282735894077455,1467.4705336033153,7.107133717849592
1986,215.0,290.9973934447917,505.9973934447917,1.028241995849294,1475.1230589685117,7.652525365196425
1987,215.0,295.28841803933904,510.28841803933904,1.028210402290843,1483.3605126083512,8.237453639839487
1988,215.0,299.1743864512828,514.1743864512828,1.0281788087323915,1491.9841670971823,8.623654488831107
1989,215.0,304.2999708971575,519.2999708971574,1.0281472151739404,1501.363849109399,9.37968201221679
1990,196.74772668865427,307.58244894288526,504.33017563153953,1.0281156216154888,1504.7355865883872,3.3717374789880523
1991,198.2364378165914,320.3405374138564,518.5769752304478,1.02530405945394,1512.0792686662787,7.343682077891572
1992,187.79558900194488,304.1997961122732,491.99538511421804,1.022492497292391,1509.3825631393565,-2.6967055269221873
1993,189.79585223160905,305.23302163145047,495.0288738630595,1.0196809351308422,1507.590612001529,-1.791951137827482
1994,197.35571953699662,317.2848254228341,514.6405449598308,1.0168693729692933,1512.111251065253,4.5206390637240474
1995,197.11477002867338,311.7473692430924,508.8621392717658,1.0140578108077443,1513.8070157121288,1.6957646468756593
1996,209.69448889653663,313.88494695523417,523.5794358517708,1.0112462486461955,1519.7960387473515,5.989023035222772
1997,210.47768420635288,337.0204142930985,547.4980984994513,1.0084346864846467,1532.6527720886659,12.856733341314339
1998,209.4890943325314,317.9406473511351,527.4297416836665,1.0056231243230978,1536.9960052680399,4.34323317937401
1999,218.13505086211853,313.09385370096595,531.2289045630845,1.002811562161549,1541.6952171454332,4.699211877393282
2000,224.43379724003518,314.79158226734603,539.2253795073811,1.0,1548.0992389021349,6.404021756701695
2001,209.41124316982896,315.2928524514628,524.7040956212918,0.995914002735031,1548.341106127247,0.2418672251121734
2002,214.11349174689514,322.1007386331392,536.2142303800343,0.991828005470062,1551.7468089208196,3.4057027935725728
2003,210.067351186169,328.4756943824689,538.5430455686378,0.987742008205093,1554.9053610609699,3.1585521401502774
2004,215.94404838269085,335.7220642725255,551.6661126552164,0.9836560109401239,1561.4175958374278,6.5122347764579445
2005,208.63713125161553,341.88187367125875,550.5190049228743,0.9795700136751548,1566.1593174279378,4.7417215905099965
2006,219.32569205221733,352.4529993712408,571.7786914234582,0.9754840164101859,1576.7524931171624,10.593175689224609
2007,218.0672449705479,349.7789386288197,567.8461835993676,0.9713980191452168,1584.1624298185518,7.40993670138937
2008,221.76288071196748,353.30974763980123,575.0726283517687,0.977052169906687,1594.0467171569187,9.884287338366903
2009,224.22978858618197,355.2102928669951,579.4400814531771,0.9827063206681571,1605.1753350712431,11.128617914324423
2010,221.6122031167196,360.8548031390112,582.4670062557308,0.9883604714296271,1616.9643243711976,11.788989299954437
2011,234.96775986419928,365.99466311704407,600.9624229812433,0.9889882341230849,1633.659910629594,16.69558625839636
2012,214.6834019506841,372.97725290758524,587.6606548582694,0.9896159968165429,1644.1583025596335,10.498391930039588
2013,213.16365728260934,372.6442144644898,585.8078717470992,0.9902437595100009,1652.9598722652013,8.801569705567772
2014,219.12119513617802,380.3961968225409,599.5173919587189,0.9908715222034588,1665.4215399184627,12.46166765326143
2015,212.69994127272804,387.4758223403408,600.1757636130689,0.9908600068687826,1676.693815795451,11.27227587698826
2016,204.5384273311009,379.4876497908962,584.0260771219971,0.9908484915341064,1681.3330594356419,4.639243640190898
2017,216.96409157036751,385.0082127080213,601.9723042783888,0.9908369761994302,1691.4024523298458,10.06939289420393
2018,218.8718073210817,387.8058049137809,606.6776122348626,0.9924774178789595,1702.175149118208,10.772696788362282
2019,213.25609550943,394.70580491378087,607.9619004232109,0.9941178595584886,1712.4390430906237,10.263893972415644
2020,215.0,388.1958049137809,603.1958049137809,0.9957583012380179,1720.2454641759548,7.806421085331067
