,natemis,Antr+BB,Totemis,ch4lifetime_fact,Conc,Trend
1950,215.0,145.72559245704448,360.7255924570445,0.9900099900099899,1149.0454326361646,
1951,215.0,161.1689540027448,376.16895400274484,0.9900099900099899,1144.1419375205667,-4.903495115597934
1952,215.0,166.6584490009245,381.6584490009245,0.9900099900099899,1141.6136886540237,-2.528248866542981
1953,215.0,171.95470236258384,386.9547023625838,0.9900099900099899,1141.1283881991324,-0.48530045489133045
1954,215.0,176.831012412122,391.831012412122,0.9900099900099899,1142.3160274357112,1.1876392365788888
1955,215.0,181.387095949852,396.387095949852,0.9900099900099899,1144.8814626777623,2.5654352420510804
1956,215.0,187.50680733097954,402.50680733097954,0.9900099900099899,1149.1880084228967,4.306545745134372
1957,215.0,193.07946030314662,408.0794603031466,0.9900099900099899,1154.8575527134337,5.669544290537033
1958,215.0,195.59294054388116,410.5929405438811,0.9900099900099899,1160.721057211595,5.863504498161319
1959,215.0,200.08069559638636,415.08069559638636,0.9900099900099899,1167.4117637199993,6.690706508404219
1960,215.0,204.8419977523652,419.84199775236516,0.9900099900099899,1174.9270519955214,7.515288275522153
1961,215.0,212.9151721685548,427.9151721685548,0.9832246039142591,1183.4657720440546,8.53872004853315
1962,215.0,215.1761447816861,430.1761447816861,0.9828209764918625,1191.7362704477027,8.270498403648162
1963,215.0,224.35374091013003,439.35374091013,0.9808988764044944,1201.8774917953524,10.141221347649662
1964,215.0,224.902024917875,439.902024917875,0.9943820224719102,1212.6846228234303,10.807131028077947
1965,215.0,231.2054970495285,446.2054970495285,0.9990958408679929,1224.9361868304165,12.2515640069862
1966,215.0,235.0392045912452,450.0392045912452,0.9891500904159132,1235.8713010086258,10.935114178209233
1967,215.0,241.25473865712786,456.25473865712786,0.9945750452079567,1248.3058769926836,12.434575984057801
1968,215.0,244.44543722988774,459.4454372298877,0.9936708860759491,1260.2882258608865,11.982348868202962
1969,215.0,248.48463021268853,463.48463021268856,0.9850885368126747,1271.1726309429355,10.884405082048943
1970,215.0,253.9100454011647,468.91004540116467,1.0018083182640147,1284.7483829929836,13.575752050048095
1971,215.0,257.57479257777885,472.57479257777885,0.9891500904159132,1296.4035001314737,11.65511713849014
1972,215.0,264.87815496199676,479.87815496199676,0.9990958408679929,1310.4531624006204,14.049662269146665
1973,215.0,267.174414913303,482.174414913303,0.9850885368126747,1321.8507952158138,11.397632815193447
1974,215.0,268.77272781252634,483.77272781252634,0.9898876404494381,1333.1278379095265,11.277042693712701
1975,215.0,271.02888398583644,486.02888398583644,0.9963833634719712,1344.7460192922103,11.618181382683815
1976,215.0,275.0518357547742,490.0518357547742,1.0081374321880652,1357.9479583673826,13.201939075172277
1977,215.0,277.72254164205543,492.72254164205543,1.0055917986952472,1370.2319717237065,12.28401335632384
1978,215.0,279.07729251334416,494.07729251334416,1.015370705244123,1382.8922846621113,12.660312938404786
1979,215.0,283.36524243347924,498.36524243347924,1.011754068716094,1395.0967592210025,12.204474558891206
1980,210.94999730878948,282.2371159769046,493.18711328569407,1.014911463187325,1404.6506964585576,9.553937237555147
1981,207.46940093654123,277.5286029825358,484.99800391907706,1.011183597390494,1409.9244641008845,5.273767642326902
1982,196.9955325905592,285.26941946839,482.26495205894923,1.0195712954333644,1414.8345386101364,4.910074509251899
1983,201.33424834490552,279.04267506764637,480.3769234125519,1.0074557315936628,1416.934135503336,2.099596893199532
1984,214.1098013886646,284.0863192602393,498.1961206489039,1.0027958993476236,1424.0746156460677,7.140480142731803
1985,211.68781958124762,287.0049229958179,498.6927425770655,0.9900542495479203,1428.7838982894539,4.709282643386132
1986,211.8802949566715,290.9973934447917,502.8776884014632,1.0027958993476236,1436.155160937961,7.371262648507127
1987,203.0665267237203,295.28841803933904,498.35494476305934,1.0027124773960217,1441.1894294459591,5.034268507998149
1988,213.4200979600624,299.1743864512828,512.5944844113452,0.9953401677539611,1449.340745702354,8.15131625639492
1989,215.39297055815703,304.2999708971575,519.6929414553146,1.0041493775933612,1460.1912885408003,10.850542838446245
1990,213.067226438452,307.58244894288526,520.6496753813373,1.007233273056058,1470.5877638604243,10.39647531962396
1991,208.59217395984714,320.3405374138564,528.9327113737036,1.0144665461121156,1483.6056696860392,13.01790582561489
1992,188.55869530114643,304.1997961122732,492.7584914134196,1.011183597390494,1482.6976664216977,-0.9080032643414597
1993,202.27256580009686,305.23302163145047,507.5055874315473,1.0027958993476236,1485.5828248285118,2.885158406814071
1994,205.68900371387048,317.2848254228341,522.9738291367046,1.0009319664492078,1493.0103062449546,7.427481416442788
1995,201.59890198611336,311.7473692430924,513.3462712292057,0.988245931283906,1494.528405800013,1.5180995550583702
1996,211.8482157274342,313.88494695523417,525.7331626826683,0.9953401677539611,1501.045375622877,6.5169698228639845
1997,205.35217180687872,337.0204142930985,542.3725860999772,0.9981916817359855,1512.7776997757087,11.73232415283178
1998,214.55891059798697,317.9406473511351,532.499557949122,0.9960567823343849,1519.5969874662749,6.819287690566171
1999,223.82980784756984,313.09385370096595,536.9236615485358,0.985307621671258,1525.4810838498286,5.884096383553697
2000,220.46950858496152,314.79158226734603,535.2610908523076,1.0,1532.3844239929317,6.903340143103151
2001,217.96732870445126,315.2928524514628,533.2601811559141,0.9924026590693258,1536.6965591554865,4.312135162554796
2002,212.04069110285803,322.1007386331392,534.1414297359972,0.9933523266856601,1540.9608332388086,4.264274083322107
2003,215.0561386511653,328.4756943824689,543.5318330336341,0.9895536562203229,1547.2756939097526,6.314860670943972
2004,213.89326659131277,335.7220642725255,549.6153308638383,0.9925442684063377,1555.3597524643917,8.084058554639114
2005,205.11959739490823,341.88187367125875,547.0014710661669,0.9870129870129869,1560.8017459819469,5.441993517555147
2006,217.5182194951289,352.4529993712408,569.9712188663698,0.986013986013986,1573.0909319033517,12.28918592140485
2007,217.93524947521394,349.7789386288197,567.7141881040336,0.986013986013986,1583.2391688594691,10.148236956117444
2008,221.99327197373375,353.30974763980123,575.303019613535,0.9687203791469194,1591.93408822394,8.694919364470934
2009,219.24247806663436,355.2102928669951,574.4527709336294,0.9696969696969695,1599.510371952387,7.576283728446924
2010,222.65891598040798,360.8548031390112,583.5137191194192,0.9658767772511849,1608.5783482460747,9.067976293687707
2011,222.8112923192852,365.99466311704407,588.8059554363292,0.9658767772511849,1618.3553090975765,9.776960851501826
2012,213.70079121588887,372.97725290758524,586.6780441234741,0.9658767772511849,1626.3004347440185,7.945125646441966
2013,225.01673932935032,372.6442144644898,597.6609537938401,0.9658767772511849,1636.9698878461975,10.669453102178977
2014,216.49168415953494,380.3961968225409,596.8878809820758,0.9658767772511849,1646.153670861277,9.183783015079598
2015,210.13999677054736,387.4758223403408,597.6158191108882,0.9658767772511849,1654.520433083887,8.36676222260985
2016,217.28564508315839,379.4876497908962,596.7732948740546,0.9658767772511849,1661.6438524336909,7.123419349803953
2017,215.0,385.0082127080213,600.0082127080213,0.9658767772511849,1669.0185130773832,7.374660643692323
2018,215.0,387.8058049137809,602.8058049137809,0.9658767772511849,1676.4705291988628,7.4520161214795735
2019,215.0,394.70580491378087,609.7058049137809,0.9658767772511849,1685.3505718714666,8.88004267260385
2020,215.0,388.1958049137809,603.1958049137809,0.9658767772511849,1691.04985885535,5.6992869838834395
