,natemis,Antr+BB,Totemis,ch4lifetime_fact,Conc,Trend
1950,215.0,145.72559245704448,360.7255924570445,1.0,1150.1896481473018,
1951,215.0,161.1689540027448,376.16895400274484,1.0,1146.2943445382887,-3.8953036090131263
1952,215.0,166.6584490009245,381.6584490009245,1.0,1144.6577636741636,-1.6365808641251078
1953,215.0,171.95470236258384,386.9547023625838,1.0,1144.962837805201,0.30507413103737235
1954,215.0,176.831012412122,391.831012412122,1.0,1146.8527342067257,1.8898964015247657
1955,215.0,181.387095949852,396.387095949852,1.0,1150.0436817222278,3.1909475155021028
1956,215.0,187.50680733097954,402.50680733097954,1.0,1154.9091407439503,4.865459021722472
1957,215.0,193.07946030314662,408.0794603031466,1.0,1161.079987236674,6.17084649272374
1958,215.0,195.59294054388116,410.5929405438811,1.0,1167.3943821275964,6.314394890922358
1959,215.0,200.08069559638636,415.08069559638636,1.0,1174.4917303558884,7.097348228292049
1960,215.0,204.8419977523652,419.84199775236516,1.0,1182.375184714232,7.88345435834367
1961,215.0,212.9151721685548,427.9151721685548,1.0,1192.0562979336885,9.681113219456392
1962,215.0,215.1761447816861,430.1761447816861,1.0,1201.404079272386,9.347781338697587
1963,215.0,224.35374091013003,439.35374091013,1.0,1212.752237010504,11.348157738117834
1964,215.0,224.902024917875,439.902024917875,1.0,1223.0117745600314,10.259537549527522
1965,215.0,231.2054970495285,446.2054970495285,1.0,1234.2153623612585,11.203587801227059
1966,215.0,235.0392045912452,450.0392045912452,1.0,1245.4373094788912,11.22194711763268
1967,215.0,241.25473865712786,456.25473865712786,1.0,1257.466349360261,12.029039881369727
1968,215.0,244.44543722988774,459.4454372298877,1.0,1269.2078373912525,11.741488030991604
1969,215.0,248.48463021268853,463.48463021268856,1.0,1280.9756790599286,11.767841668676056
1970,215.0,253.9100454011647,468.91004540116467,1.0,1293.2271625494825,12.251483489553948
1971,215.0,257.57479257777885,472.57479257777885,1.0,1305.323575790977,12.096413241494474
1972,215.0,264.87815496199676,479.87815496199676,1.0,1318.4903370189277,13.166761227950701
1973,215.0,267.174414913303,482.174414913303,1.0,1330.945193326507,12.454856307579348
1974,215.0,268.77272781252634,483.77272781252634,1.0,1342.536131779731,11.590938453223998
1975,215.0,271.02888398583644,486.02888398583644,1.0,1353.5782956974845,11.042163917753442
1976,215.0,275.0518357547742,490.0518357547742,1.0,1364.719724489364,11.141428791879434
1977,215.0,277.72254164205543,492.72254164205543,1.0,1375.5003449037574,10.780620414393525
1978,215.0,279.07729251334416,494.07729251334416,1.0,1385.5236471058918,10.023302202134346
1979,215.0,283.36524243347924,498.36524243347924,1.0,1395.8482782681228,10.324631162231071
1980,215.0,282.2371159769046,497.2371159769046,1.0,1404.642309459243,8.794031191120212
1981,215.0,277.5286029825358,492.5286029825358,1.0,1410.8883997835057,6.2460903242626955
1982,215.0,285.26941946839,500.26941946839,1.0,1419.0051389735354,8.116739190029648
1983,215.0,279.04267506764637,494.04267506764637,1.0,1424.145706510121,5.14056753658565
1984,215.0,284.0863192602393,499.0863192602393,1.0,1430.3852215919246,6.2395150818035745
1985,215.0,287.0049229958179,502.0049229958179,1.0,1436.8951011027134,6.509879510788778
1986,215.0,290.9973934447917,505.9973934447917,1.0,1444.0016062784841,7.106505175770735
1987,215.0,295.28841803933904,510.28841803933904,1.0,1451.737055639009,7.7354493605248535
1988,215.0,299.1743864512828,514.1743864512828,1.0,1459.8965436463664,8.159488007357368
1989,215.0,304.2999708971575,519.2999708971574,1.0,1468.844154957379,8.947611311012679
1990,213.229158495527,307.58244894288526,520.8116074384122,1.0,1477.2917780279904,8.447623070611371
1991,230.46401973376058,320.3405374138564,550.804557147617,1.0,1494.751464518546,17.45968649055567
1992,187.08466023758422,304.1997961122732,491.2844563498574,1.0,1490.4949444088775,-4.2565201096686
1993,201.07742439463695,305.23302163145047,506.31044602608745,1.0,1491.703799807796,1.2088553989185584
1994,209.91391164352387,317.2848254228341,527.198737066358,1.0,1499.7124114367798,8.008611628983772
1995,200.85765603448098,311.7473692430924,512.6050252775734,1.0,1501.979045431371,2.2666339945913023
1996,212.4591393800404,313.88494695523417,526.3440863352746,1.0,1508.5533833504364,6.574337919065329
1997,217.02081046246136,337.0204142930985,554.0412247555598,1.0,1523.5873055743516,15.03392222391517
1998,202.568436978653,317.9406473511351,520.5090843297882,1.0,1525.804885491898,2.2175799175463453
1999,215.78806866900686,313.09385370096595,528.8819223699728,1.0,1530.5540246594785,4.749139167580552
2000,226.5622479195188,314.79158226734603,541.3538301868648,1.0,1538.912194129532,8.358169470053554
2001,215.0509626165587,315.2928524514628,530.3438150680215,1.0,1542.6790674030012,3.766873273469173
2002,216.04073174324364,322.1007386331392,538.1414703763828,1.0,1548.6130590513872,5.933991648385927
2003,213.98055262609702,328.4756943824689,542.4562470085659,1.0,1555.3151673848463,6.702108333459137
2004,208.00169259421529,335.7220642725255,543.7237568667408,1.0,1561.687664549955,6.372497165108598
2005,205.4572700159953,341.88187367125875,547.339143687254,1.0,1568.5469747469924,6.85931019703753
2006,211.2339594451393,352.4529993712408,563.6869588163802,1.0,1580.065877161896,11.51890241490355
2007,223.672583039232,349.7789386288197,573.4515216680517,1.0,1593.5369336282288,13.471056466332811
2008,228.03049543871128,353.30974763980123,581.3402430785125,1.0,1608.1187637621574,14.581830133928634
2009,235.04040686312868,355.2102928669951,590.2506997301238,1.0,1624.02621984627,15.907456084112482
2010,224.2663857353366,360.8548031390112,585.1211888743478,1.0,1636.4494680075409,12.423248161270976
2011,247.4109003803281,365.99466311704407,613.4055634973722,1.0,1656.8723647350955,20.422896727554644
2012,216.66762554529598,372.97725290758524,589.6448784528812,1.0,1667.1197309673375,10.24736623224203
2013,222.88330630031555,372.6442144644898,595.5275207648053,1.0,1678.1727907587651,11.053059791427586
2014,220.24898314608367,380.3961968225409,600.6451799686246,1.0,1689.6873487299056,11.514557971140448
2015,215.0,387.4758223403408,602.4758223403408,1.0,1700.520409860646,10.833061130740361
2016,215.0,379.4876497908962,594.4876497908963,1.0,1707.4883412131346,6.967931352488677
2017,215.0,385.0082127080213,600.0082127080213,1.0,1715.5089513526195,8.020610139484916
2018,215.0,387.8058049137809,602.8058049137809,1.0,1723.5603193333259,8.051367980706345
2019,215.0,394.70580491378087,609.7058049137809,1.0,1733.0010397441538,9.440720410827907
2020,215.0,388.1958049137809,603.1958049137809,1.0,1739.223298470536,6.222258726382279
