,natemis,Antr+BB,Totemis,ch4lifetime_fact,Conc,Trend
1950,215.0,140.0104525128931,355.0104525128931,0.9900099900099899,1147.1489287904437,
1951,215.0,155.2647590189582,370.2647590189582,0.9900099900099899,1140.5003153549203,-6.64861343552343
1952,215.0,160.56519897750266,375.56519897750263,0.9900099900099899,1136.3612417898482,-4.139073565072067
1953,215.0,165.67239729952678,380.6723972995268,0.9900099900099899,1134.3842480834603,-1.9769937063879297
1954,215.0,170.3596523094297,385.3596523094297,0.9900099900099899,1134.1858751986256,-0.19837288483472548
1955,215.0,174.7266808075245,389.72668080752453,0.9900099900099899,1135.4590477156967,1.2731725170710888
1956,215.0,180.6573371490168,395.6573371490168,0.9900099900099899,1138.5564955290818,3.097447813385088
1957,215.0,186.04093508154867,401.0409350815487,0.9900099900099899,1143.0907171130575,4.53422158397575
1958,215.0,188.36536028264797,403.365360282648,0.9900099900099899,1147.8843446737148,4.793627560657342
1959,215.0,192.664060295518,407.66406029551797,0.9900099900099899,1153.5632309794678,5.67888630575294
1960,215.0,197.23630741186156,412.23630741186156,0.9900099900099899,1160.1182009983072,6.554970018839413
1961,215.0,205.11807849022705,420.11807849022705,0.9832246039142591,1167.75196670371,7.633765705402766
1962,215.0,207.1876477655343,422.1876477655343,0.9828209764918625,1175.1574358053365,7.405469101626522
1963,215.0,216.17384055615415,431.1738405561541,0.9808988764044944,1184.4717195499968,9.314283744660315
1964,215.0,216.530721226075,431.530721226075,0.9943820224719102,1194.458321344752,9.986601794755188
1965,215.0,222.6427900199044,437.6427900199044,0.9990958408679929,1205.9094449052297,11.451123560477754
1966,215.0,226.28509422379705,441.28509422379705,0.9891500904159132,1216.0894609551412,10.1800160499115
1967,215.0,232.3092249518556,447.30922495185564,0.9945750452079567,1227.779823200542,11.69036224540082
1968,215.0,235.30852018679144,450.30852018679144,0.9936708860759491,1239.04001112692,11.260187926377967
1969,215.0,239.15630983176808,454.1563098317681,0.9850885368126747,1249.2386133045604,10.198602177640396
1970,215.0,244.39032168242014,459.3903216824201,1.0018083182640147,1262.1057289548971,12.8671156503367
1971,215.0,249.2500236569801,464.2500236569801,0.9891500904159132,1273.5567549261657,11.451025971268564
1972,215.0,257.1728277174416,472.1728277174416,0.9990958408679929,1287.6083607435432,14.051605817377549
1973,215.0,260.25257580258824,475.25257580258824,0.9850885368126747,1299.2995523124416,11.691191568898375
1974,215.0,261.75608614159665,476.75608614159665,0.9898876404494381,1310.7945843027794,11.495031990337793
1975,215.0,262.9879199985267,477.9879199985267,0.9963833634719712,1322.2517401379337,11.457155835154254
1976,215.0,269.88077697352765,484.88077697352765,1.0081374321880652,1336.2380173448478,13.98627720691411
1977,215.0,273.963154930751,488.963154930751,1.0055917986952472,1349.693220435408,13.45520309056019
1978,215.0,276.2604287421843,491.2604287421843,1.015370705244123,1363.6885296564867,13.995309221078742
1979,215.0,281.5334355614996,496.5334355614996,1.011754068716094,1377.4140647253553,13.725535068868567
1980,215.0,283.2799933041633,498.2799933041633,1.014911463187325,1390.6160401003162,13.201975374960966
1981,215.0,279.7228833024812,494.7228833024812,1.011183597390494,1400.6774810708746,10.061440970558351
1982,215.0,287.61463066683257,502.61463066683257,1.0195712954333644,1413.3694194575464,12.691938386671836
1983,215.0,281.5577046073275,496.5577046073275,1.0074557315936628,1421.0062667445468,7.636847287000364
1984,215.0,284.9536362831875,499.9536362831875,1.0027958993476236,1428.2754348809917,7.269168136444932
1985,215.0,285.63759742417085,500.63759742417085,0.9900542495479203,1433.1558286140182,4.880393733026494
1986,215.0,290.77781253724584,505.77781253724584,1.0027958993476236,1441.001698952304,7.845870338285749
1987,215.0,295.02494838641707,510.02494838641707,1.0027124773960217,1449.3696002278027,8.367901275498753
1988,215.0,298.6755905767461,513.6755905767461,0.9953401677539611,1456.9602910592619,7.590690831459142
1989,215.0,302.17109081824873,517.1710908182488,1.0041493775933612,1466.1231297402933,9.162838681031417
1990,215.0,305.2999200711051,520.2999200711051,1.007233273056058,1475.7431927803027,9.620063040009427
1991,215.0,318.81183287573293,533.811832875733,1.0144665461121156,1489.8117446010015,14.068551820698758
1992,215.0,299.49068782266335,514.4906878226634,1.011183597390494,1495.4345709689403,5.622826367938842
1993,215.0,299.5481852918242,514.5481852918242,1.0027958993476236,1499.2354033825698,3.8008324136294505
1994,215.0,310.39650696329267,525.3965069632927,1.0009319664492078,1505.9397689306809,6.704365548111127
1995,215.0,305.56039716107193,520.5603971610719,0.988245931283906,1508.3896421640509,2.449873233369999
1996,215.0,307.45705920620384,522.4570592062039,0.9953401677539611,1512.261127228685,3.8714850646340437
1997,215.0,331.457796516877,546.457796516877,0.9981916817359855,1524.0919452979258,11.830818069240877
1998,215.0,315.50915615703855,530.5091561570385,0.9960567823343849,1528.9795331127293,4.88758781480351
1999,215.0,309.5890972813972,524.5890972813972,0.985307621671258,1529.7080548377517,0.7285217250223468
2000,225.33464648533754,310.3755556419565,535.710202127294,1.0,1536.2872093420572,6.579154504305507
2001,213.90725818028523,313.1005194228316,527.0077776031169,0.9924026590693258,1538.0845395219328,1.7973301798756438
2002,206.08713084067384,322.47491151980734,528.5620423604812,0.9933523266856601,1540.3407650794354,2.256225557502603
2003,209.0015641978755,328.33133481161764,537.3328990094931,0.9895536562203229,1544.6686636232605,4.327898543825086
2004,211.85378132861666,339.1599047856282,551.0136861142448,0.9925442684063377,1553.510532035589,8.841868412328495
2005,218.12985384089802,346.62478641877203,564.75464025967,0.9870129870129869,1565.0520964177733,11.541564382184333
2006,219.0184620026358,356.7053574534424,575.7238194560782,0.986013986013986,1578.768332812327,13.716236394553562
2007,216.66730312367744,355.2617524896731,571.9290556133506,0.986013986013986,1589.6717895030336,10.903456690706662
2008,219.12283847034666,360.75844432030715,579.8812827906538,0.9687203791469194,1599.1447897966714,9.473000293637824
2009,222.3235176760374,364.45377111581536,586.7772887918527,0.9696969696969695,1609.9782158900641,10.833426093392745
2010,226.60960973237948,371.1593157300012,597.7689254623807,0.9658767772511849,1622.5642977645616,12.586081874497495
2011,221.89235666632754,372.924998542445,594.8173552087726,0.9658767772511849,1632.7218731416278,10.157575377066223
2012,216.87255692976458,381.0856580369786,597.9582149667432,0.9658767772511849,1642.74988531508,10.028012173452225
2013,225.04080496585394,381.87778643760544,606.9185914034593,0.9658767772511849,1654.5919186060894,11.84203329100933
2014,224.25213535169536,388.1687589286987,612.4208942803941,0.9658767772511849,1666.8928941361826,12.300975530093183
2015,222.68572023447146,398.732,621.4177202344715,0.9658767772511849,1680.7580519282824,13.865157792099808
2016,227.65943387735993,390.97880000000004,618.63823387736,0.9658767772511849,1692.1043430226202,11.346291094337857
2017,230.3672479145878,393.4056,623.7728479145878,0.9658767772511849,1703.8448455446137,11.740502521993449
2018,230.83945968551512,395.1424,625.9818596855151,0.9658767772511849,1714.9645555404427,11.119709995828998
2019,237.65747052156087,403.9392,641.5966705215609,0.9658767772511849,1729.9778436328306,15.013288092387938
2020,237.0142281363306,399.326,636.3402281363306,0.9658767772511849,1741.5190718190634,11.541228186232729
