,natemis,Antr+BB,Totemis,ch4lifetime_fact,Conc,Trend
1950,215.0,145.69132180652684,360.69132180652684,1.0,1150.1782699641674,
1951,215.0,161.13354968984004,376.13354968984004,1.0,1146.2724858029476,-3.905784161219799
1952,215.0,166.62191102563256,381.6219110256326,1.0,1144.6262215096126,-1.6462642933349798
1953,215.0,171.91703072490478,386.91703072490475,1.0,1144.9223200803997,0.29609857078708046
1954,215.0,176.79220711205573,391.79220711205573,1.0,1146.8038695303903,1.8815494499906436
1955,215.0,181.34715698739865,396.34715698739865,1.0,1149.98702831762,3.1831587872295586
1956,215.0,187.46573470613905,402.4657347061391,1.0,1154.8451943299488,4.858166012328866
1957,215.0,193.03725401591896,408.03725401591896,1.0,1161.0091880264072,6.163993696458419
1958,215.0,195.54960059426637,410.5496005942664,1.0,1167.3171210434325,6.307933017025334
1959,215.0,200.03622198438438,415.0362219843844,1.0,1174.4083545485307,7.0912335050982165
1960,215.0,204.79639047797613,419.79639047797616,1.0,1182.2860024638442,7.877647915313446
1961,215.0,212.86841715028493,427.8684171502849,1.0,1191.9615783270447,9.675575863200493
1962,215.0,215.12824201953555,430.12824201953555,1.0,1201.3040612665568,9.342482939512138
1963,215.0,224.30469040409875,439.3046904040988,1.0,1212.6471328064843,11.34307153992745
1964,215.0,224.85182666796288,439.8518266679629,1.0,1222.9017725986248,10.254639792140551
1965,215.0,231.1541510557357,446.1541510557357,1.0,1234.1006299835094,11.198857384884604
1966,215.0,234.98671085357168,449.9867108535717,1.0,1245.3179952886305,11.21736530512112
1967,215.0,241.20109717557358,456.2010971755736,1.0,1257.3425853221165,12.024590033485993
1968,215.0,244.3906480044528,459.3906480044528,1.0,1269.0797406937436,11.737155371627068
1969,215.0,248.42869324337278,463.4286932433728,1.0,1280.8433537699493,11.76361307620573
1970,215.0,253.8529606879682,468.8529606879682,1.0,1293.0907010815351,12.247347311585827
1971,215.0,257.52620629587904,472.52620629587904,1.0,1305.1862628341369,12.095561752601725
1972,215.0,264.8182405958808,479.8182405958808,1.0,1318.3485068824914,13.162244048354523
1973,215.0,267.14971892758393,482.14971892758393,1.0,1330.8110446385672,12.46253775607579
1974,215.0,268.7846400384715,483.7846400384715,1.0,1342.4209587225641,11.609914083996955
1975,215.0,271.109550132768,486.109550132768,1.0,1353.5028005236707,11.08184180110652
1976,215.0,275.151199176438,490.151199176438,1.0,1364.685672131297,11.182871607626339
1977,215.0,277.8837806829508,492.8837806829508,1.0,1375.5236382965377,10.837966165240687
1978,215.0,279.1532573379765,494.1532573379765,1.0,1385.5695533793412,10.045915082803504
1979,215.0,283.509905097283,498.509905097283,1.0,1395.9370737914542,10.367520412112981
1980,215.0,282.39789700257745,497.39789700257745,1.0,1404.774543363745,8.837469572290729
1981,215.0,277.70632086781643,492.70632086781643,1.0,1411.064831463179,6.290288099434065
1982,215.0,285.44898160510485,500.44898160510485,1.0,1419.2214319028724,8.15660043969342
1983,215.0,279.2322937007664,494.2322937007664,1.0,1424.4007362690568,5.179304366184397
1984,215.0,284.2736509570633,499.2736509570633,1.0,1430.6738915244612,6.27315525540439
1985,215.0,287.21176940850773,502.21176940850773,1.0,1437.2201235831917,6.5462320587305385
1986,215.0,291.2706380860499,506.2706380860499,1.0,1444.3809557498826,7.160832166690852
1987,215.0,295.5911049346384,510.5911049346384,1.0,1452.1744242056377,7.793468455755146
1988,215.0,299.50593861356083,514.5059386135608,1.0,1460.395018441593,8.220594235955332
1989,215.0,304.6665974459152,519.6665974459152,1.0,1469.4085389345191,9.01352049292609
1990,196.74772668865427,307.914041620146,504.6617683088003,1.0,1472.4310670425791,3.022528108059987
1991,198.2364378165914,320.68279532797294,518.9192331445644,1.0,1479.8487764485128,7.417709405933692
1992,187.79558900194488,304.53940686846767,492.3349958704125,1.0,1477.6097027435565,-2.239073704956354
1993,189.79585223160905,305.54609779725865,495.3419500288677,1.0,1476.61967609927,-0.9900266442864449
1994,197.35571953699662,317.597620646701,514.9533401836976,1.0,1482.2516717063302,5.631995607060162
1995,197.11477002867338,312.19366926980626,509.30843929847964,1.0,1485.3788905461329,3.1272188398027083
1996,209.69448889653663,314.27731063372306,523.9717995302597,1.0,1493.024329585931,7.6454390397980205
1997,210.47768420635288,337.39423398689746,547.8719181932504,1.0,1507.748774695443,14.72444510951209
1998,209.4890943325314,318.3664476301497,527.8555419626812,1.0,1514.1788924594553,6.430117764012266
1999,218.13505086211853,313.54878980346416,531.6838406655827,1.0,1521.1600602417932,6.981167782337934
2000,224.43379724003518,315.2590354804872,539.6928327205223,1.0,1530.0186069545991,8.858546712805946
2001,209.41124316982896,315.6535417996881,525.0647849695171,1.0,1533.0286087478366,3.0100017932375067
2002,214.11349174689514,322.5524780298677,536.6659697767628,1.0,1539.5532840856458,6.524675337809185
2003,210.067351186169,328.93805732438307,539.0054085105521,1.0,1546.1241060864047,6.570822000758881
2004,215.94404838269085,336.0629318005267,552.0069801832176,1.0,1556.2758376193992,10.151731532994518
2005,208.63713125161553,342.20939793202444,550.84652918364,1.0,1564.9055967338654,8.629759114466196
2006,219.32569205221733,352.88884852886645,572.2145405810838,1.0,1579.6634635983796,14.757866864514199
2007,218.0672449705479,350.1027628899805,568.1700078605284,1.0,1591.42606539594,11.762601797560365
2008,221.76288071196748,353.6885615404862,575.4514422524537,1.0,1604.289111817844,12.863046421904073
2009,224.22978858618197,355.1745289722293,579.4043175584113,1.0,1617.024272445434,12.735160627589948
2010,221.6122031167196,360.86969570672267,582.4818988234423,1.0,1629.3552607016338,12.330988256199817
2011,234.96775986419928,366.86200176465536,601.8297616288546,1.0,1646.729220650498,17.37395994886424
2012,214.6834019506841,372.93936189598577,587.6227638466698,1.0,1657.4409555994482,10.711734948950152
2013,213.16365728260934,372.12612208235606,585.2897793649654,1.0,1666.178722114839,8.737766515390831
2014,219.12119513617802,379.6360199266544,598.7572150628324,1.0,1678.4094362131439,12.230714098304816
2015,212.69994127272804,386.38580047504416,599.0857417477722,1.0,1689.3797485643763,10.970312351232451
2016,204.5384273311009,378.3196319917136,582.8580593228145,1.0,1693.7339671512943,4.354218586918023
2017,216.96409157036751,383.4074474991411,600.3715390695086,1.0,1703.4152853946316,9.681318243337273
2018,218.8718073210817,388.5484716668797,607.4202789879614,1.0,1714.3528332522073,10.937547857575737
2019,213.25609550943,399.41284493865857,612.6689404480885,1.0,1725.8083071857905,11.455473933583107
2020,215.0,396.9719628374015,611.9719628374015,1.0,1735.7497059676655,9.941398781875023
