,natemis,Antr+BB,Totemis,ch4lifetime_fact,Conc,Trend
1950,215.0,145.72559245704448,360.7255924570445,1.1198738170347002,1162.4003296292603,
1951,215.0,161.1689540027448,376.16895400274484,1.1198738170347002,1169.3970141020766,6.996684472816241
1952,215.0,166.6584490009245,381.6584490009245,1.1198738170347002,1177.5125067646306,8.115492662554061
1953,215.0,171.95470236258384,386.9547023625838,1.1198738170347002,1186.5681645858574,9.05565782122676
1954,215.0,176.831012412122,391.831012412122,1.1198738170347002,1196.327888500544,9.759723914686674
1955,215.0,181.387095949852,396.387095949852,1.1198738170347002,1206.612953153985,10.28506465344094
1956,215.0,187.50680733097954,402.50680733097954,1.1198738170347002,1217.8917537580837,11.278800604098706
1957,215.0,193.07946030314662,408.0794603031466,1.1198738170347002,1229.8802914166345,11.98853765855074
1958,215.0,195.59294054388116,410.5929405438811,1.1198738170347002,1241.4849181814195,11.604626764785053
1959,215.0,200.08069559638636,415.08069559638636,1.1198738170347002,1253.403871341767,11.918953160347428
1960,215.0,204.8419977523652,419.84199775236516,1.1198738170347002,1265.6964038929389,12.292532551171917
1961,215.0,212.9151721685548,427.9151721685548,1.113564668769716,1278.7942246260814,13.097820733142498
1962,215.0,215.1761447816861,430.1761447816861,1.1159305993690851,1291.5459148370528,12.751690210971447
1963,215.0,224.35374091013003,439.35374091013,1.1175078864353312,1306.218520768528,14.672605931475118
1964,215.0,224.902024917875,439.902024917875,1.1190851735015772,1319.7383068196496,13.519786051121628
1965,215.0,231.2054970495285,446.2054970495285,1.1175078864353312,1333.8170399865012,14.078733166851634
1966,215.0,235.0392045912452,450.0392045912452,1.1064668769716088,1346.554827421926,12.737787435424707
1967,215.0,241.25473865712786,456.25473865712786,1.1056782334384858,1359.9679766583897,13.413149236463823
1968,215.0,244.44543722988774,459.4454372298877,1.1054131054131053,1373.0337001181447,13.065723459754963
1969,215.0,248.48463021268853,463.48463021268856,1.0962145110410093,1385.0664922712494,12.032792153104765
1970,215.0,253.9100454011647,468.91004540116467,1.1017350157728707,1398.2872158162677,13.220723545018245
1971,215.0,257.57479257777885,472.57479257777885,1.107312440645774,1411.9976309831936,13.71041516692594
1972,215.0,264.87815496199676,479.87815496199676,1.0949667616334284,1425.3071688585424,13.309537875348724
1973,215.0,267.174414913303,482.174414913303,1.0864197530864197,1436.9848839106899,11.677715052147505
1974,215.0,268.77272781252634,483.77272781252634,1.092117758784425,1448.657574766906,11.67269085621615
1975,215.0,271.02888398583644,486.02888398583644,1.0892687559354226,1459.5234842220636,10.865909455157635
1976,215.0,275.0518357547742,490.0518357547742,1.090218423551757,1470.7123011443146,11.188816922250908
1977,215.0,277.72254164205543,492.72254164205543,1.0816714150047484,1480.5697291960573,9.857428051742772
1978,215.0,279.07729251334416,494.07729251334416,1.0721747388414056,1488.645288616148,8.075559420090713
1979,215.0,283.36524243347924,498.36524243347924,1.0796529968454258,1498.2466386776653,9.601350061517223
1980,215.0,282.2371159769046,497.2371159769046,1.0978157644824313,1508.7344809485114,10.487842270846158
1981,215.0,277.5286029825358,492.5286029825358,1.0788224121557457,1514.1726609616867,5.43818001317527
1982,215.0,285.26941946839,500.26941946839,1.0858490566037737,1522.5164265288831,8.343765567196442
1983,215.0,279.04267506764637,494.04267506764637,1.0683760683760681,1525.6476428597423,3.1312163308591607
1984,215.0,284.0863192602393,499.0863192602393,1.0826210826210825,1531.9824074687842,6.33476460904194
1985,215.0,287.0049229958179,502.0049229958179,1.0759734093067426,1537.7618109357431,5.779403466958911
1986,215.0,290.9973934447917,505.9973934447917,1.0664767331433995,1543.0055867666279,5.243775830884715
1987,215.0,295.28841803933904,510.28841803933904,1.0597156398104266,1548.2106177534904,5.205030986862539
1988,215.0,299.1743864512828,514.1743864512828,1.056980056980057,1553.78080107774,5.570183324249683
1989,215.0,304.2999708971575,519.2999708971574,1.0503323836657168,1559.5434705524603,5.762669474720269
1990,196.74772668865427,307.58244894288526,504.33017563153953,1.0556603773584907,1560.4422823193215,0.8988117668611721
1991,198.2364378165914,320.3405374138564,518.5769752304478,1.0797752808988763,1569.2483893594108,8.806107040089273
1992,187.79558900194488,304.1997961122732,491.99538511421804,1.074688796680498,1567.5923900746566,-1.6559992847542162
1993,189.79585223160905,305.23302163145047,495.0288738630595,1.0382022471910113,1562.0781792817045,-5.514210792952099
1994,197.35571953699662,317.2848254228341,514.6405449598308,1.053932584269663,1565.8987399163827,3.820560634678259
1995,197.11477002867338,311.7473692430924,508.8621392717658,1.0258426966292136,1563.3830927699446,-2.515647146438141
1996,209.69448889653663,313.88494695523417,523.5794358517708,1.0126182965299684,1564.0780117680654,0.6949189981207837
1997,210.47768420635288,337.0204142930985,547.4980984994513,1.0674157303370786,1580.47777407093,16.3997623028647
1998,209.4890943325314,317.9406473511351,527.4297416836665,1.0443396226415094,1585.2240929650764,4.74631889414627
1999,218.13505086211853,313.09385370096595,531.2289045630845,1.0058091286307054,1584.998461264192,-0.225631700884378
2000,224.43379724003518,314.79158226734603,539.2253795073811,1.0,1586.5538092700547,1.5553480058626974
2001,209.41124316982896,315.2928524514628,524.7040956212918,1.0141509433962264,1585.2872768908896,-1.266532379165028
2002,214.11349174689514,322.1007386331392,536.2142303800343,1.02909796314258,1590.2202967398307,4.933019848941058
2003,210.067351186169,328.4756943824689,538.5430455686378,1.0404494382022471,1597.0501660816224,6.829869341791664
2004,215.94404838269085,335.7220642725255,551.6661126552164,1.0337078651685394,1606.5173236518258,9.467157570203426
2005,208.63713125161553,341.88187367125875,550.5190049228743,1.0112359550561796,1611.1686661794527,4.651342527626866
2006,219.32569205221733,352.4529993712408,571.7786914234582,1.0146067415730338,1622.8885655299596,11.719899350506921
2007,218.0672449705479,349.7789386288197,567.8461835993676,1.0258426966292136,1633.7332071114313,10.844641581471706
2008,221.76288071196748,353.30974763980123,575.0726283517687,1.0,1641.7333437559196,8.000136644488293
2009,224.22978858618197,355.2102928669951,579.4400814531771,1.0078651685393258,1651.5500128356873,9.816669079767735
2010,221.6122031167196,360.8548031390112,582.4670062557308,1.0024896265560168,1660.4141760313944,8.864163195707079
2011,234.96775986419928,365.99466311704407,600.9624229812433,1.0024896265560168,1674.4292870604593,14.015111029064883
2012,214.6834019506841,372.97725290758524,587.6606548582694,1.0024896265560168,1682.461469107017,8.032182046557637
2013,213.16365728260934,372.6442144644898,585.8078717470992,1.0024896265560168,1688.9809117293203,6.519442622303359
2014,219.12119513617802,380.3961968225409,599.5173919587189,1.0024896265560168,1699.3241375413165,10.343225811996263
2015,212.69994127272804,387.4758223403408,600.1757636130689,1.0024896265560168,1708.7302198966618,9.406082355345234
2016,204.5384273311009,379.4876497908962,584.0260771219971,1.0024896265560168,1711.7227322928234,2.992512396161601
2017,216.96409157036751,385.0082127080213,601.9723042783888,1.0024896265560168,1720.339934205122,8.617201912298697
2018,218.8718073210817,387.8058049137809,606.6776122348626,1.0024896265560168,1729.5566512254813,9.216717020359283
2019,213.25609550943,394.70580491378087,607.9619004232109,1.0024896265560168,1738.1699380181801,8.613286792698773
2020,215.0,388.1958049137809,603.1958049137809,1.0024896265560168,1744.2381823003298,6.068244282149635
