,natemis,Antr+BB,Totemis,ch4lifetime_fact,Conc,Trend
1950,215.0,165.44423622518232,380.4442362251823,1.1198738170347002,1168.9830164644,
1951,215.0,181.5398843317661,396.5398843317661,1.1198738170347002,1182.10862089912,13.125604434720117
1952,215.0,187.68166589082924,402.6816658908292,1.1198738170347002,1195.9455568021067,13.836935902986625
1953,215.0,193.63020581337207,408.6302058133721,1.1198738170347002,1210.3567490935725,14.411192291465795
1954,215.0,199.15880242379365,414.15880242379365,1.1198738170347002,1225.14342618526,14.78667709168758
1955,215.0,204.36717252240715,419.36717252240715,1.1198738170347002,1240.1603823089044,15.016956123644377
1956,215.0,211.13917046441813,426.13917046441816,1.1198738170347002,1255.906112826935,15.745730518030541
1957,215.0,217.36410999746863,432.36410999746863,1.1198738170347002,1272.12364838491,16.217535557974998
1958,215.0,220.52987679908665,435.52987679908665,1.1198738170347002,1287.743613209844,15.619964824933959
1959,215.0,225.6699184124753,440.66991841247534,1.1198738170347002,1303.4860406871871,15.742427477343199
1960,215.0,231.08350712933756,446.0835071293376,1.1198738170347002,1319.4297564216458,15.943715734458692
1961,215.0,239.81707031491294,454.81707031491294,1.113564668769716,1335.999004039784,16.569247618138206
1962,215.0,242.73843169743012,457.7384316974301,1.1159305993690851,1352.0978280080956,16.098823968311535
1963,215.0,252.57641659525984,467.57641659525984,1.1175078864353312,1370.0033224035428,17.90549439544725
1964,215.0,253.78508937239053,468.78508937239053,1.1190851735015772,1386.6542111566282,16.650888753085383
1965,215.0,260.7489502734299,475.7489502734299,1.1175078864353312,1403.756370547861,17.102159391232817
1966,215.0,265.2430465845324,480.2430465845324,1.1064668769716088,1419.3660756309594,15.609705083098333
1967,215.0,272.1189694198009,487.1189694198009,1.1056782334384858,1435.5708755399753,16.204799909015946
1968,215.0,275.9700567619466,490.9700567619466,1.1054131054131053,1451.3591527381016,15.788277198126252
1969,215.0,280.66963851413317,495.66963851413317,1.0962145110410093,1465.994421619717,14.635268881615502
1970,215.0,286.7554424719951,501.7554424719951,1.1017350157728707,1481.8047907288326,15.810369109115527
1971,215.0,296.29479715759095,511.29479715759095,1.107312440645774,1499.8354550110703,18.030664282237694
1972,215.0,309.7925504905967,524.7925504905967,1.0949667616334284,1518.9959053834614,19.160450372391097
1973,215.0,321.5097804752024,536.5097804752024,1.0864197530864197,1538.9888375828045,19.99293219934316
1974,215.0,323.90781625487864,538.9078162548786,1.092117758784425,1558.423940461222,19.43510287841741
1975,215.0,317.6599241426396,532.6599241426396,1.0892687559354226,1573.3818842445899,14.95794378336791
1976,215.0,332.4310155097663,547.4310155097663,1.090218423551757,1591.8284382814106,18.44655403682077
1977,215.0,331.86937666306744,546.8693766630674,1.0816714150047484,1607.0204724006467,15.192034119236041
1978,215.0,341.8147800298701,556.8147800298701,1.0721747388414056,1622.6286797863668,15.608207385720107
1979,215.0,343.8016532522121,558.8016532522121,1.0796529968454258,1638.2870132521298,15.658333465763008
1980,215.0,336.43435957683573,551.4343595768357,1.0978157644824313,1652.3302029214583,14.043189669328513
1981,215.0,319.944026226233,534.9440262262331,1.0788224121557457,1656.7991313805262,4.468928459067911
1982,215.0,325.4862880386215,540.4862880386215,1.0858490566037737,1663.6268040518191,6.82767267129293
1983,215.0,314.78340390067586,529.7834039006759,1.0683760683760681,1663.7011729140443,0.0743688622251284
1984,215.0,313.6218524399723,528.6218524399724,1.0826210826210825,1665.400904281744,1.6997313676997692
1985,215.0,312.6892946359584,527.6892946359584,1.0759734093067426,1665.6743227619136,0.2734184801695392
1986,215.0,315.3279750176004,530.3279750176005,1.0664767331433995,1665.439396525799,-0.23492623611446106
1987,215.0,317.2485140553672,532.2485140553672,1.0597156398104266,1664.8875403642226,-0.551856161576552
1988,215.0,321.411691319549,536.4116913195489,1.056980056980057,1665.3802058721649,0.4926655079423199
1989,215.0,324.1105786961214,539.1105786961214,1.0503323836657168,1665.7364274782353,0.3562216060704486
1990,195.859372138931,328.0908796007256,523.9502517396566,1.0556603773584907,1661.7957677393422,-3.940659738893146
1991,196.4677865234781,341.6898806403371,538.1576671638152,1.0797752808988763,1666.4742104543275,4.6784427149852945
1992,186.22954503459533,321.75928362938964,507.988828663985,1.074688796680498,1659.8879878567748,-6.586222597552705
1993,187.33483185418655,320.736322800518,508.0711546547045,1.0382022471910113,1648.6924832639195,-11.195504592855286
1994,194.24032411385,332.26831963852857,526.5086437523786,1.053932584269663,1647.1765507485097,-1.5159325154097587
1995,196.26542045954338,324.2177472722203,520.4831677317637,1.0258426966292136,1639.6131192068035,-7.563431541706223
1996,208.3748607752008,327.5188030162106,535.8936637914114,1.0126182965299684,1635.95151509184,-3.6616041149634384
1997,210.57397740266572,350.5117382000001,561.0857156026658,1.0674157303370786,1649.2506725371177,13.299157445277615
1998,209.1911838875435,330.2514803,539.4426641875435,1.0443396226415094,1650.564235254451,1.3135627173332978
1999,217.52201870655188,321.97082819999997,539.4928469065519,1.0058091286307054,1645.8018894456286,-4.762345808822374
2000,223.5473177914537,321.0746415,544.6219592914537,1.0,1642.340780255649,-3.461109189979652
2001,208.76739978844725,322.0038254,530.7712251884473,1.0141509433962264,1636.915607943241,-5.4251723124079945
2002,212.5426383460839,329.2447249,541.7873632460839,1.02909796314258,1638.0560344233008,1.1404264800598867
2003,209.4704631541179,336.95281180000006,546.4232749541179,1.0404494382022471,1642.3236140833294,4.267579660028559
2004,218.0441344921813,346.8821553,564.9262897921814,1.0337078651685394,1651.2681317682816,8.944517684952189
2005,209.43411713475498,351.53041470000005,560.964531834755,1.0112359550561796,1654.4247211884515,3.156589420169894
2006,219.66477835127023,361.5815305,581.2463088512702,1.0146067415730338,1664.504529395415,10.079808206963435
2007,218.52915094169083,357.22785230000005,575.7570032416909,1.0258426966292136,1673.4163762202422,8.911846824827308
2008,220.73970219562665,358.4336323,579.1733344956267,1.0,1678.3346532944752,4.918277074232947
2009,225.16131562752406,359.7836666,584.9449822275241,1.0078651685393258,1685.907905976881,7.573252682405837
2010,222.0698885088719,365.82240210000003,587.8922906088719,1.0024896265560168,1692.734376856381,6.826470879499993
2011,236.78903992011058,367.0318972,603.8209371201106,1.0024896265560168,1704.087187982764,11.352811126382903
2012,215.0776771228679,370.96316160000003,586.0408387228679,1.0024896265560168,1708.2675198200893,4.1803318373254115
2013,213.66667097656892,370.2459324,583.912603376569,1.0024896265560168,1711.274055393536,3.0065355734466266
2014,220.38733015363204,377.00284780000004,597.390177953632,1.0024896265560168,1718.419890089449,7.145834695912981
2015,214.02416939645465,381.5206772,595.5448465964547,1.0024896265560168,1724.1545005921257,5.734610502676787
2016,204.99377754132416,369.4090335000001,574.4028110413242,1.0024896265560168,1722.2280753861728,-1.92642520595291
2017,218.8150981385997,370.1151464,588.9302445385997,1.0024896265560168,1725.3407680078603,3.112692621687529
2018,219.12510429468114,373.18654800000013,592.3116522946813,1.0024896265560168,1729.2284489189117,3.8876809110513477
2019,214.5585473649176,381.5144058,596.0729531649176,1.0024896265560168,1733.9306647018675,4.702215782955818
2020,215.0,375.00440580000003,590.0044058000001,1.0024896265560168,1736.092381581587,2.1617168797195063
