,natemis,Antr+BB,Totemis,ch4lifetime_fact,Conc,Trend
1950,215.0,148.86472757401697,363.86472757401697,1.0,1151.2318709737456,
1951,215.0,164.4119307263549,379.4119307263549,1.0,1148.2965686772102,-2.935302296535383
1952,215.0,170.00526733117223,385.00526733117226,1.0,1147.5469739725675,-0.7495947046427318
1953,215.0,175.4053622994692,390.4053622994692,1.0,1148.6741946328032,1.1272206602357073
1954,215.0,180.38551395564497,395.38551395564497,1.0,1151.3286580408785,2.654463408075344
1955,215.0,185.0454391000126,400.0454391000126,1.0,1155.233040232077,3.904382191198465
1956,215.0,191.26899208777778,406.26899208777775,1.0,1160.7665268969522,5.533486664875227
1957,215.0,196.94548666658253,411.9454866665825,1.0,1167.5650782356877,6.798551338735479
1958,215.0,199.56280851395465,414.5628085139547,1.0,1174.4713701279297,6.906291892242052
1959,215.0,204.15440517309747,419.1544051730975,1.0,1182.1288169250804,7.657446797150669
1960,215.0,209.0195489357139,424.01954893571394,1.0,1190.5441318972853,8.415314972204897
1961,215.0,217.19785480015165,432.1978548001516,1.0,1200.7324578253538,10.18832592806848
1962,215.0,219.56395886153115,434.56395886153115,1.0,1210.5655637987768,9.833105973423017
1963,215.0,228.84668643822317,443.8466864382232,1.0,1222.379608910172,11.814045111395217
1964,215.0,229.50010189421624,444.50010189421624,1.0,1233.087772965961,10.708164055788984
1965,215.0,235.90870547411788,450.9087054741179,1.0,1244.7246591095015,11.63688614354055
1966,215.0,239.84754446408272,454.8475444640827,1.0,1256.3662927033834,11.641633593881807
1967,215.0,246.1682099782135,461.1682099782135,1.0,1268.8029313185684,12.436638615185075
1968,215.0,249.46403999922154,464.46403999922154,1.0,1280.941283808116,12.138352489547515
1969,215.0,253.6083644302704,468.6083644302704,1.0,1293.0964575792461,12.155173771130194
1970,215.0,259.1389110669947,474.1389110669947,1.0,1305.7268081551576,12.630350575911507
1971,215.0,264.2792956760135,479.2792956760135,1.0,1318.6495923668356,12.922784211677936
1972,215.0,272.45721733515404,487.45721733515404,1.0,1332.8405576542305,14.190965287394874
1973,215.0,275.97436854007793,490.97436854007793,1.0,1346.6102852192453,13.769727565014819
1974,215.0,277.58300816315733,492.58300816315733,1.0,1359.3722970774443,12.762011858199003
1975,215.0,278.92569799309183,493.92569799309183,1.0,1371.1511295075538,11.77883243010956
1976,215.0,286.19073893967834,501.19073893967834,1.0,1384.0231464341657,12.872016926611877
1977,215.0,290.52582612135245,505.52582612135245,1.0,1396.8931711285873,12.870024694421545
1978,215.0,292.98308376747053,507.98308376747053,1.0,1409.1379693290774,12.244798200490095
1979,215.0,298.58114099630916,513.5811409963092,1.0,1421.8703232283858,12.732353899308464
1980,215.0,300.435685537013,515.435685537013,1.0,1433.7927591581454,11.922435929759558
1981,215.0,296.68287020073063,511.68287020073063,1.0,1443.1342668016557,9.34150764351034
1982,215.0,304.65710214976906,519.6571021497691,1.0,1454.0773249161907,10.943058114535006
1983,215.0,298.6784287123529,513.6784287123529,1.0,1461.8101097548333,7.732784838642601
1984,215.0,302.2370817851458,517.2370817851458,1.0,1469.85855977011,8.048450015276785
1985,215.0,302.9504467045176,517.9504467045176,1.0,1477.242667033544,7.384107263433862
1986,215.0,308.4034370412448,523.4034370412448,1.0,1485.6104190340864,8.367752000542396
1987,215.0,312.778527186872,527.778527186872,1.0,1494.4938037010033,8.883384666916982
1988,215.0,316.78079953316467,531.7807995331647,1.0,1503.7113064629702,9.217502761966898
1989,215.0,320.55968800249383,535.5596880024939,1.0,1513.1513504638567,9.440044000886473
1990,195.859372138931,323.79183660072556,519.6512087396566,1.0,1516.2526236806573,3.101273216800564
1991,196.4677865234781,335.4818104403371,531.9495969638152,1.0,1523.0898289509307,6.837205270273444
1992,186.22954503459533,316.3955526293896,502.62509766398495,1.0,1519.4254571335186,-3.664371817412075
1993,187.33483185418655,315.00618740051794,502.3410192547045,1.0,1516.0770690891611,-3.3483880443575345
1994,194.24032411385,322.1935623385285,516.4338864523785,1.0,1517.7825672357746,1.705498146613536
1995,196.26542045954338,309.8613907722203,506.12681123176367,1.0,1515.8750530112225,-1.9075142245521874
1996,208.3748607752008,309.1011425162106,517.4760032914114,1.0,1517.9491636815133,2.0741106702907928
1997,210.57397740266572,332.86,543.4339774026657,1.0,1528.4093309362356,10.460167254722364
1998,209.1911838875435,317.28000000000003,526.4711838875435,1.0,1532.0664615854594,3.6571306492237454
1999,217.52201870655188,311.53999999999996,529.0620187065518,1.0,1536.1742844061937,4.107822820734327
2000,223.5473177914537,309.38,532.9273177914537,1.0,1541.105469599939,4.93118519374525
2001,208.76739978844725,313.65,522.4173997884473,1.0,1541.9951157954956,0.8896461955566792
2002,212.5426383460839,324.65000000000003,537.1926383460839,1.0,1547.6906683634893,5.695552567993673
2003,209.4704631541179,326.12,535.590463154118,1.0,1552.21655120121,4.525882837720701
2004,218.0441344921813,330.53000000000003,548.5741344921813,1.0,1560.546372776228,8.329821575018059
2005,209.43411713475498,334.55,543.984117134755,1.0,1566.4195728196946,5.873200043466568
2006,219.66477835127023,340.45,560.1147783512702,1.0,1576.9906828793785,10.57111005968386
2007,218.52915094169083,336.24,554.7691509416909,1.0,1584.6033440931162,7.612661213737738
2008,220.73970219562665,335.67,556.4097021956267,1.0,1591.9082926372096,7.3049485440933495
2009,225.16131562752406,339.88,565.041315627524,1.0,1601.26108254977,9.35278991256041
2010,222.0698885088719,341.18,563.2498885088719,1.0,1608.9718676173263,7.710785067556344
2011,236.78903992011058,342.69,579.4790399201106,1.0,1621.2075075874066,12.235639970080229
2012,215.0776771228679,348.16,563.2376771228679,1.0,1626.6808327677008,5.473325180294296
2013,213.66667097656892,348.96,562.6266709765689,1.0,1631.3384486524224,4.657615884721508
2014,220.38733015363204,357.09000000000003,577.477330153632,1.0,1640.405110881908,9.0666622294857
2015,214.02416939645465,365.45,579.4741693964546,1.0,1649.1195466423997,8.714435760491597
2016,204.99377754132416,358.0,562.9937775413241,1.0,1651.3865776924058,2.2670310500061532
2017,218.8150981385997,360.73,579.5450981385998,1.0,1658.8949652227482,7.508387530342361
2018,219.12510429468114,362.77000000000004,581.8951042946812,1.0,1666.3428614309591,7.447896208210977
2019,214.5585473649176,371.87,586.4285473649176,1.0,1674.4619614432377,8.119100012278523
2020,215.0,367.56,582.56,1.0,1680.3875693885998,5.925607945362117
