,natemis,Antr+BB,Totemis,ch4lifetime_fact,Conc,Trend
1950,215.0,145.72559245704448,360.7255924570445,1.0,1150.1896481473018,
1951,215.0,161.1689540027448,376.16895400274484,1.0,1146.2943445382887,-3.8953036090131263
1952,215.0,166.6584490009245,381.6584490009245,1.0,1144.6577636741636,-1.6365808641251078
1953,215.0,171.95470236258384,386.9547023625838,1.0,1144.962837805201,0.30507413103737235
1954,215.0,176.831012412122,391.831012412122,1.0,1146.8527342067257,1.8898964015247657
1955,215.0,181.387095949852,396.387095949852,1.0,1150.0436817222278,3.1909475155021028
1956,215.0,187.50680733097954,402.50680733097954,1.0,1154.9091407439503,4.865459021722472
1957,215.0,193.07946030314662,408.0794603031466,1.0,1161.079987236674,6.17084649272374
1958,215.0,195.59294054388116,410.5929405438811,1.0,1167.3943821275964,6.314394890922358
1959,215.0,200.08069559638636,415.08069559638636,1.0,1174.4917303558884,7.097348228292049
1960,215.0,204.8419977523652,419.84199775236516,1.0,1182.375184714232,7.88345435834367
1961,215.0,212.9151721685548,427.9151721685548,1.0,1192.0562979336885,9.681113219456392
1962,215.0,215.1761447816861,430.1761447816861,1.0,1201.404079272386,9.347781338697587
1963,215.0,224.35374091013003,439.35374091013,1.0,1212.752237010504,11.348157738117834
1964,215.0,224.902024917875,439.902024917875,1.0,1223.0117745600314,10.259537549527522
1965,215.0,231.2054970495285,446.2054970495285,1.0,1234.2153623612585,11.203587801227059
1966,215.0,235.0392045912452,450.0392045912452,1.0,1245.4373094788912,11.22194711763268
1967,215.0,241.25473865712786,456.25473865712786,1.0,1257.466349360261,12.029039881369727
1968,215.0,244.44543722988774,459.4454372298877,1.0,1269.2078373912525,11.741488030991604
1969,215.0,248.48463021268853,463.48463021268856,1.0,1280.9756790599286,11.767841668676056
1970,215.0,253.9100454011647,468.91004540116467,1.0,1293.2271625494825,12.251483489553948
1971,215.0,257.57479257777885,472.57479257777885,1.0,1305.323575790977,12.096413241494474
1972,215.0,264.87815496199676,479.87815496199676,1.0,1318.4903370189277,13.166761227950701
1973,215.0,267.174414913303,482.174414913303,1.0,1330.945193326507,12.454856307579348
1974,215.0,268.77272781252634,483.77272781252634,1.0,1342.536131779731,11.590938453223998
1975,215.0,271.02888398583644,486.02888398583644,1.0,1353.5782956974845,11.042163917753442
1976,215.0,275.0518357547742,490.0518357547742,1.0,1364.719724489364,11.141428791879434
1977,215.0,277.72254164205543,492.72254164205543,1.0,1375.5003449037574,10.780620414393525
1978,215.0,279.07729251334416,494.07729251334416,1.0,1385.5236471058918,10.023302202134346
1979,215.0,283.36524243347924,498.36524243347924,1.0,1395.8482782681228,10.324631162231071
1980,210.94999730878948,282.2371159769046,493.18711328569407,1.0,1403.2976699025976,7.44939163447475
1981,207.46940093654123,277.5286029825358,484.99800391907706,1.0,1407.194089033638,3.896419131040375
1982,196.9955325905592,285.26941946839,482.26495205894923,1.0,1409.746825950634,2.552736916996082
1983,201.33424834490552,279.04267506764637,480.3769234125519,1.0,1411.3868888200202,1.6400628693861563
1984,214.1098013886646,284.0863192602393,498.1961206489039,1.0,1418.7594570824713,7.372568262451068
1985,211.68781958124762,287.0049229958179,498.6927425770655,1.0,1425.4714004791185,6.711943396647257
1986,211.8802949566715,290.9973934447917,502.8776884014632,1.0,1432.8212480651853,7.349847586066744
1987,203.0665267237203,295.28841803933904,498.35494476305934,1.0,1437.8465375393296,5.0252894741443015
1988,213.4200979600624,299.1743864512828,512.5944844113452,1.0,1447.036807348133,9.19026980880335
1989,215.39297055815703,304.2999708971575,519.6929414553146,1.0,1457.5547961324883,10.517988784355339
1990,213.067226438452,307.58244894288526,520.6496753813373,1.0,1467.2127282003796,9.657932067891352
1991,208.59217395984714,320.3405374138564,528.9327113737036,1.0,1478.5393065173985,11.326578317018857
1992,188.55869530114643,304.1997961122732,492.7584914134196,1.0,1476.5874590112712,-1.951847506127251
1993,202.27256580009686,305.23302163145047,507.5055874315473,1.0,1479.7503369594065,3.1628779481352467
1994,205.68900371387048,317.2848254228341,522.9738291367046,1.0,1487.694670682273,7.944333722866531
1995,201.59890198611336,311.7473692430924,513.3462712292057,1.0,1491.5530344797521,3.8583637974791145
1996,211.8482157274342,313.88494695523417,525.7331626826683,1.0,1499.091942649193,7.5389081694409015
1997,205.35217180687872,337.0204142930985,542.3725860999772,1.0,1511.3111650378323,12.21922238863931
1998,214.55891059798697,317.9406473511351,532.499557949122,1.0,1518.884258814497,7.573093776664564
1999,223.82980784756984,313.09385370096595,536.9236615485358,1.0,1527.0782362478856,8.193977433388682
2000,220.46950858496152,314.79158226734603,535.2610908523076,1.0,1533.802742886337,6.72450663845143
2001,217.96732870445126,315.2928524514628,533.2601811559141,1.0,1539.1099839193782,5.307241033041237
2002,212.04069110285803,322.1007386331392,534.1414297359972,1.0,1544.1155549501761,5.00557103079791
2003,215.0561386511653,328.4756943824689,543.5318330336341,1.0,1551.6783546335917,7.562799683415506
2004,213.89326659131277,335.7220642725255,549.6153308638383,1.0,1560.4141253315654,8.735770697973749
2005,205.11959739490823,341.88187367125875,547.0014710661669,1.0,1567.3039234607033,6.889798129137944
2006,217.5182194951289,352.4529993712408,569.9712188663698,1.0,1581.0484449300293,13.744521469325946
2007,217.93524947521394,349.7789386288197,567.7141881040336,1.0,1592.5046335532056,11.456188623176331
2008,221.99327197373375,353.30974763980123,575.303019613535,1.0,1605.1976347287195,12.693001175513928
2009,219.24247806663436,355.2102928669951,574.4527709336294,1.0,1616.1871070973816,10.989472368662064
2010,222.65891598040798,360.8548031390112,583.5137191194192,1.0,1628.9544071298842,12.76730003250259
2011,222.8112923192852,365.99466311704407,588.8059554363292,1.0,1642.0492227540985,13.094815624214334
2012,213.70079121588887,372.97725290758524,586.6780441234741,1.0,1652.9713221281381,10.92209937403959
2013,225.01673932935032,372.6442144644898,597.6609537938401,1.0,1666.3169024958133,13.345580367675211
2014,216.49168415953494,380.3961968225409,596.8878809820758,1.0,1677.9115077462013,11.594605250387986
2015,210.13999677054736,387.4758223403408,597.6158191108882,1.0,1688.4495449091987,10.538037162997398
2016,217.28564508315839,379.4876497908962,596.7732948740546,1.0,1697.5279096477711,9.078364738572418
2017,215.0,385.0082127080213,600.0082127080213,1.0,1706.6637914963583,9.135881848587132
2018,215.0,387.8058049137809,602.8058049137809,1.0,1715.7055539680503,9.041762471691982
2019,215.0,394.70580491378087,609.7058049137809,1.0,1726.0257741812754,10.320220213225184
2020,215.0,388.1958049137809,603.1958049137809,1.0,1733.0290549240947,7.003280742819243
