,natemis,Antr+BB,Totemis,ch4lifetime_fact,Conc,Trend
1950,215.0,145.72559245704448,360.7255924570445,1.0386734286208537,1154.421848611464,
1951,215.0,161.1689540027448,376.16895400274484,1.0386734286208537,1154.2741666882562,-0.14768192320775597
1952,215.0,166.6584490009245,381.6584490009245,1.0386734286208537,1155.9685447522895,1.6943780640333443
1953,215.0,171.95470236258384,386.9547023625838,1.0386734286208537,1159.2408035273456,3.272258775056116
1954,215.0,176.831012412122,391.831012412122,1.0386734286208537,1163.7800219154262,4.539218388080599
1955,215.0,181.387095949852,396.387095949852,1.0386734286208537,1169.3421897066976,5.562167791271349
1956,215.0,187.50680733097954,402.50680733097954,1.0386734286208537,1176.3364245813204,6.994234874622862
1957,215.0,193.07946030314662,408.0794603031466,1.0386734286208537,1184.4253452851506,8.088920703830127
1958,215.0,195.59294054388116,410.5929405438811,1.0386734286208537,1192.4725495654202,8.047204280269625
1959,215.0,200.08069559638636,415.08069559638636,1.0386734286208537,1201.1392901211004,8.666740555680235
1960,215.0,204.8419977523652,419.84199775236516,1.0386734286208537,1210.4493284060195,9.310038284919074
1961,215.0,212.9151721685548,427.9151721685548,1.0273688805761167,1220.1673804578813,9.718052051861832
1962,215.0,215.1761447816861,430.1761447816861,1.0286336117988735,1229.7171726233378,9.549792165456438
1963,215.0,224.35374091013003,439.35374091013,1.0303815209511082,1241.4741440766077,11.756971453269898
1964,215.0,224.902024917875,439.902024917875,1.0388161109745009,1253.0961020147352,11.62195793812748
1965,215.0,231.2054970495285,446.2054970495285,1.0466500135860857,1266.447202128474,13.351100113738767
1966,215.0,235.0392045912452,450.0392045912452,1.0309948094306236,1277.8171169070708,11.369914778596922
1967,215.0,241.25473865712786,456.25473865712786,1.0343317923476247,1290.4077501709423,12.590633263871496
1968,215.0,244.44543722988774,459.4454372298877,1.0390130401356572,1303.2443490282897,12.836598857347326
1969,215.0,248.48463021268853,463.48463021268856,1.03733064240917,1315.8307329610514,12.586383932761692
1970,215.0,253.9100454011647,468.91004540116467,1.044520863970062,1329.7183239752328,13.887591014181453
1971,215.0,257.57479257777885,472.57479257777885,1.0311148875281522,1341.6883547840212,11.970030808788351
1972,215.0,264.87815496199676,479.87815496199676,1.0410234769727889,1356.0051630328257,14.316808248804591
1973,215.0,267.174414913303,482.174414913303,1.0237676802553786,1367.3649698788358,11.359806846010088
1974,215.0,268.77272781252634,483.77272781252634,1.0255205419074267,1378.2339441652157,10.868974286379853
1975,215.0,271.02888398583644,486.02888398583644,1.0294434565934747,1389.1667188844556,10.932774719239887
1976,215.0,275.0518357547742,490.0518357547742,1.0411371895645516,1401.7397659505693,12.573047066113759
1977,215.0,277.72254164205543,492.72254164205543,1.04310064917037,1414.0901053513435,12.350339400774146
1978,215.0,279.07729251334416,494.07729251334416,1.038188476513601,1424.9217730910418,10.831667739698332
1979,215.0,283.36524243347924,498.36524243347924,1.0481297495588873,1437.2906504654025,12.368877374360636
1980,215.0,282.2371159769046,497.2371159769046,1.054811359742319,1448.8105451627546,11.519894697352129
1981,215.0,277.5286029825358,492.5286029825358,1.0453494500609413,1456.3010206133767,7.490475450622171
1982,215.0,285.26941946839,500.26941946839,1.0607031737894599,1467.5516369449663,11.250616331589526
1983,215.0,279.04267506764637,494.04267506764637,1.0432038431370887,1473.2380438791292,5.68640693416296
1984,215.0,284.0863192602393,499.0863192602393,1.0308940203039962,1478.3248746428787,5.086830763749504
1985,215.0,287.0049229958179,502.0049229958179,1.024425100745979,1482.9345227939937,4.609648151114925
1986,215.0,290.9973934447917,505.9973934447917,1.0354513129905416,1489.8849296002486,6.950406806254932
1987,215.0,295.28841803933904,510.28841803933904,1.0403399650985459,1498.1734890904327,8.28855949018407
1988,215.0,299.1743864512828,514.1743864512828,1.0222870139004354,1504.348382648998,6.174893558565373
1989,215.0,304.2999708971575,519.2999708971574,1.0267543659990674,1512.1792440852723,7.83086143627429
1990,195.859372138931,307.58244894288526,503.4418210818163,1.030736205492146,1514.4401125105442,2.2608684252718376
1991,196.4677865234781,320.3405374138564,516.8083239373345,1.0498448088618946,1523.5375263921496,9.097413881605462
1992,186.22954503459533,304.1997961122732,490.4293411468685,1.0436593028024648,1522.0306236018037,-1.5069027903459755
1993,187.33483185418655,305.23302163145047,492.567853485637,1.0224136274039968,1518.4189369465055,-3.611686655298172
1994,194.24032411385,317.2848254228341,511.5251495366841,1.0257079106974367,1521.9749567308681,3.556019784362661
1995,196.26542045954338,311.7473692430924,508.0127897026358,1.006485120188085,1521.1871220886546,-0.787834642213511
1996,208.3748607752008,313.88494695523417,522.259807730435,1.0050644518952168,1525.008558978781,3.8214368901262787
1997,210.57397740266572,337.0204142930985,547.5943916957642,1.0260210342142024,1539.8775534604888,14.868994481707887
1998,209.1911838875435,317.9406473511351,527.1318312386786,1.0215154558941881,1545.6617304680665,5.784177007577682
1999,217.52201870655188,313.09385370096595,530.6158724075178,0.9979967817046644,1548.4581685008186,2.796438032752121
2000,223.5473177914537,314.79158226734603,538.3389000587997,1.0,1553.8106214698448,5.352452969026217
2001,208.76739978844725,315.2928524514628,524.06025223991,1.004280591928866,1554.473751847122,0.6631303772771844
2002,212.5426383460839,322.1007386331392,534.6433769792231,1.0092659254714755,1559.3296950189638,4.855943171841773
2003,209.4704631541179,328.4756943824689,537.9461575365867,1.0091672020984297,1564.7282329813536,5.39853796238981
2004,218.0441344921813,335.7220642725255,553.7661987647068,1.0045178825485648,1574.0742956465265,9.346062665172894
2005,209.43411713475498,341.88187367125875,551.3159908060137,1.001520616854982,1581.1023056845404,7.028010038013917
2006,219.66477835127023,352.4529993712408,572.117777722511,0.9963837241195741,1593.4485814812788,12.346275796738382
2007,218.52915094169083,349.7789386288197,568.3080895705104,1.0019042846930941,1604.0119987974335,10.563417316154755
2008,220.73970219562665,353.30974763980123,574.0494498354278,0.9845580445936346,1612.5225411900594,8.510542392625894
2009,225.16131562752406,355.2102928669951,580.3716084945191,0.9914712628139848,1623.2898127166516,10.76727152659214
2010,222.0698885088719,360.8548031390112,582.9246916478832,0.979929226472326,1631.7917641913596,8.501951474707994
2011,236.78903992011058,365.99466311704407,602.7837030371546,0.979929226472326,1645.9121511747817,14.120386983422122
2012,215.0776771228679,372.97725290758524,588.0549300304531,0.979929226472326,1653.5397673671507,7.627616192369032
2013,213.66667097656892,372.6442144644898,586.3108854410586,0.979929226472326,1659.720447148595,6.180679781444269
2014,220.38733015363204,380.3961968225409,600.7835269761729,0.979929226472326,1669.9974114605254,10.276964311930442
2015,214.02416939645465,387.4758223403408,601.4999917367954,0.979929226472326,1679.3418360578248,9.344424597299394
2016,204.99377754132416,379.4876497908962,584.4814273322204,0.979929226472326,1681.9778562619383,2.6360202041134926
2017,218.8150981385997,385.0082127080213,603.823310846621,0.979929226472326,1690.7287115543968,8.750855292458482
2018,219.12510429468114,387.8058049137809,606.930909208462,0.979929226472326,1699.5138438749032,8.785132320506364
2019,214.5585473649176,394.70580491378087,609.2643522786984,0.979929226472326,1708.0725919691108,8.558748094207658
2020,215.0,388.1958049137809,603.1958049137809,0.979929226472326,1713.6441063994903,5.571514430379466
