,natemis,Antr+BB,Totemis,ch4lifetime_fact,Conc,Trend
1950,215.0,140.0104525128931,355.0104525128931,1.0488608866700293,1153.5853040466884,
1951,215.0,155.2647590189582,370.2647590189582,1.0455466626386185,1152.2824775013407,-1.3028265453476706
1952,215.0,160.56519897750266,375.56519897750263,1.0435105097854591,1152.6722595505257,0.38978204918498705
1953,215.0,165.67239729952678,380.6723972995268,1.0405455939203825,1154.409114303927,1.7368547534013032
1954,215.0,170.3596523094297,385.3596523094297,1.044295794488673,1157.909791902503,3.500677598575976
1955,215.0,174.7266808075245,389.72668080752453,1.037508489961066,1161.7700723590856,3.8602804565825863
1956,215.0,180.6573371490168,395.6573371490168,1.028116236302615,1166.175144828591,4.405072469505512
1957,215.0,186.04093508154867,401.0409350815487,1.0421601616543277,1173.3962950821392,7.221150253548103
1958,215.0,188.36536028264797,403.365360282648,1.048657602665344,1181.29831463125,7.902019549110719
1959,215.0,192.664060295518,407.66406029551797,1.036391182649435,1188.4633611448749,7.1650465136249295
1960,215.0,197.23630741186156,412.23630741186156,1.0366828171259594,1196.4020573214398,7.9386961765649176
1961,215.0,205.11807849022705,420.11807849022705,1.0360169714873653,1206.0261575478462,9.624100226406426
1962,215.0,207.1876477655343,422.1876477655343,1.0483804322861743,1216.6489293407592,10.622771792913
1963,215.0,216.17384055615415,431.1738405561541,1.0443546910580446,1228.6755868447992,12.026657504040031
1964,215.0,216.530721226075,431.530721226075,1.0448466365780047,1239.5764914269962,10.900904582196972
1965,215.0,222.6427900199044,437.6427900199044,1.0416887487729276,1250.9782041707756,11.401712743779399
1966,215.0,226.28509422379705,441.28509422379705,1.045021997433171,1262.73615339346,11.757949222684374
1967,215.0,232.3092249518556,447.30922495185564,1.0453696087467055,1275.26875604832,12.532602654860057
1968,215.0,235.30852018679144,450.30852018679144,1.0399298066040126,1286.815399472815,11.54664342449496
1969,215.0,239.15630983176808,454.1563098317681,1.044521823964872,1298.9282445359593,12.112845063144277
1970,215.0,244.39032168242014,459.3903216824201,1.0439258467327728,1311.4039748070002,12.475730271040902
1971,215.0,249.2500236569801,464.2500236569801,1.0436193741341604,1324.1119048091773,12.707930002177136
1972,215.0,257.1728277174416,472.1728277174416,1.0520906785217377,1339.0936886478396,14.981783838662295
1973,215.0,260.25257580258824,475.25257580258824,1.0403958536106162,1352.0759599852531,12.982271337413522
1974,215.0,261.75608614159665,476.75608614159665,1.035825630675854,1363.584700177376,11.508740192122787
1975,215.0,262.9879199985267,477.9879199985267,1.0405937531705223,1374.8474475792257,11.262747401849765
1976,215.0,269.88077697352765,484.88077697352765,1.0471224324819541,1387.9976180295469,13.150170450321184
1977,215.0,273.963154930751,488.963154930751,1.0411935162013237,1400.3422360037628,12.344617974215907
1978,215.0,276.2604287421843,491.2604287421843,1.039175143440748,1411.8559650707411,11.513729066978385
1979,215.0,281.5334355614996,496.5334355614996,1.0376285224625028,1423.674639107016,11.818674036274842
1980,215.0,283.2799933041633,498.2799933041633,1.046993032958082,1436.0036411552278,12.329002048211805
1981,215.0,279.7228833024812,494.7228833024812,1.057235362607005,1447.1330998688213,11.129458713593522
1982,215.0,287.61463066683257,502.61463066683257,1.0571718977688278,1459.6915433512088,12.558443482387474
1983,215.0,281.5577046073275,496.5577046073275,1.059741846409663,1469.2212040300199,9.52966067881107
1984,215.0,284.9536362831875,499.9536362831875,1.0468082345506051,1477.1723790172935,7.951174987273589
1985,215.0,285.63759742417085,500.63759742417085,1.0438054769311433,1484.0932268564966,6.920847839203134
1986,215.0,290.77781253724584,505.77781253724584,1.049246969643094,1492.7043089936365,8.611082137139874
1987,215.0,295.02494838641707,510.02494838641707,1.040268768905054,1500.5899766005937,7.885667606957213
1988,215.0,298.6755905767461,513.6755905767461,1.0374802786999169,1508.4528276031563,7.862851002562593
1989,215.0,302.17109081824873,517.1710908182488,1.0428034452743942,1517.3568481393645,8.904020536208236
1990,215.0,305.2999200711051,520.2999200711051,1.0438158204508707,1526.478081163583,9.121233024218554
1991,215.0,318.81183287573293,533.811832875733,1.044515988674617,1539.2061220832993,12.72804091971625
1992,215.0,299.49068782266335,514.4906878226634,1.0373376907957834,1543.1254314596601,3.919309376360843
1993,215.0,299.5481852918242,514.5481852918242,1.0235051451726433,1544.6587866793532,1.5333552196930214
1994,215.0,310.39650696329267,525.3965069632927,1.025931824493182,1549.9813431447851,5.322556465431944
1995,215.0,305.56039716107193,520.5603971610719,1.0098251171866819,1550.742197976673,0.7608548318878547
1996,215.0,307.45705920620384,522.4570592062039,1.0059472571608135,1551.466693321941,0.7244953452679965
1997,215.0,331.457796516877,546.457796516877,1.0155065898427584,1561.5125400446382,10.045846722697206
1998,215.0,315.50915615703855,530.5091561570385,1.0260604213678781,1566.7058699450251,5.193329900386971
1999,215.0,309.5890972813972,524.5890972813972,0.9977243350302163,1565.099264644568,-1.606605300457204
2000,225.33464648533754,310.3755556419565,535.710202127294,1.0,1567.7156576169634,2.616392972395488
2001,213.90725818028523,313.1005194228316,527.0077776031169,0.9976712650532031,1566.7904985900304,-0.9251590269329881
2002,206.08713084067384,322.47491151980734,528.5620423604812,0.9898186618728184,1565.2621533038423,-1.5283452861881415
2003,209.0015641978755,328.33133481161764,537.3328990094931,0.994865821953046,1567.6050429884149,2.342889684572583
2004,211.85378132861666,339.1599047856282,551.0136861142448,0.9830062724148221,1572.3558255461228,4.7507825577079075
2005,218.12985384089802,346.62478641877203,564.75464025967,0.9724656594085386,1579.419822359238,7.063996813115182
2006,219.0184620026358,356.7053574534424,575.7238194560782,0.9697798027915692,1588.8684604099299,9.448638050691898
2007,216.66730312367744,355.2617524896731,571.9290556133506,0.9645130934714374,1595.0949457048223,6.226485294892427
2008,219.12283847034666,360.75844432030715,579.8812827906538,0.9627371565534859,1602.9385210013554,7.843575296533118
2009,222.3235176760374,364.45377111581536,586.7772887918527,0.9682589027181607,1613.0946657007964,10.156144699441029
2010,226.60960973237948,371.1593157300012,597.7689254623807,0.9741615880697929,1626.7202816659694,13.625615965172983
2011,221.89235666632754,372.924998542445,594.8173552087726,0.9620153522297454,1635.7342593721444,9.013977706174956
2012,216.87255692976458,381.0856580369786,597.9582149667432,0.9808702795232336,1647.9630514954658,12.228792123321455
2013,225.04080496585394,381.87778643760544,606.9185914034593,0.9678609782840504,1659.548550566174,11.585499070708238
2014,224.25213535169536,388.1687589286987,612.4208942803941,0.9658128139938376,1671.2671650245993,11.718614458425236
2015,222.68572023447146,398.732,621.4177202344715,0.9658128139938376,1684.616984026832,13.349819002232607
2016,227.65943387735993,390.97880000000004,618.63823387736,0.9658128139938376,1695.5072388311146,10.890254804282677
2017,230.3672479145878,393.4056,623.7728479145878,0.9658128139938376,1706.8441803707015,11.33694153958686
2018,230.83945968551512,395.1424,625.9818596855151,0.9658128139938376,1717.6067584140453,10.762578043343865
2019,237.65747052156087,403.9392,641.5966705215609,0.9658128139938376,1732.3039815501184,14.697223136073035
2020,237.0142281363306,399.326,636.3402281363306,0.9658128139938376,1743.565478868085,11.261497317966587
