,natemis,Antr+BB,Totemis,ch4lifetime_fact,Conc,Trend
1950,215.0,140.0104525128931,355.0104525128931,1.0247219712311393,1151.0302561552483,
1951,215.0,155.2647590189582,370.2647590189582,1.0244368393312933,1147.7733879284729,-3.2568682267753957
1952,215.0,160.56519897750266,375.56519897750263,1.0241517074314475,1146.6052796514655,-1.1681082770073772
1953,215.0,165.67239729952678,380.6723972995268,1.0238665755316017,1147.2324263851046,0.6271467336391652
1954,215.0,170.3596523094297,385.3596523094297,1.0235814436317556,1149.318049714765,2.085623329660393
1955,215.0,174.7266808075245,389.72668080752453,1.0232963117319098,1152.59538562074,3.277335905974951
1956,215.0,180.6573371490168,395.6573371490168,1.023011179832064,1157.4530542998452,4.857668679105245
1957,215.0,186.04093508154867,401.0409350815487,1.0227260479322182,1163.5352860557607,6.082231755915473
1958,215.0,188.36536028264797,403.365360282648,1.0224409160323724,1169.6903299966532,6.155043940892483
1959,215.0,192.664060295518,407.66406029551797,1.0221557841325264,1176.5660377344532,6.875707737799985
1960,215.0,197.23630741186156,412.23630741186156,1.0218706522326806,1184.1736963264175,7.607658591964309
1961,215.0,205.11807849022705,420.11807849022705,1.0215855203328348,1193.5323536643305,9.358657337912973
1962,215.0,207.1876477655343,422.1876477655343,1.021300388432989,1202.5170937688258,8.984740104495359
1963,215.0,216.17384055615415,431.1738405561541,1.021015256533143,1213.467360718501,10.950266949675097
1964,215.0,216.530721226075,431.530721226075,1.0207301246332972,1223.2982275672089,9.830866848707956
1965,215.0,222.6427900199044,437.6427900199044,1.0204449927334514,1234.0451138987867,10.746886331577798
1966,215.0,226.28509422379705,441.28509422379705,1.0201598608336055,1244.7857423314767,10.740628432690073
1967,215.0,232.3092249518556,447.30922495185564,1.0198747289337597,1256.3117812322137,11.526038900736921
1968,215.0,235.30852018679144,450.30852018679144,1.0195895970339137,1267.5308055370233,11.219024304809636
1969,215.0,239.15630983176808,454.1563098317681,1.019304465134068,1278.7580020937055,11.227196556682202
1970,215.0,244.39032168242014,459.3903216824201,1.0190193332342221,1290.4525229697108,11.6945208760053
1971,215.0,249.2500236569801,464.2500236569801,1.0199605556308,1302.5882726460527,12.135749676341902
1972,215.0,257.1728277174416,472.1728277174416,1.0209017780273781,1316.1366345120034,13.54836186595071
1973,215.0,260.25257580258824,475.25257580258824,1.021843000423956,1329.334608639279,13.197974127275529
1974,215.0,261.75608614159665,476.75608614159665,1.0227842228205342,1341.698937012471,12.364328373192166
1975,215.0,262.9879199985267,477.9879199985267,1.0237254452171123,1353.232909103135,11.533972090663838
1976,215.0,269.88077697352765,484.88077697352765,1.0246666676136902,1365.9113632041976,12.678454101062698
1977,215.0,273.963154930751,488.963154930751,1.0256078900102683,1378.6764201489812,12.76505694478351
1978,215.0,276.2604287421843,491.2604287421843,1.0265491124068462,1390.9271533147353,12.250733165754127
1979,215.0,281.5334355614996,496.5334355614996,1.0274903348034243,1403.7111721264234,12.784018811688156
1980,215.0,283.2799933041633,498.2799933041633,1.0284315572000022,1415.7996339640779,12.08846183765445
1981,215.0,279.7228833024812,494.7228833024812,1.0283999636415508,1425.3786691200426,9.579035155964675
1982,215.0,287.61463066683257,502.61463066683257,1.0283683700830994,1436.5292705923919,11.150601472349308
1983,215.0,281.5577046073275,496.5577046073275,1.0283367765246483,1444.441806135413,7.912535543021022
1984,215.0,284.9536362831875,499.9536362831875,1.0283051829661969,1452.6133836234997,8.171577488086768
1985,215.0,285.63759742417085,500.63759742417085,1.0282735894077457,1460.1139450834291,7.500561459929486
1986,215.0,290.77781253724584,505.77781253724584,1.028241995849294,1468.4984662240433,8.384521140614197
1987,215.0,295.02494838641707,510.02494838641707,1.0282104022908427,1477.3732429328525,8.874776708809122
1988,215.0,298.6755905767461,513.6755905767461,1.0281788087323915,1486.48625585491,9.113012922057578
1989,215.0,302.17109081824873,517.1710908182488,1.0281472151739401,1495.759799969273,9.273544114362949
1990,200.3301288457454,305.2999200711051,505.63004891685046,1.0281156216154888,1500.1770009490028,4.4172009797298415
1991,199.7503266400383,318.81183287573293,518.5621595157712,1.0253040594539398,1508.0157633502993,7.838762401296435
1992,184.67510149951386,299.49068782266335,484.1657893221772,1.022492497292391,1503.1633491635328,-4.852414186766509
1993,197.36691793433434,299.5481852918242,496.9151032261585,1.019680935130842,1502.6835134203968,-0.47983574313593635
1994,206.86238646048096,310.39650696329267,517.2588934237737,1.0168693729692933,1508.6161179003623,5.932604479965448
1995,201.7570917407637,305.56039716107193,507.31748890183565,1.0140578108077443,1510.185546306198,1.5694284058356516
1996,213.15982548765285,307.45705920620384,520.6168846938567,1.0112462486461955,1515.592184411831,5.406638105633192
1997,219.11808678658687,331.457796516877,550.5758833034639,1.0084346864846467,1529.9386606766702,14.346476264839112
1998,212.25503626636817,315.50915615703855,527.7641924234067,1.0056231243230978,1534.6954617727806,4.756801096110394
1999,221.87093317633915,309.5890972813972,531.4600304577364,1.0028115621615488,1539.728416267677,5.03295449489633
2000,227.84472784773624,310.3755556419565,538.2202834896927,1.0,1546.0189596774806,6.290543409803604
2001,206.6473954472032,313.1005194228316,519.7479148700348,0.9972303853728057,1545.0505523631446,-0.968407314335991
2002,212.26455200956343,322.47491151980734,534.7394635293708,0.9944607707456116,1548.7431765605852,3.6926241974406366
2003,215.22835450612564,328.33133481161764,543.5596893177433,0.9916911561184175,1554.5200934868142,5.776916926228978
2004,212.63153770421576,339.1599047856282,551.791442489844,0.9889215414912234,1561.9454619074297,7.425368420615541
2005,212.49070626724972,346.62478641877203,559.1154926860218,0.9861519268640292,1570.5253000505888,8.579838143159122
2006,213.71072289363457,356.7053574534424,570.416080347077,0.9833823122368349,1581.4407034044364,10.915403353847523
2007,219.18200332427125,355.2617524896731,574.4437558139443,0.9806126976096409,1592.0056504462912,10.564947041854793
2008,228.68671106740234,360.75844432030715,589.4451553877095,0.9862691313599595,1607.2620688561208,15.256418409829621
2009,221.551417970207,364.45377111581536,586.0051890860224,0.9919255651102782,1620.5653275943414,13.30325873822062
2010,221.69514826634378,371.1593157300012,592.854463996345,0.9975819988605968,1635.5559499090323,14.990622314690881
2011,227.28038439645948,372.924998542445,600.2053829389044,0.9982952851331266,1651.4206060378253,15.864656128793058
2012,209.97597491597992,381.0856580369786,591.0616329529585,0.9990085714056565,1662.5872461498698,11.166640112044433
2013,213.54435145588445,381.87778643760544,595.4221378934899,0.9997218576781862,1674.0672252278587,11.4799790779889
2014,216.40412124879504,388.1687589286987,604.5728801774937,1.000435143950716,1687.4173325552047,13.350107327345995
2015,206.32314747732138,398.732,605.0551474773214,0.99758407518491,1698.958123036032,11.540790480827354
2016,201.11929681211606,390.97880000000004,592.0980968121161,0.9947330064191041,1704.4225911575322,5.464468121500204
2017,215.0,393.4056,608.4056,0.9918819376532981,1714.2002530581722,9.777661900639941
2018,215.0,395.1424,610.1424,0.9952698352126487,1724.0313974633975,9.83114440522536
2019,215.0,403.9392,618.9392,0.9986577327719993,1736.256511295061,12.22511383166352
2020,215.0,399.326,614.326,1.0208161755200762,1749.3006427729647,13.044131477903647
