,natemis,Antr+BB,Totemis,ch4lifetime_fact,Conc,Trend
1950,215.0,165.44423622518232,380.4442362251823,1.0247219712311393,1159.4849243673082,
1951,215.0,181.5398843317661,396.5398843317661,1.0244368393312935,1164.0342888531711,4.549364485862952
1952,215.0,187.68166589082924,402.6816658908292,1.0241517074314475,1170.0947330370348,6.060444183863638
1953,215.0,193.63020581337207,408.6302058133721,1.0238665755316017,1177.4357862058175,7.341053168782764
1954,215.0,199.15880242379365,414.15880242379365,1.0235814436317558,1185.7768241111858,8.341037905368239
1955,215.0,204.36717252240715,419.36717252240715,1.02329631173191,1194.9011063773323,9.124282266146565
1956,215.0,211.13917046441813,426.13917046441816,1.023011179832064,1205.2418143558991,10.340707978566797
1957,215.0,217.36410999746863,432.36410999746863,1.0227260479322182,1216.4828723916314,11.241058035732294
1958,215.0,220.52987679908665,435.52987679908665,1.0224409160323724,1227.5078871250353,11.02501473340385
1959,215.0,225.6699184124753,440.66991841247534,1.0221557841325266,1238.9962040594633,11.488316934427985
1960,215.0,231.08350712933756,446.0835071293376,1.0218706522326808,1250.9871619040766,11.990957844613376
1961,215.0,239.81707031491294,454.81707031491294,1.0215855203328348,1264.528266902543,13.54110499846638
1962,215.0,242.73843169743012,457.7384316974301,1.021300388432989,1277.5164736283498,12.988206725806776
1963,215.0,252.57641659525984,467.57641659525984,1.021015256533143,1292.3107046379564,14.79423100960662
1964,215.0,253.78508937239053,468.78508937239053,1.0207301246332974,1305.8433805278823,13.53267588992594
1965,215.0,260.7489502734299,475.7489502734299,1.0204449927334514,1320.165370174412,14.321989646529573
1966,215.0,265.2430465845324,480.2430465845324,1.0201598608336055,1334.3681545629017,14.202784388489818
1967,215.0,272.1189694198009,487.1189694198009,1.0198747289337597,1349.2556542256302,14.887499662728487
1968,215.0,275.9700567619466,490.9700567619466,1.019589597033914,1363.7463546436722,14.490700418042024
1969,215.0,280.66963851413317,495.66963851413317,1.019304465134068,1378.1651582211139,14.418803577441622
1970,215.0,286.7554424719951,501.7554424719951,1.0190193332342221,1392.979868228538,14.814710007424083
1971,215.0,296.29479715759095,511.29479715759095,1.0199605556308002,1409.4563306247421,16.47646239620417
1972,215.0,309.7925504905967,524.7925504905967,1.0209017780273784,1428.7297891421347,19.273458517392555
1973,215.0,321.5097804752024,536.5097804752024,1.0218430004239563,1449.9037556556582,21.17396651352351
1974,215.0,323.90781625487864,538.9078162548786,1.0227842228205342,1469.6751243158226,19.7713686601644
1975,215.0,317.6599241426396,532.6599241426396,1.0237254452171123,1485.3273842618803,15.652259946057711
1976,215.0,332.4310155097663,547.4310155097663,1.0246666676136902,1504.302530233996,18.975145972115797
1977,215.0,331.86937666306744,546.8693766630674,1.0256078900102683,1521.1418972132217,16.839366979225588
1978,215.0,341.8147800298701,556.8147800298701,1.0265491124068462,1539.5754609005035,18.433563687281776
1979,215.0,343.8016532522121,558.8016532522121,1.0274903348034243,1556.785606683679,17.21014578317545
1980,215.0,336.43435957683573,551.4343595768357,1.0284315572000022,1569.7990002495726,13.013393565893693
1981,215.0,319.944026226233,534.9440262262331,1.0283999636415508,1575.9013041057349,6.10230385616228
1982,215.0,325.4862880386215,540.4862880386215,1.0283683700830997,1583.1739816198708,7.272677514135921
1983,215.0,314.78340390067586,529.7834039006759,1.0283367765246483,1586.087795253751,2.9138136338801814
1984,215.0,313.6218524399723,528.6218524399724,1.028305182966197,1588.2919329822664,2.204137728515434
1985,215.0,312.6892946359584,527.6892946359584,1.0282735894077455,1589.9401693968573,1.6482364145908832
1986,215.0,315.3279750176004,530.3279750176005,1.028241995849294,1592.280672278046,2.3405028811887405
1987,215.0,317.2485140553672,532.2485140553672,1.028210402290843,1594.9989116944237,2.718239416377628
1988,215.0,321.411691319549,536.4116913195489,1.0281788087323915,1598.7991562844159,3.8002445899921895
1989,215.0,324.1105786961214,539.1105786961214,1.0281472151739404,1603.076139783908,4.276983499492189
1990,215.0,328.0908796007256,543.0908796007257,1.0281156216154888,1608.203701304946,5.127561521037933
1991,215.0,341.6898806403371,556.6898806403372,1.02530405945394,1616.8683561925989,8.664654887652887
1992,215.0,321.75928362938964,536.7592836293896,1.022492497292391,1617.5306138002777,0.6622576076788391
1993,215.0,320.736322800518,535.736322800518,1.0196809351308422,1617.351172501915,-0.17944129836268985
1994,215.0,332.26831963852857,547.2683196385285,1.0168693729692933,1620.5923922871173,3.2412197852022473
1995,215.0,324.2177472722203,539.2177472722203,1.0140578108077443,1620.3662004288053,-0.22619185831194955
1996,215.0,327.5188030162106,542.5188030162105,1.0112462486461955,1620.8250759479808,0.4588755191755354
1997,215.0,350.5117382000001,565.5117382000001,1.0084346864846467,1628.4310218324288,7.6059458844479195
1998,215.0,330.2514803,545.2514803,1.0056231243230978,1628.0181756962475,-0.41284613618131516
1999,215.0,321.97082819999997,536.9708281999999,1.002811562161549,1624.4558714867928,-3.5623042094546236
2000,215.0,321.0746415,536.0746415,1.0,1620.5470895106641,-3.9087819761286937
2001,215.0,322.0038254,537.0038254,0.995914002735031,1616.732238079786,-3.814851430878207
2002,215.0,329.2447249,544.2447248999999,0.991828005470062,1615.093147618824,-1.6390904609618246
2003,215.0,336.95281180000006,551.9528118000001,0.987742008205093,1615.535474176325,0.44232655750079175
2004,215.0,346.8821553,561.8821553,0.9836560109401239,1618.5547827278688,3.0193085515438725
2005,215.0,351.53041470000005,566.5304147,0.9795700136751548,1622.0990133484606,3.5442306205918612
2006,215.0,361.5815305,576.5815305,0.9754840164101859,1627.8912747510174,5.792261402556733
2007,215.0,357.22785230000005,572.2278523,0.9713980191452168,1630.8886900900407,2.9974153390232914
2008,215.0,358.4336323,573.4336323,0.977052169906687,1634.8961239488192,4.0074338587785405
2009,215.0,359.7836666,574.7836666000001,0.9827063206681571,1639.8398020912912,4.943678142471981
2010,215.0,365.82240210000003,580.8224021000001,0.9883604714296271,1647.1639679243954,7.324165833104189
2011,215.0,367.0318972,582.0318972,0.9889882341230849,1654.1654630111966,7.001495086801242
2012,215.0,370.96316160000003,585.9631616,0.9896159968165429,1661.784669109846,7.619206098649329
2013,215.0,370.2459324,585.2459324,0.9902437595100009,1668.4100792926033,6.625410182757378
2014,215.0,377.00284780000004,592.0028478,0.9908715222034588,1676.6348963004398,8.224817007836464
2015,215.0,381.5206772,596.5206772,0.9908600068687826,1685.4290944181464,8.794198117706628
2016,215.0,369.4090335000001,584.4090335000001,0.9908484915341064,1689.2098727356042,3.7807783174578162
2017,215.0,370.1151464,585.1151464,0.9908369761994302,1692.796466337584,3.5865936019797573
2018,215.0,373.18654800000013,588.1865480000001,0.9924774178789595,1697.2752632197573,4.478796882173356
2019,215.0,381.5144058,596.5144058000001,0.9941178595584886,1704.290949911768,7.015686692010604
2020,215.0,375.00440580000003,590.0044058000001,0.9957583012380179,1708.634206638676,4.343256726908066
