,natemis,Antr+BB,Totemis,ch4lifetime_fact,Conc,Trend
1950,215.0,145.69132180652684,360.69132180652684,1.0082976017871197,1151.1122764867168,
1951,215.0,161.13354968984004,376.13354968984004,1.008017040016338,1147.9998586781396,-3.11241780857722
1952,215.0,166.62191102563256,381.6219110256326,1.0077364782455562,1147.025435263256,-0.9744234148836313
1953,215.0,171.91703072490478,386.91703072490475,1.0074559164747743,1147.8869877557788,0.8615524925228328
1954,215.0,176.79220711205573,391.79220711205573,1.0071753547039928,1150.2406597484612,2.3536719926823935
1955,215.0,181.34715698739865,396.34715698739865,1.0068947929332108,1153.8138619718236,3.5732022233623866
1956,215.0,187.46573470613905,402.4657347061391,1.006614231162429,1158.9899185104944,5.176056538670764
1957,215.0,193.03725401591896,408.03725401591896,1.0063336693916476,1165.4083466375196,6.418428127025209
1958,215.0,195.54960059426637,410.5496005942664,1.0060531076208656,1171.9144082434007,6.5060616058810865
1959,215.0,200.03622198438438,415.0362219843844,1.005772545850084,1179.1536378802284,7.239229636827758
1960,215.0,204.79639047797613,419.79639047797616,1.0054919840793022,1187.1347654781127,7.981127597884324
1961,215.0,212.86841715028493,427.8684171502849,1.0052114223085205,1196.8745023020997,9.73973682398696
1962,215.0,215.12824201953555,430.12824201953555,1.0049308605377387,1206.2460414977832,9.371539195683454
1963,215.0,224.30469040409875,439.3046904040988,1.0046502987669568,1217.5868407983367,11.340799300553499
1964,215.0,224.85182666796288,439.8518266679629,1.004369736996175,1227.8109577464008,10.224116948064193
1965,215.0,231.1541510557357,446.1541510557357,1.0040891752253935,1238.9535747884368,11.142617042035909
1966,215.0,234.98671085357168,449.9867108535717,1.0038086134546116,1250.0914214631775,11.137846674740786
1967,215.0,241.20109717557358,456.2010971755736,1.0035280516838299,1262.0153329905138,11.923911527336259
1968,215.0,244.3906480044528,459.3906480044528,1.0032474899130481,1273.6324374632395,11.617104472725714
1969,215.0,248.42869324337278,463.4286932433728,1.0029669281422664,1285.258091253851,11.625653790611523
1970,215.0,253.8529606879682,468.8529606879682,1.0026863663714847,1297.3509847538676,12.092893500016544
1971,215.0,257.52620629587904,472.52620629587904,1.0036125027400429,1309.4304080227885,12.079423268920891
1972,215.0,264.8182405958808,479.8182405958808,1.0045386391086013,1322.70157939337,13.271171370581442
1973,215.0,267.14971892758393,482.14971892758393,1.0054647754771595,1335.3863201029737,12.68474070960383
1974,215.0,268.7846400384715,483.7846400384715,1.006390911845718,1347.3207234076979,11.934403304724128
1975,215.0,271.109550132768,486.109550132768,1.0073170482142761,1358.8194557109016,11.498732303203724
1976,215.0,275.151199176438,490.151199176438,1.0082431845828346,1370.5030581294232,11.68360241852156
1977,215.0,277.8837806829508,492.8837806829508,1.009169320951393,1381.9180131287662,11.414954999343081
1978,215.0,279.1532573379765,494.1532573379765,1.0100954573199512,1392.6099774648983,10.69196433613206
1979,215.0,283.509905097283,498.509905097283,1.0110215936885096,1403.6864585509943,11.07648108609601
1980,210.94999730878948,282.39789700257745,493.34789431136693,1.0119477300570678,1411.9443425777401,8.257884026745842
1981,207.46940093654123,277.70632086781643,485.17572180435764,1.0119166428840465,1416.5675187315235,4.623176153783334
1982,196.9955325905592,285.44898160510485,482.44451419566406,1.0118855557110251,1419.7665121114594,3.198993379935928
1983,201.33424834490552,279.2322937007664,480.5665420456719,1.0118544685380038,1421.9826727933787,2.216160681919291
1984,214.1098013886646,284.2736509570633,498.3834523457279,1.0118233813649828,1429.8677608713394,7.885088077960745
1985,211.68781958124762,287.21176940850773,498.89958898975533,1.0117922941919613,1437.0456685231313,7.177907651791884
1986,211.8802949566715,291.2706380860499,503.1509330427214,1.01176120701894,1444.8356336487766,7.789965125645267
1987,203.0665267237203,295.5911049346384,498.6576316583587,1.0117301198459188,1450.2647109019326,5.429077253156038
1988,213.4200979600624,299.50593861356083,512.9260365736233,1.0116990326728972,1459.827427509296,9.562716607363427
1989,215.39297055815703,304.6665974459152,520.0595680040723,1.011667945499876,1470.6950647190179,10.867637209721806
1990,213.067226438452,307.914041620146,520.9812680585981,1.0116368583268547,1480.6592392728046,9.964174553786734
1991,208.59217395984714,320.68279532797294,529.2749692878201,1.009824235180017,1492.014315441857,11.355076169052381
1992,188.55869530114643,304.53940686846767,493.0981021696141,1.0015337334334637,1488.8905946270813,-3.123720814775652
1993,202.27256580009686,305.54609779725865,507.8186635973555,0.996844693397186,1490.316715070153,1.426120443071568
1994,205.68900371387048,317.597620646701,523.2866243605715,1.0084558263903243,1498.4126150614723,8.095899991319357
1995,201.59890198611336,312.19366926980626,513.7925712559196,1.0030031148607326,1501.6602155999249,3.247600538452616
1996,211.8482157274342,314.27731063372306,526.1255263611572,1.0102506923191272,1509.6984096315825,8.038194031657667
1997,205.35217180687872,337.39423398689746,542.7464057937761,1.0119030530084048,1522.6061297143788,12.907720082796232
1998,214.55891059798697,318.3664476301497,532.9253582281367,0.9861864069689835,1526.9580274382465,4.351897723867751
1999,223.82980784756984,313.54878980346416,537.3785976510339,1.0063414517912073,1535.3468038083886,8.388776370142068
2000,220.46950858496152,315.2590354804872,535.7285440654488,1.0,1541.30067605108,5.953872242691432
2001,217.96732870445126,315.6535417996881,533.6208705041394,0.99386928520895,1544.9531458144215,3.6524697633415144
2002,212.04069110285803,322.5524780298677,534.5931691327257,0.9928679555766652,1548.3631651384599,3.4100193240383305
2003,215.0561386511653,328.93805732438307,543.9941959755483,0.9864340504659566,1553.5087794291862,5.145614290726371
2004,213.89326659131277,336.0629318005267,549.9561983918395,0.979133650893039,1558.8951654134687,5.3863859842824695
2005,205.11959739490823,342.20939793202444,547.3289953269327,0.9699646792990931,1561.3187205917613,2.423555178292645
2006,217.5182194951289,352.88884852886645,570.4070680239954,0.9658283605068321,1570.4359430101833,9.117222418421989
2007,217.93524947521394,350.1027628899805,568.0380123651944,0.9597038162268151,1576.6979327743506,6.261989764167311
2008,221.99327197373375,353.6885615404862,575.68183351422,0.9643339070369527,1585.5422523690295,8.844319594678836
2009,219.24247806663436,355.1745289722293,574.4170070388636,0.9671398996221703,1593.4157920619116,7.873539692882105
2010,222.65891598040798,360.86969570672267,583.5286116871307,0.9580604117459025,1601.8677783047565,8.451986242844896
2011,222.8112923192852,366.86200176465536,589.6732940839406,0.9585228838411334,1611.4540912184682,9.586312913711708
2012,213.70079121588887,372.93936189598577,586.6401531118746,0.9675752373720371,1620.4698699540409,9.015778735572667
2013,225.01673932935032,372.12612208235606,597.1428614117063,0.9662389595250078,1631.7013688560103,11.231498901969417
2014,216.49168415953494,379.6360199266544,596.1277040861894,0.96907901809612,1641.7893882024864,10.08801934647613
2015,210.13999677054736,386.38580047504416,596.5257972455915,0.9707424683795629,1651.135601185985,9.346212983498617
2016,217.28564508315839,378.3196319917136,595.605277074872,0.952027984493153,1655.8203439264726,4.684742740487536
2017,215.0,383.4074474991411,598.4074474991411,0.9603792558988442,1662.3714451806445,6.551101254171954
2018,215.0,388.5484716668797,603.5484716668798,0.9619692714083327,1670.1484530874893,7.777007906844801
2019,215.0,399.41284493865857,614.4128449386585,0.963559286917821,1680.907858773772,10.759405686282662
2020,215.0,396.9719628374015,611.9719628374015,0.9651493024273095,1689.898645046267,8.990786272494915
