,natemis,Antr+BB,Totemis,ch4lifetime_fact,Conc,Trend
1950,215.0,163.17450659965715,378.17450659965715,1.0247219712311393,1158.7304235375464,
1951,215.0,179.19507276100282,394.19507276100285,1.0244368393312935,1162.5831540560823,3.8527305185359637
1952,215.0,185.26177237482784,400.26177237482784,1.0241517074314475,1167.9985168845446,5.415362828462321
1953,215.0,191.13523035213254,406.13523035213257,1.0238665755316017,1174.740416089009,6.741899204464289
1954,215.0,196.588745017316,411.588745017316,1.0235814436317558,1182.5232161819058,7.782800092896878
1955,215.0,201.72203317069142,416.7220331706914,1.02329631173191,1191.125712640535,8.602496458629275
1956,215.0,208.41894916746426,423.41894916746423,1.023011179832064,1200.9771101462013,9.851397505666228
1957,215.0,214.5688067552767,429.5688067552767,1.0227260479322182,1211.7577907181362,10.780680571934909
1958,215.0,217.6594916116566,432.65949161165656,1.0224409160323724,1222.3482056645692,10.59041494643293
1959,215.0,222.72445127980714,437.7244512798071,1.0221557841325266,1233.4248899507454,11.07668428617626
1960,215.0,228.0629580514313,443.06295805143134,1.0218706522326808,1245.02467893571,11.599788984964562
1961,215.0,236.72050668084023,451.72050668084023,1.0215855203328348,1258.1925392188111,13.167860283101163
1962,215.0,239.56585350719098,454.565853507191,1.021300388432989,1270.823473629261,12.630934410449754
1963,215.0,249.3278238488543,464.32782384885434,1.021015256533143,1285.274666449781,14.451192820520191
1964,215.0,250.4604820698185,465.4604820698185,1.0207301246332974,1298.4769901693835,13.202323719602418
1965,215.0,257.3483284146914,472.3483284146914,1.0204449927334514,1312.4799349580946,14.002944788711147
1966,215.0,261.76641016962753,476.76641016962753,1.0201598608336055,1326.3737539944386,13.893819036343984
1967,215.0,268.56631844872953,483.56631844872953,1.0198747289337597,1340.9612744184174,14.58752042397873
1968,215.0,272.34139123470885,487.34139123470885,1.019589597033914,1355.1600080460155,14.19873362759813
1969,215.0,276.9649584307289,491.9649584307289,1.019304465134068,1369.2939902579074,14.133982211891862
1970,215.0,282.9747478324244,497.9747478324244,1.0190193332342221,1383.8302522849233,14.536262027015937
1971,215.0,292.39338546227265,507.39338546227265,1.0199605556308002,1400.018017996976,16.187765712052624
1972,215.0,305.77288904383573,520.7728890438357,1.0209017780273784,1418.9944303113855,18.976412314409572
1973,215.0,317.30180353705,532.30180353705,1.0218430004239563,1439.840581102687,20.846150791301625
1974,215.0,319.6737152945646,534.6737152945645,1.0227842228205342,1459.310602842959,19.47002174027193
1975,215.0,313.4687162301143,528.4687162301143,1.0237254452171123,1474.7079653143442,15.397362471385122
1976,215.0,328.0681369115893,543.0681369115894,1.0246666676136902,1493.3981937734795,18.69022845913537
1977,215.0,327.50971043294277,542.5097104329427,1.0256078900102683,1509.9840060964407,16.585812322961146
1978,215.0,337.29152495073333,552.2915249507333,1.0265491124068462,1528.1364431308257,18.152437034385002
1979,215.0,339.2625001945196,554.2625001945196,1.0274903348034243,1545.0899657491047,16.953522618279067
1980,215.0,331.9744129863428,546.9744129863428,1.0284315572000022,1557.9001337091777,12.810167960072931
1981,215.0,315.6808105870111,530.6808105870111,1.0283999636415508,1563.88689068245,5.98675697327235
1982,215.0,321.2350753555989,536.2350753555988,1.0283683700830997,1571.06068970268,7.173799020230035
1983,215.0,310.5807537196765,525.5807537196765,1.0283367765246483,1573.9026252581264,2.841935555446298
1984,215.0,309.44370211114114,524.4437021111412,1.028305182966197,1576.0509311635528,2.1483059054264686
1985,215.0,308.5329440305821,523.532944030582,1.0282735894077455,1577.6567288270912,1.6057976635383966
1986,215.0,311.14209539675954,526.1420953967595,1.028241995849294,1579.9496552200924,2.292926393001153
1987,215.0,313.06531577001317,528.0653157700132,1.028210402290843,1582.626452031569,2.6767968114766063
1988,215.0,317.1635669480235,532.1635669480236,1.0281788087323915,1586.368239178234,3.7417871466650467
1989,215.0,319.83132361261084,534.8313236126108,1.0281472151739404,1590.5828487825381,4.214609604304087
1990,204.64647443295402,323.79183660072556,528.4383110336796,1.0281156216154888,1592.2060471115315,1.6231983289933396
1991,202.84908478641162,335.4818104403371,538.3308952267487,1.02530405945394,1596.5223493910305,4.316302279499041
1992,190.51506057038983,316.3955526293896,506.91061319977945,1.022492497292391,1589.5001238001087,-7.022225590921835
1993,195.3330359213366,315.00618740051794,510.33922332185455,1.0196809351308422,1583.9687726497623,-5.5313511503463815
1994,199.90276569546643,322.1935623385285,522.096328033995,1.0168693729692933,1582.5321310335548,-1.436641616207453
1995,196.32841195227857,309.8613907722203,506.1898027244989,1.0140578108077443,1575.5453552360113,-6.986775797543487
1996,207.46436651190697,309.1011425162106,516.5655090281175,1.0112462486461955,1572.355059229164,-3.1902960068473476
1997,215.069403551697,332.86,547.9294035516971,1.0084346864846467,1579.5106891580526,7.155629928888629
1998,211.19685718568462,317.28000000000003,528.4768571856846,1.0056231243230978,1578.9792269014597,-0.5314622565929312
1999,218.01274748085203,311.53999999999996,529.552747480852,1.002811562161549,1578.4318783187848,-0.5473485826748856
2000,224.99476821169003,309.38,534.37476821169,1.0,1579.1120388023762,0.6801604835914077
2001,211.6541686142129,313.65,525.3041686142128,0.995914002735031,1576.0688168468037,-3.0432219555725624
2002,212.44845349875482,324.65000000000003,537.0984534987549,0.991828005470062,1576.6421648721648,0.573348025361156
2003,211.15104048992268,326.12,537.2710404899227,0.987742008205093,1576.5625674057276,-0.0795974664372352
2004,213.4267447417675,330.53000000000003,543.9567447417676,0.9836560109401239,1578.0591681417077,1.4966007359801097
2005,212.36702568834235,334.55,546.9170256883424,0.9795700136751548,1579.7108392292346,1.6516710875268927
2006,214.33253962675096,340.45,554.7825396267509,0.9754840164101859,1583.119533964351,3.4086947351163417
2007,219.6252591285588,336.24,555.8652591285588,0.9713980191452168,1585.8274285973341,2.707894632983198
2008,225.0863228023433,335.67,560.7563228023433,0.977052169906687,1590.7742173283684,4.946788731034303
2009,227.38941008758178,339.88,567.2694100875817,0.9827063206681571,1598.2374291647113,7.463211836342907
2010,222.05416973076032,341.18,563.2341697307603,0.9883604714296271,1604.4291628882443,6.191733723532934
2011,234.1365331595362,342.69,576.8265331595362,0.9889882341230849,1614.5324247484648,10.103261860220528
2012,214.91072953742258,348.16,563.0707295374226,0.9896159968165429,1619.0313629997731,4.498938251308346
2013,217.65607902838656,348.96,566.6160790283866,0.9902437595100009,1624.3006354406311,5.269272440858003
2014,225.58641103472286,357.09000000000003,582.6764110347228,0.9908715222034588,1634.4069580840946,10.1063226434635
2015,217.07285443075872,365.45,582.5228544307587,0.9908600068687826,1643.3202196277507,8.913261543656063
2016,210.38186013375284,358.0,568.3818601337529,0.9908484915341064,1646.5332305157908,3.2130108880401167
2017,219.85459889671557,360.73,580.5845988967155,0.9908369761994302,1653.4313520406756,6.8981215248848
2018,221.18675975116392,362.77000000000004,583.956759751164,0.9924774178789595,1660.941672039255,7.510319998579462
2019,217.3676024610999,371.87,589.2376024610999,0.9941178595584886,1669.630280940593,8.68860890133783
2020,215.0,367.56,582.56,0.9957583012380179,1675.3970787378814,5.766797797288518
