,natemis,Antr+BB,Totemis,ch4lifetime_fact,Conc,Trend
1950,215.0,165.44423622518232,380.4442362251823,1.0488608866700293,1162.0496780388985,
1951,215.0,181.5398843317661,396.5398843317661,1.0455466626386185,1168.5763025010729,6.526624462174368
1952,215.0,187.68166589082924,402.6816658908292,1.0435105097854591,1176.2267619309298,7.650459429856937
1953,215.0,193.63020581337207,408.6302058133721,1.0405455939203825,1184.7120367592545,8.485274828324691
1954,215.0,199.15880242379365,414.15880242379365,1.044295794488673,1194.521180592212,9.809143832957488
1955,215.0,204.36717252240715,419.36717252240715,1.037508489961066,1204.2638550490603,9.742674456848363
1956,215.0,211.13917046441813,426.13917046441816,1.028116236302615,1214.1529420925074,9.889087043447034
1957,215.0,217.36410999746863,432.36410999746863,1.0421601616543277,1226.6030294650366,12.450087372529197
1958,215.0,220.52987679908665,435.52987679908665,1.048657602665344,1239.480666149451,12.877636684414483
1959,215.0,225.6699184124753,440.66991841247534,1.036391182649435,1251.298277714563,11.817611565111974
1960,215.0,231.08350712933756,446.0835071293376,1.0366828171259594,1263.665304264207,12.367026549643924
1961,215.0,239.81707031491294,454.81707031491294,1.0360169714873653,1277.5154929016514,13.85018863744449
1962,215.0,242.73843169743012,457.7384316974301,1.0483804322861743,1292.270549220514,14.755056318862671
1963,215.0,252.57641659525984,467.57641659525984,1.0443546910580446,1308.239836068142,15.969286847627927
1964,215.0,253.78508937239053,468.78508937239053,1.0448466365780047,1322.9444722235564,14.704636155414391
1965,215.0,260.7489502734299,475.7489502734299,1.0416887487729276,1337.9982205733304,15.053748349773969
1966,215.0,265.2430465845324,480.2430465845324,1.045021997433171,1353.322998508628,15.324777935297561
1967,215.0,272.1189694198009,487.1189694198009,1.0453696087467055,1369.3236177398426,16.000619231214614
1968,215.0,275.9700567619466,490.9700567619466,1.0399298066040126,1384.2001681711142,14.876550431271653
1969,215.0,280.66963851413317,495.66963851413317,1.044521823964872,1399.606505759368,15.406337588253791
1970,215.0,286.7554424719951,501.7554424719951,1.0439258467327728,1415.2978832236897,15.691377464321704
1971,215.0,296.29479715759095,511.29479715759095,1.0436193741341604,1432.4280389493324,17.13015572564268
1972,215.0,309.7925504905967,524.7925504905967,1.0520906785217377,1453.2934933169897,20.86545436765732
1973,215.0,321.5097804752024,536.5097804752024,1.0403958536106162,1474.2781296668054,20.984636349815673
1974,215.0,323.90781625487864,538.9078162548786,1.035825630675854,1493.1669873410433,18.888857674237897
1975,215.0,317.6599241426396,532.6599241426396,1.0405937531705223,1508.5767610048717,15.409773663828446
1976,215.0,332.4310155097663,547.4310155097663,1.0471224324819541,1528.1262897350673,19.54952873019556
1977,215.0,331.86937666306744,546.8693766630674,1.0411935162013237,1544.558869916311,16.432580181243793
1978,215.0,341.8147800298701,556.8147800298701,1.039175143440748,1562.2351464166295,17.67627650031841
1979,215.0,343.8016532522121,558.8016532522121,1.0376285224625028,1578.433200968442,16.198054551812447
1980,215.0,336.43435957683573,551.4343595768357,1.046993032958082,1591.7661563347845,13.332955366342503
1981,215.0,319.944026226233,534.9440262262331,1.057235362607005,1599.627866721156,7.861710386371442
1982,215.0,325.4862880386215,540.4862880386215,1.0571718977688278,1608.4849881502466,8.85712142909074
1983,215.0,314.78340390067586,529.7834039006759,1.059741846409663,1613.1954793002558,4.7104911500091475
1984,215.0,313.6218524399723,528.6218524399724,1.0468082345506051,1615.1626152929007,1.9671359926448986
1985,215.0,312.6892946359584,527.6892946359584,1.0438054769311433,1616.1702211714492,1.0076058785484747
1986,215.0,315.3279750176004,530.3279750176005,1.049246969643094,1618.7379046798976,2.5676835084484537
1987,215.0,317.2485140553672,532.2485140553672,1.040268768905054,1620.35681112435,1.6189064444524774
1988,215.0,321.411691319549,536.4116913195489,1.0374802786999169,1622.7728751258944,2.4160640015443278
1989,215.0,324.1105786961214,539.1105786961214,1.0428034452743942,1626.61085445082,3.837979324925527
1990,195.859372138931,328.0908796007256,523.9502517396566,1.0438158204508707,1625.1385965561392,-1.4722578946807516
1991,196.4677865234781,341.6898806403371,538.1576671638152,1.044515988674617,1628.6554211373743,3.5168245812351415
1992,186.22954503459533,321.75928362938964,507.988828663985,1.0373376907957834,1620.6948054907637,-7.960615646610677
1993,187.33483185418655,320.736322800518,508.0711546547045,1.0235051451726433,1611.554724556889,-9.140080933874742
1994,194.24032411385,332.26831963852857,526.5086437523786,1.025931824493182,1609.913263385444,-1.6414611714449165
1995,196.26542045954338,324.2177472722203,520.4831677317637,1.0098251171866819,1603.9918410385635,-5.92142234688049
1996,208.3748607752008,327.5188030162106,535.8936637914114,1.0059472571608135,1603.2455204307228,-0.7463206078407438
1997,210.57397740266572,350.5117382000001,561.0857156026658,1.0155065898427584,1612.4272733555817,9.181752924858984
1998,209.1911838875435,330.2514803,539.4426641875435,1.0260604213678781,1615.009308230086,2.5820348745041883
1999,217.52201870655188,321.97082819999997,539.4928469065519,0.9977243350302163,1612.9315772039402,-2.077731026145784
2000,223.5473177914537,321.0746415,544.6219592914537,1.0,1613.1509640920617,0.21938688812156215
2001,208.76739978844725,322.0038254,530.7712251884473,0.9976712650532031,1608.377946355267,-4.7730177367946
2002,212.5426383460839,329.2447249,541.7873632460839,0.9898186618728184,1606.542124230609,-1.8358221246580797
2003,209.4704631541179,336.95281180000006,546.4232749541179,0.994865821953046,1607.260482208611,0.7183579780019045
2004,218.0441344921813,346.8821553,564.9262897921814,0.9830062724148221,1612.1227216199547,4.862239411343808
2005,209.43411713475498,351.53041470000005,560.964531834755,0.9724656594085386,1613.3734742135164,1.2507525935616286
2006,219.66477835127023,361.5815305,581.2463088512702,0.9697798027915692,1620.753204551538,7.379730338021545
2007,218.52915094169083,357.22785230000005,575.7570032416909,0.9645130934714374,1624.5697692958129,3.816564744274956
2008,220.73970219562665,358.4336323,579.1733344956267,0.9627371565534859,1628.7731428570191,4.203373561206263
2009,225.16131562752406,359.7836666,584.9449822275241,0.9682589027181607,1635.351045629928,6.577902772908828
2010,222.0698885088719,365.82240210000003,587.8922906088719,0.9741615880697929,1643.1553777608144,7.804332130886451
2011,236.78903992011058,367.0318972,603.8209371201106,0.9620153522297454,1653.252466885887,10.09708912507267
2012,215.0776771228679,370.96316160000003,586.0408387228679,0.9808702795232336,1659.5354237153292,6.282956829442128
2013,213.66667097656892,370.2459324,583.912603376569,0.9678609782840504,1662.1644029164056,2.6289792010763904
2014,220.38733015363204,377.00284780000004,597.390177953632,0.9658128139938376,1668.6002362630497,6.435833346644131
2015,214.02416939645465,381.5206772,595.5448465964547,0.9658128139938376,1673.6828516897285,5.082615426678785
2016,204.99377754132416,369.4090335000001,574.4028110413242,0.9658128139938376,1671.1730657141184,-2.509785975610157
2017,218.8150981385997,370.1151464,588.9302445385997,0.9658128139938376,1673.7670448057843,2.593979091665915
2018,219.12510429468114,373.18654800000013,592.3116522946813,0.9658128139938376,1677.1827308311802,3.415686025395871
2019,214.5585473649176,381.5144058,596.0729531649176,0.9658128139938376,1681.4513319604255,4.268601129245326
2020,215.0,375.00440580000003,590.0044058000001,0.9658128139938376,1683.216846626222,1.7655146657964451
