,natemis,Antr+BB,Totemis,ch4lifetime_fact,Conc,Trend
1950,215.0,165.44423622518232,380.4442362251823,1.0386734286208537,1160.9810871162724,
1951,215.0,181.5398843317661,396.5398843317661,1.0386734286208537,1166.8978171570557,5.91673004078325
1952,215.0,187.68166589082924,402.6816658908292,1.0386734286208537,1174.2154788835567,7.317661726501001
1953,215.0,193.63020581337207,408.6302058133721,1.0386734286208537,1182.7177639624829,8.502285078926207
1954,215.0,199.15880242379365,414.15880242379365,1.0386734286208537,1192.136427316632,9.418663354149203
1955,215.0,204.36717252240715,419.36717252240715,1.0386734286208537,1202.2655035842458,10.129076267613755
1956,215.0,211.13917046441813,426.13917046441816,1.0386734286208537,1213.5480266925501,11.282523108304304
1957,215.0,217.36410999746863,432.36410999746863,1.0386734286208537,1225.6768510664294,12.128824373879297
1958,215.0,220.52987679908665,435.52987679908665,1.0386734286208537,1237.5425289768411,11.865677910411705
1959,215.0,225.6699184124753,440.66991841247534,1.0386734286208537,1249.830342559921,12.287813583079924
1960,215.0,231.08350712933756,446.0835071293376,1.0386734286208537,1262.585475048501,12.755132488579875
1961,215.0,239.81707031491294,454.81707031491294,1.0273688805761167,1275.538332413185,12.95285736468395
1962,215.0,242.73843169743012,457.7384316974301,1.0286336117988735,1288.1949717709326,12.656639357747736
1963,215.0,252.57641659525984,467.57641659525984,1.0303815209511082,1302.9482329738792,14.753261202946533
1964,215.0,253.78508937239053,468.78508937239053,1.0388161109745009,1317.5075892509337,14.559356277054576
1965,215.0,260.7489502734299,475.7489502734299,1.0466500135860857,1333.7437649510414,16.23617570010765
1966,215.0,265.2430465845324,480.2430465845324,1.0309948094306236,1347.8092793522328,14.065514401191422
1967,215.0,272.1189694198009,487.1189694198009,1.0343317923476247,1363.0427532535346,15.23347390130175
1968,215.0,275.9700567619466,490.9700567619466,1.0390130401356572,1378.4857378070085,15.442984553473934
1969,215.0,280.66963851413317,495.66963851413317,1.03733064240917,1393.6036568715058,15.1179190644973
1970,215.0,286.7554424719951,501.7554424719951,1.044520863970062,1410.019069755376,16.415412883870204
1971,215.0,296.29479715759095,511.29479715759095,1.0311148875281522,1426.0975465473846,16.078476792008587
1972,215.0,309.7925504905967,524.7925504905967,1.0410234769727889,1446.2134138969268,20.115867349542214
1973,215.0,321.5097804752024,536.5097804752024,1.0237676802553786,1465.727802168068,19.514388271141115
1974,215.0,323.90781625487864,538.9078162548786,1.0255205419074267,1484.1384437432207,18.410641575152795
1975,215.0,317.6599241426396,532.6599241426396,1.0294434565934747,1498.9982581465206,14.859814403299879
1976,215.0,332.4310155097663,547.4310155097663,1.0411371895645516,1518.7646170348328,19.766358888312197
1977,215.0,331.86937666306744,546.8693766630674,1.04310064917037,1536.4751579078454,17.710540873012633
1978,215.0,341.8147800298701,556.8147800298701,1.038188476513601,1554.8891822714374,18.414024363592034
1979,215.0,343.8016532522121,558.8016532522121,1.0481297495588873,1573.3715462657037,18.48236399426628
1980,213.46581505527286,336.43435957683573,549.9001746321086,1.054811359742319,1587.841419884845,14.469873619141254
1981,209.98540094753466,319.944026226233,529.9294271737676,1.0453494500609413,1592.7687417636723,4.9273218788273425
1982,207.34999122653096,325.4862880386215,532.8362792651525,1.0607031737894599,1600.3077999379,7.539058174227648
1983,218.54420775574664,314.78340390067586,533.3276116564225,1.0432038431370887,1604.7097449248604,4.401944986960416
1984,216.13469029654325,313.6218524399723,529.7565427365156,1.0308940203039962,1605.6390914921576,0.9293465672972161
1985,218.52747499561326,312.6892946359584,531.2167696315717,1.024425100745979,1605.9849099534208,0.3458184612632067
1986,212.30288822600457,315.3279750176004,527.630863243605,1.0354513129905416,1606.7428317520344,0.7579217986135518
1987,207.81014213019827,317.2485140553672,525.0586561855655,1.0403399650985459,1607.2803696527426,0.5375379007082302
1988,212.7546727496052,321.411691319549,534.1663640691542,1.0222870139004354,1608.103745280234,0.8233756274914867
1989,213.67497455693982,324.1105786961214,537.7855532530613,1.0267543659990674,1610.7130865689392,2.6093412887050818
1990,211.0981294964029,328.0908796007256,539.1890090971285,1.030736205492146,1614.0998128419349,3.386726272995702
1991,210.3200561502018,341.6898806403371,552.0099367905389,1.0498448088618946,1624.1927329831447,10.092920141209788
1992,198.5903912967187,321.75928362938964,520.3496749261084,1.0436593028024648,1621.7608798380377,-2.4318531451069703
1993,204.7145815055273,320.736322800518,525.4509043060452,1.0224136274039968,1618.114561147406,-3.646318690631688
1994,209.4666853834006,332.26831963852857,541.7350050219292,1.0257079106974367,1620.781887655242,2.6673265078359236
1995,208.72207755746624,324.2177472722203,532.9398248296866,1.006485120188085,1617.268267396723,-3.513620258518813
1996,212.42838392700475,327.5188030162106,539.9471869432153,1.0050644518952168,1616.2501638424405,-1.0181035542825612
1997,213.7837374978066,350.5117382000001,564.2954756978068,1.0260210342142024,1626.669254801035,10.419090958594552
1998,222.52660466748551,330.2514803,552.7780849674855,1.0215154558941881,1631.4285937948248,4.759338993789697
1999,211.56664678013686,321.97082819999997,533.5374749801368,0.9979967817046644,1625.5756746915326,-5.852919103292152
2000,213.03076329180558,321.0746415,534.1054047918055,1.0,1620.8877027183785,-4.687971973154163
2001,218.326681874013,322.0038254,540.3305072740129,1.004280591928866,1619.4697062649543,-1.4179964534241662
2002,215.21438848920863,329.2447249,544.4591133892086,1.0092659254714755,1620.3637090250854,0.8940027601311158
2003,219.3222811019477,336.95281180000006,556.2750929019478,1.0091672020984297,1625.0677702289431,4.704061203857691
2004,213.74190559747325,346.8821553,560.6240608974733,1.0045178825485648,1629.9601096931387,4.892339464195629
2005,210.64634497280224,351.53041470000005,562.1767596728023,1.001520616854982,1634.3445810119088,4.384471318770011
2006,215.9673626952097,361.5815305,577.5488931952096,0.9963837241195741,1642.5142839696705,8.169702957761729
2007,213.7502719775399,357.22785230000005,570.97812427754,1.0019042846930941,1648.4789943025391,5.964710332868663
2008,213.86740129847342,358.4336323,572.3010335984734,0.9845580445936346,1651.3660696348672,2.887075332328095
2009,219.93302684681524,359.7836666,579.7166934468153,0.9914712628139848,1657.535785394727,6.169715759859855
2010,226.5508334795578,365.82240210000003,592.3732355795578,0.979929226472326,1665.2721221823936,7.73633678766646
2011,214.3442849622741,367.0318972,581.3761821622741,0.979929226472326,1668.480266143954,3.2081439615603813
2012,208.27865941393227,370.96316160000003,579.2418210139323,0.979929226472326,1670.6152339202515,2.1349677762975716
2013,214.6454746446745,370.2459324,584.8914070446745,0.979929226472326,1674.3808647346032,3.7656308143516526
2014,215.03869450780837,377.00284780000004,592.0415423078084,0.979929226472326,1680.0891627643944,5.7082980297911945
2015,214.13512546060713,381.5206772,595.6558026606072,0.979929226472326,1686.3462128642018,6.257050099807429
2016,220.7529320933497,369.4090335000001,590.1619655933498,0.979929226472326,1690.0687170850845,3.7225042208826835
2017,215.0,370.1151464,585.1151464,0.979929226472326,1691.693525128093,1.6248080430084428
2018,215.0,373.18654800000013,588.1865480000001,0.979929226472326,1694.1519970316529,2.458471903559939
2019,215.0,381.5144058,596.5144058000001,0.979929226472326,1699.0925795165642,4.940582484911374
2020,215.0,375.00440580000003,590.0044058000001,0.979929226472326,1701.3114895941565,2.218910077592227
