,natemis,Antr+BB,Totemis,ch4lifetime_fact,Conc,Trend
1950,215.0,140.0104525128931,355.0104525128931,1.0488608866700293,1153.5853040466884,
1951,215.0,155.2647590189582,370.2647590189582,1.0455466626386185,1152.2824775013407,-1.3028265453476706
1952,215.0,160.56519897750266,375.56519897750263,1.0435105097854591,1152.6722595505257,0.38978204918498705
1953,215.0,165.67239729952678,380.6723972995268,1.0405455939203825,1154.409114303927,1.7368547534013032
1954,215.0,170.3596523094297,385.3596523094297,1.044295794488673,1157.909791902503,3.500677598575976
1955,215.0,174.7266808075245,389.72668080752453,1.037508489961066,1161.7700723590856,3.8602804565825863
1956,215.0,180.6573371490168,395.6573371490168,1.028116236302615,1166.175144828591,4.405072469505512
1957,215.0,186.04093508154867,401.0409350815487,1.0421601616543277,1173.3962950821392,7.221150253548103
1958,215.0,188.36536028264797,403.365360282648,1.048657602665344,1181.29831463125,7.902019549110719
1959,215.0,192.664060295518,407.66406029551797,1.036391182649435,1188.4633611448749,7.1650465136249295
1960,215.0,197.23630741186156,412.23630741186156,1.0366828171259594,1196.4020573214398,7.9386961765649176
1961,215.0,205.11807849022705,420.11807849022705,1.0360169714873653,1206.0261575478462,9.624100226406426
1962,215.0,207.1876477655343,422.1876477655343,1.0483804322861743,1216.6489293407592,10.622771792913
1963,215.0,216.17384055615415,431.1738405561541,1.0443546910580446,1228.6755868447992,12.026657504040031
1964,215.0,216.530721226075,431.530721226075,1.0448466365780047,1239.5764914269962,10.900904582196972
1965,215.0,222.6427900199044,437.6427900199044,1.0416887487729276,1250.9782041707756,11.401712743779399
1966,215.0,226.28509422379705,441.28509422379705,1.045021997433171,1262.73615339346,11.757949222684374
1967,215.0,232.3092249518556,447.30922495185564,1.0453696087467055,1275.26875604832,12.532602654860057
1968,215.0,235.30852018679144,450.30852018679144,1.0399298066040126,1286.815399472815,11.54664342449496
1969,215.0,239.15630983176808,454.1563098317681,1.044521823964872,1298.9282445359593,12.112845063144277
1970,215.0,244.39032168242014,459.3903216824201,1.0439258467327728,1311.4039748070002,12.475730271040902
1971,215.0,249.2500236569801,464.2500236569801,1.0436193741341604,1324.1119048091773,12.707930002177136
1972,215.0,257.1728277174416,472.1728277174416,1.0520906785217377,1339.0936886478396,14.981783838662295
1973,215.0,260.25257580258824,475.25257580258824,1.0403958536106162,1352.0759599852531,12.982271337413522
1974,215.0,261.75608614159665,476.75608614159665,1.035825630675854,1363.584700177376,11.508740192122787
1975,215.0,262.9879199985267,477.9879199985267,1.0405937531705223,1374.8474475792257,11.262747401849765
1976,215.0,269.88077697352765,484.88077697352765,1.0471224324819541,1387.9976180295469,13.150170450321184
1977,215.0,273.963154930751,488.963154930751,1.0411935162013237,1400.3422360037628,12.344617974215907
1978,215.0,276.2604287421843,491.2604287421843,1.039175143440748,1411.8559650707411,11.513729066978385
1979,215.0,281.5334355614996,496.5334355614996,1.0376285224625028,1423.674639107016,11.818674036274842
1980,215.0,283.2799933041633,498.2799933041633,1.046993032958082,1436.0036411552278,12.329002048211805
1981,215.0,279.7228833024812,494.7228833024812,1.057235362607005,1447.1330998688213,11.129458713593522
1982,215.0,287.61463066683257,502.61463066683257,1.0571718977688278,1459.6915433512088,12.558443482387474
1983,215.0,281.5577046073275,496.5577046073275,1.059741846409663,1469.2212040300199,9.52966067881107
1984,215.0,284.9536362831875,499.9536362831875,1.0468082345506051,1477.1723790172935,7.951174987273589
1985,215.0,285.63759742417085,500.63759742417085,1.0438054769311433,1484.0932268564966,6.920847839203134
1986,215.0,290.77781253724584,505.77781253724584,1.049246969643094,1492.7043089936365,8.611082137139874
1987,215.0,295.02494838641707,510.02494838641707,1.040268768905054,1500.5899766005937,7.885667606957213
1988,215.0,298.6755905767461,513.6755905767461,1.0374802786999169,1508.4528276031563,7.862851002562593
1989,215.0,302.17109081824873,517.1710908182488,1.0428034452743942,1517.3568481393645,8.904020536208236
1990,213.229158495527,305.2999200711051,518.529078566632,1.0438158204508707,1525.8888830993396,8.532034959975135
1991,230.46401973376058,318.81183287573293,549.2758526094935,1.044515988674617,1543.8259582459245,17.937075146584903
1992,187.08466023758422,299.49068782266335,486.57534806024756,1.0373376907957834,1537.9581829510707,-5.8677752948538
1993,201.07742439463695,299.5481852918242,500.6256096864612,1.0235051451726433,1535.4312740252951,-2.526908925775615
1994,209.91391164352387,310.39650696329267,520.3104186068165,1.025931824493182,1540.074622607546,4.643348582250837
1995,200.85765603448098,305.56039716107193,506.41805319555294,1.0098251171866819,1537.2380881575154,-2.8365344500305127
1996,212.4591393800404,307.45705920620384,519.9161985862443,1.0059472571608135,1538.6234094902543,1.3853213327388403
1997,217.02081046246136,331.457796516877,548.4786069793383,1.0155065898427584,1550.7606175637384,12.13720807348409
1998,202.568436978653,315.50915615703855,518.0775931356916,1.0260604213678781,1552.9997939895302,2.239176425791811
1999,215.78806866900686,309.5890972813972,525.3771659504041,0.9977243350302163,1553.1923683289108,0.19257433938059876
2000,226.5622479195188,310.3755556419565,536.9378035614753,1.0,1557.5495544912171,4.357186162306334
2001,215.0509626165587,313.1005194228316,528.1514820393903,0.9976712650532031,1558.14456658625,0.595012095032871
2002,216.04073174324364,322.47491151980734,538.515643263051,0.9898186618728184,1560.8954860774488,2.750919491198829
2003,213.98055262609702,328.33133481161764,542.3118874377146,0.994865821953046,1565.3820326800474,4.486546602598537
2004,208.00169259421529,339.1599047856282,547.1615973798434,0.9830062724148221,1569.1074757612841,3.72544308123679
2005,205.4572700159953,346.62478641877203,552.0820564347673,0.9724656594085386,1572.34234344438,3.2348676830958993
2006,211.2339594451393,356.7053574534424,567.9393168985816,0.9697798027915692,1580.0233948109942,7.681051366614156
2007,223.672583039232,355.2617524896731,578.9343355289051,0.9645130934714374,1589.5917665527368,9.568371741742567
2008,228.03049543871128,360.75844432030715,588.7889397590184,0.9627371565534859,1601.0227886605337,11.431022107796935
2009,235.04040686312868,364.45377111581536,599.494177978944,0.9682589027181607,1615.6143081390658,14.591519478532064
2010,224.2663857353366,371.1593157300012,595.4257014653379,0.9741615880697929,1628.17470546941,12.56039733034413
2011,247.4109003803281,372.924998542445,620.3358989227731,0.9620153522297454,1645.4758744463559,17.301168976945974
2012,216.66762554529598,381.0856580369786,597.7532835822745,0.9808702795232336,1656.5283676001245,11.052493153768637
2013,222.88330630031555,381.87778643760544,604.761092737921,0.9678609782840504,1666.413444687113,9.885077086988531
2014,220.24898314608367,388.1687589286987,608.4177420747824,0.9658128139938376,1676.0142728474848,9.600828160371748
2015,215.0,398.732,613.732,0.9658128139938376,1686.269915236106,10.255642388621254
2016,215.0,390.97880000000004,605.9788000000001,0.9658128139938376,1692.774221973798,6.504306737691877
2017,215.0,393.4056,608.4056,0.9658128139938376,1699.3332483139536,6.559026340155697
2018,215.0,395.1424,610.1424,0.9658128139938376,1705.712015347915,6.378767033961367
2019,215.0,403.9392,618.9392,0.9658128139938376,1714.2710525526356,8.559037204720653
2020,215.0,399.326,614.326,0.9658128139938376,1720.3148967458117,6.043844193176028
