,natemis,Antr+BB,Totemis,ch4lifetime_fact,Conc,Trend
1950,215.0,145.72559245704448,360.7255924570445,1.0082976017871197,1151.1236594515142,
1951,215.0,161.1689540027448,376.16895400274484,1.008017040016338,1148.0217348117826,-3.1019246397315783
1952,215.0,166.6584490009245,381.6584490009245,1.0077364782455562,1147.0570131754764,-0.9647216363061943
1953,215.0,171.95470236258384,386.9547023625838,1.0074559164747743,1147.9275635786971,0.8705504032207045
1954,215.0,176.831012412122,391.831012412122,1.0071753547039928,1150.2896074547243,2.362043876027201
1955,215.0,181.387095949852,396.387095949852,1.0068947929332108,1153.8706247617822,3.5810173070578912
1956,215.0,187.50680733097954,402.50680733097954,1.006614231162429,1159.0540011506043,5.183376388822126
1957,215.0,193.07946030314662,408.0794603031466,1.0063336693916476,1165.4793086450998,6.425307494495428
1958,215.0,195.59294054388116,410.5929405438811,1.0060531076208656,1171.9918578244326,6.5125491793328365
1959,215.0,200.08069559638636,415.08069559638636,1.005772545850084,1179.237226537139,7.245368712706295
1960,215.0,204.8419977523652,419.84199775236516,1.0054919840793022,1187.2241832136356,7.986956676496675
1961,215.0,212.9151721685548,427.9151721685548,1.0052114223085205,1196.9694780298712,9.745294816235628
1962,215.0,215.1761447816861,430.1761447816861,1.0049308605377387,1206.3463340502294,9.376856020358218
1963,215.0,224.35374091013003,439.35374091013,1.0046502987669568,1217.6922356101413,11.345901559911908
1964,215.0,224.902024917875,439.902024917875,1.004369736996175,1227.9212639049354,10.229028294794034
1965,215.0,231.2054970495285,446.2054970495285,1.0040891752253935,1239.068622410619,11.147358505683542
1966,215.0,235.0392045912452,450.0392045912452,1.0038086134546116,1250.2110593627083,11.142436952089383
1967,215.0,241.25473865712786,456.25473865712786,1.0035280516838299,1262.1394266033974,11.928367240689113
1968,215.0,244.44543722988774,459.4454372298877,1.0032474899130481,1273.7608670030525,11.621440399655057
1969,215.0,248.48463021268853,463.48463021268856,1.0029669281422664,1285.390750071353,11.629883068300614
1970,215.0,253.9100454011647,468.91004540116467,1.0026863663714847,1297.4877778783696,12.097027807016502
1971,215.0,257.57479257777885,472.57479257777885,1.0036125027400429,1309.5680640210614,12.080286142691875
1972,215.0,264.87815496199676,479.87815496199676,1.0045386391086013,1322.8437762955812,13.27571227451972
1973,215.0,267.174414913303,482.174414913303,1.0054647754771595,1335.520868276703,12.677091981121748
1974,215.0,268.77272781252634,483.77272781252634,1.006390911845718,1347.4363290007602,11.915460724057311
1975,215.0,271.02888398583644,486.02888398583644,1.0073170482142761,1358.8954027637446,11.459073762984417
1976,215.0,275.0518357547742,490.0518357547742,1.0082431845828346,1370.537555458057,11.642152694312472
1977,215.0,277.72254164205543,492.72254164205543,1.009169320951393,1381.8951190514379,11.357563593380746
1978,215.0,279.07729251334416,494.07729251334416,1.0100954573199512,1392.5643917447787,10.669272693340872
1979,215.0,283.36524243347924,498.36524243347924,1.0110215936885096,1403.597874952317,11.033483207538211
1980,210.94999730878948,282.2371159769046,493.18711328569407,1.0119477300570678,1411.8121678732,8.214292920883054
1981,207.46940093654123,277.5286029825358,484.99800391907706,1.0119166428840465,1416.3909600626037,4.578792189403657
1982,196.9955325905592,285.26941946839,482.26495205894923,1.0118855557110251,1419.5498786928517,3.158918630248081
1983,201.33424834490552,279.04267506764637,480.3769234125519,1.0118544685380038,1421.7270680853053,2.177189392453556
1984,214.1098013886646,284.0863192602393,498.1961206489039,1.0118233813649828,1429.5782667918775,7.851198706572177
1985,211.68781958124762,287.0049229958179,498.6927425770655,1.0117922941919613,1436.7195610006727,7.141294208795216
1986,211.8802949566715,290.9973934447917,502.8776884014632,1.01176120701894,1444.4549158912394,7.7353548905666685
1987,203.0665267237203,295.28841803933904,498.35494476305934,1.0117301198459188,1449.82565918519,5.370743293950682
1988,213.4200979600624,299.1743864512828,512.5944844113452,1.0116990326728972,1459.3269230857957,9.501263900605636
1989,215.39297055815703,304.2999708971575,519.6929414553146,1.011667945499876,1470.1282723754966,10.801349289700966
1990,213.067226438452,307.58244894288526,520.6496753813373,1.0116368583268547,1480.045150715575,9.916878340078256
1991,208.59217395984714,320.3405374138564,528.9327113737036,1.009824235180017,1491.354744245375,11.309593529800168
1992,188.55869530114643,304.1997961122732,492.7584914134196,1.0015337334334637,1488.192019492525,-3.162724752849954
1993,202.27256580009686,305.23302163145047,507.5055874315473,0.996844693397186,1489.5926365749667,1.400617082441613
1994,205.68900371387048,317.2848254228341,522.9738291367046,1.0084558263903243,1497.6651544617885,8.072517886821743
1995,201.59890198611336,311.7473692430924,513.3462712292057,1.0030031148607326,1500.8480427527782,3.1828882909896947
1996,211.8482157274342,313.88494695523417,525.7331626826683,1.0102506923191272,1508.8460772567153,7.998034503937106
1997,205.35217180687872,337.0204142930985,542.3725860999772,1.0119030530084048,1521.724118905891,12.878041649175657
1998,214.55891059798697,317.9406473511351,532.499557949122,0.9861864069689835,1526.0346488477046,4.310529941813684
1999,223.82980784756984,313.09385370096595,536.9236615485358,1.0063414517912073,1534.3751859689232,8.340537121218631
2000,220.46950858496152,314.79158226734603,535.2610908523076,1.0,1540.2826515451266,5.907465576203322
2001,217.96732870445126,315.2928524514628,533.2601811559141,0.99386928520895,1543.9299758401755,3.647324295048975
2002,212.04069110285803,322.1007386331392,534.1414297359972,0.9928679555766652,1547.3053125441681,3.375336703992616
2003,215.0561386511653,328.4756943824689,543.5318330336341,0.9864340504659566,1552.4173184238157,5.1120058796475405
2004,213.89326659131277,335.7220642725255,549.6153308638383,0.979133650893039,1557.8150165524494,5.397698128633692
2005,205.11959739490823,341.88187367125875,547.0014710661669,0.9699646792990931,1560.2540357638165,2.4390192113671674
2006,217.5182194951289,352.4529993712408,569.9712188663698,0.9658283605068321,1569.349504266032,9.095468502215454
2007,217.93524947521394,349.7789386288197,567.7141881040336,0.9597038162268151,1575.6300707520552,6.28056648602319
2008,221.99327197373375,353.30974763980123,575.303019613535,0.9643339070369527,1584.4720728279076,8.842002075852406
2009,219.24247806663436,355.2102928669951,574.4527709336294,0.9671398996221703,1592.4806517043219,8.008578876414276
2010,222.65891598040798,360.8548031390112,583.5137191194192,0.9580604117459025,1601.0361904869324,8.555538782610483
2011,222.8112923192852,365.99466311704407,588.8059554363292,0.9585228838411334,1610.4316081495947,9.39541766266234
2012,213.70079121588887,372.97725290758524,586.6780441234741,0.9675752373720371,1619.577597292894,9.145989143299403
2013,225.01673932935032,372.6442144644898,597.6609537938401,0.9662389595250078,1631.0835879993338,11.505990706439661
2014,216.49168415953494,380.3961968225409,596.8878809820758,0.96907901809612,1641.494576096753,10.41098809741925
2015,210.13999677054736,387.4758223403408,597.6158191108882,0.9707424683795629,1651.23596128944,9.741385192686948
2016,217.28564508315839,379.4876497908962,596.7732948740546,0.952027984493153,1656.295797300673,5.059836011233074
2017,215.0,385.0082127080213,600.0082127080213,0.9603792558988442,1663.3222029205706,7.0264056198975595
2018,215.0,387.8058049137809,602.8058049137809,0.9619692714083327,1670.7432090023296,7.42100608175906
2019,215.0,394.70580491378087,609.7058049137809,0.963559286917821,1679.874174370092,9.130965367762428
2020,215.0,388.1958049137809,603.1958049137809,0.9651493024273095,1686.0757453185668,6.201570948474682
