,natemis,Antr+BB,Totemis,ch4lifetime_fact,Conc,Trend
1950,215.0,163.598,378.598,1.0247219712311393,1158.87120071134,
1951,215.0,178.6518045817319,393.6518045817319,1.0244368393312935,1162.5278893401814,3.6566886288414935
1952,215.0,183.7517426159432,398.75174261594316,1.0241517074314475,1167.4473710965688,4.919481756387313
1953,215.0,188.65843901363414,403.65843901363417,1.0238665755316017,1173.4264945977843,5.979123501215554
1954,215.0,193.14519209920383,408.1451920992038,1.0235814436317558,1180.2089730995292,6.78247850174489
1955,215.0,197.31171867296544,412.3117186729654,1.02329631173191,1187.5997467541158,7.39077365458661
1956,215.0,203.04187309012457,418.04187309012457,1.023011179832064,1196.0513099918514,8.451563237735627
1957,215.0,208.22496909832324,423.22496909832324,1.0227260479322182,1205.2647908230865,9.213480831235074
1958,215.0,210.34889237508935,425.34889237508935,1.0224409160323724,1214.139120105746,8.874329282659573
1959,215.0,214.44709046362615,429.4470904636262,1.0221557841325266,1223.367293053906,9.228172948159909
1960,215.0,218.81883565563655,433.8188356556366,1.0218706522326808,1233.0008062166394,9.63351316273338
1961,215.0,224.59797580858205,439.5979758085821,1.0215855203328348,1243.4623144286843,10.461508212044919
1962,215.0,224.56491415846932,439.5649141584693,1.021300388432989,1252.7283841642989,9.266069735614565
1963,215.0,231.44847602366914,446.4484760236692,1.021015256533143,1263.2288424934723,10.500458329173398
1964,215.0,229.70272576816996,444.70272576816996,1.0207301246332974,1271.959257713453,8.730415219980841
1965,215.0,233.7121636365794,448.71216363657936,1.0204449927334514,1281.0267365845768,9.06747887112374
1966,215.0,235.251836915052,450.25183691505197,1.0201598608336055,1289.572842842466,8.54610625788905
1967,215.0,239.17333671769057,454.1733367176906,1.0198747289337597,1298.4460970477567,8.873254205290777
1968,215.0,240.0700010272064,455.0700010272064,1.019589597033914,1306.6047010806703,8.158604032913672
1969,215.0,241.81515974676304,456.815159746763,1.019304465134068,1314.4089238683773,7.804222787706976
1970,215.0,244.94654067199508,459.9465406719951,1.0190193332342221,1322.358060854885,7.94913698650771
1971,215.0,248.76207785759098,463.76207785759095,1.0199605556308002,1330.8169926608862,8.458931806001146
1972,215.0,256.04497069059664,471.04497069059664,1.0209017780273784,1340.883246812672,10.06625415178587
1973,215.0,255.60237187520235,470.6023718752024,1.0218430004239563,1349.8137264393968,8.930479626724718
1974,215.0,258.8376989548787,473.8376989548787,1.0227842228205342,1358.9572178080714,9.143491368674631
1975,215.0,261.71079484263964,476.71079484263964,1.0237254452171123,1368.171299822203,9.21408201413169
1976,215.0,266.11259910976634,481.11259910976634,1.0246666676136902,1377.957795966264,9.786496144060948
1977,215.0,269.5931488630674,484.5931488630674,1.0256078900102683,1387.9491358336165,9.991339867352508
1978,215.0,272.7548380298701,487.7548380298701,1.0265491124068462,1398.0183868801587,10.06925104654215
1979,215.0,276.282103452212,491.282103452212,1.0274903348034243,1408.280097288369,10.26171040821032
1980,215.0,279.7152927768357,494.7152927768357,1.0284315572000022,1418.6834899364767,10.403392648107683
1981,215.0,281.48962262623303,496.48962262623303,1.0283999636415508,1428.5343987190433,9.850908782566648
1982,215.0,290.3138617386215,505.3138617386215,1.0283683700830997,1440.2371505273602,11.702751808316862
1983,215.0,285.25634640067585,500.25634640067585,1.0283367765246483,1448.9736924952354,8.736541967875155
1984,215.0,288.3160050399723,503.3160050399723,1.028305182966197,1457.7672983068105,8.793605811575162
1985,215.0,290.7718115359584,505.7718115359584,1.0282735894077455,1466.4109057003436,8.643607393533102
1986,215.0,293.2029897176004,508.2029897176004,1.028241995849294,1474.912688576571,8.50178287622748
1987,215.0,297.6636160553672,512.6636160553671,1.028210402290843,1483.9628567993982,9.050168222827097
1988,215.0,297.990817919549,512.990817919549,1.0281788087323915,1492.127089529352,8.16423272995371
1989,215.0,299.2419704961214,514.2419704961214,1.0281472151739404,1499.809477227913,7.682387698561115
1990,203.46046503508242,302.9738366007256,506.43430163580797,1.0281156216154888,1504.0508865889103,4.241409360997295
1991,203.86480763910888,316.0443104403371,519.909118079446,1.02530405945394,1511.9125114150208,7.861624826110528
1992,192.99593815610623,298.3385526293896,491.33449078549586,1.022492497292391,1509.0144681832253,-2.8980432317955547
1993,197.53013600762725,298.32968740051797,495.8598234081452,1.0196809351308422,1507.5392300671695,-1.4752381160558343
1994,201.6702175992425,306.8975623385286,508.5677799377711,1.0168693729692933,1510.047618909154,2.5083888419844698
1995,198.42425222373905,295.94589077222037,494.37014299595944,1.0140578108077443,1507.15691264726,-2.8907062618939108
1996,207.98618316435926,293.32614251621055,501.3123256805698,1.0112462486461955,1506.4866117758572,-0.6703008714027874
1997,214.82762962942098,315.2255,530.0531296294209,1.0084346864846467,1515.0289323460966,8.542320570239326
1998,212.48904469996359,297.786,510.2750446999636,1.0056231243230978,1515.6392427981384,0.6103104520418583
1999,217.9089641525754,290.18649999999997,508.09546415257535,1.002811562161549,1515.0426138724883,-0.5966289256500659
2000,223.84146230918932,286.167,510.0084623091893,1.0,1514.7306380412654,-0.31197583122298056
2001,212.14445447990562,293.96279999999996,506.1072544799056,0.995914002735031,1512.5484203968153,-2.18221764445002
2002,212.8758216861255,308.4886,521.3644216861255,0.991828005470062,1515.0609012728428,2.512480876027439
2003,211.72546899530604,313.4844,525.209868995306,0.987742008205093,1517.9453313603015,2.884430087458668
2004,213.08436107609737,321.4202,534.5045610760974,0.9836560109401239,1522.959778404749,5.014447044447479
2005,212.75712594098638,328.966,541.7231259409864,0.9795700136751548,1529.1645359463075,6.2047575415585925
2006,214.2753006005639,339.5914,553.866700600564,0.9754840164101859,1538.0465901852435,8.882054238936007
2007,219.2960049118257,340.1068,559.4028049118257,0.9713980191452168,1547.0966234255004,9.05003324025688
2008,223.58951985494042,344.2622,567.8517198549405,0.977052169906687,1558.817069837416,11.720446411915646
2009,225.71980135560707,353.1976,578.9174013556071,0.9827063206681571,1573.7742769126162,14.957207075200131
2010,221.51078875464103,359.223,580.7337887546411,0.9883604714296271,1588.5383371347612,14.764060222144963
2011,231.70388323857958,364.4245,596.1283832385795,0.9889882341230849,1606.8420128282532,18.303675693492096
2012,214.9830507354091,373.586,588.5690507354091,0.9896159968165429,1620.6706613378205,13.828648509567302
2013,217.41204857078336,378.0775,595.4895485707833,0.9902437595100009,1635.3363352966626,14.665673958842035
2014,224.21455529617825,389.899,614.1135552961782,0.9908715222034588,1654.6301127359145,19.293777439251926
2015,216.73377395544077,401.9505,618.6842739554407,0.9908600068687826,1673.2620199338298,18.631907197915325
2016,211.4816056757864,399.27200000000005,610.7536056757865,0.9908484915341064,1687.1580648405559,13.896044906726047
2017,219.41648958015332,406.7735,626.1899895801533,0.9908369761994302,1704.6069578265021,17.44889298594626
2018,220.87595683236208,413.58500000000004,634.4609568323622,0.9924774178789595,1723.1126558523038,18.50569802580162
2019,217.1260225955851,427.4565,644.5825225955851,0.9941178595584886,1743.175440425348,20.062784573044155
2020,215.0,427.918,642.918,0.9957583012380179,1760.7134719477342,17.53803152238629
