,natemis,Antr+BB,Totemis,ch4lifetime_fact,Conc,Trend
1950,215.0,145.72559245704448,360.7255924570445,1.0082976017871197,1151.1236594515142,
1951,215.0,161.1689540027448,376.16895400274484,1.008017040016338,1148.0217348117826,-3.1019246397315783
1952,215.0,166.6584490009245,381.6584490009245,1.0077364782455562,1147.0570131754764,-0.9647216363061943
1953,215.0,171.95470236258384,386.9547023625838,1.0074559164747743,1147.9275635786971,0.8705504032207045
1954,215.0,176.831012412122,391.831012412122,1.0071753547039928,1150.2896074547243,2.362043876027201
1955,215.0,181.387095949852,396.387095949852,1.0068947929332108,1153.8706247617822,3.5810173070578912
1956,215.0,187.50680733097954,402.50680733097954,1.006614231162429,1159.0540011506043,5.183376388822126
1957,215.0,193.07946030314662,408.0794603031466,1.0063336693916476,1165.4793086450998,6.425307494495428
1958,215.0,195.59294054388116,410.5929405438811,1.0060531076208656,1171.9918578244326,6.5125491793328365
1959,215.0,200.08069559638636,415.08069559638636,1.005772545850084,1179.237226537139,7.245368712706295
1960,215.0,204.8419977523652,419.84199775236516,1.0054919840793022,1187.2241832136356,7.986956676496675
1961,215.0,212.9151721685548,427.9151721685548,1.0052114223085205,1196.9694780298712,9.745294816235628
1962,215.0,215.1761447816861,430.1761447816861,1.0049308605377387,1206.3463340502294,9.376856020358218
1963,215.0,224.35374091013003,439.35374091013,1.0046502987669568,1217.6922356101413,11.345901559911908
1964,215.0,224.902024917875,439.902024917875,1.004369736996175,1227.9212639049354,10.229028294794034
1965,215.0,231.2054970495285,446.2054970495285,1.0040891752253935,1239.068622410619,11.147358505683542
1966,215.0,235.0392045912452,450.0392045912452,1.0038086134546116,1250.2110593627083,11.142436952089383
1967,215.0,241.25473865712786,456.25473865712786,1.0035280516838299,1262.1394266033974,11.928367240689113
1968,215.0,244.44543722988774,459.4454372298877,1.0032474899130481,1273.7608670030525,11.621440399655057
1969,215.0,248.48463021268853,463.48463021268856,1.0029669281422664,1285.390750071353,11.629883068300614
1970,215.0,253.9100454011647,468.91004540116467,1.0026863663714847,1297.4877778783696,12.097027807016502
1971,215.0,257.57479257777885,472.57479257777885,1.0036125027400429,1309.5680640210614,12.080286142691875
1972,215.0,264.87815496199676,479.87815496199676,1.0045386391086013,1322.8437762955812,13.27571227451972
1973,215.0,267.174414913303,482.174414913303,1.0054647754771595,1335.520868276703,12.677091981121748
1974,215.0,268.77272781252634,483.77272781252634,1.006390911845718,1347.4363290007602,11.915460724057311
1975,215.0,271.02888398583644,486.02888398583644,1.0073170482142761,1358.8954027637446,11.459073762984417
1976,215.0,275.0518357547742,490.0518357547742,1.0082431845828346,1370.537555458057,11.642152694312472
1977,215.0,277.72254164205543,492.72254164205543,1.009169320951393,1381.8951190514379,11.357563593380746
1978,215.0,279.07729251334416,494.07729251334416,1.0100954573199512,1392.5643917447787,10.669272693340872
1979,215.0,283.36524243347924,498.36524243347924,1.0110215936885096,1403.597874952317,11.033483207538211
1980,215.0,282.2371159769046,497.2371159769046,1.0119477300570678,1413.157618257793,9.559743305476104
1981,215.0,277.5286029825358,492.5286029825358,1.0119166428840465,1420.0889611910504,6.931342933257383
1982,215.0,285.26941946839,500.26941946839,1.0118855557110251,1428.819075381713,8.730114190662562
1983,215.0,279.04267506764637,494.04267506764637,1.0118544685380038,1434.5083170434696,5.689241661756569
1984,215.0,284.0863192602393,499.0863192602393,1.0118233813649828,1441.23795123372,6.729634190250408
1985,215.0,287.0049229958179,502.0049229958179,1.0117922941919613,1448.1866161780788,6.948664944358825
1986,215.0,290.9973934447917,505.9973934447917,1.01176120701894,1455.6867271843366,7.500111006257839
1987,215.0,295.28841803933904,510.28841803933904,1.0117301198459188,1463.7762685624903,8.089541378153626
1988,215.0,299.1743864512828,514.1743864512828,1.0116990326728972,1472.255263735676,8.478995173185695
1989,215.0,304.2999708971575,519.2999708971574,1.011667945499876,1481.4922782405952,9.237014504919216
1990,203.46046503508242,307.58244894288526,511.0429139779677,1.0116368583268547,1486.9574152921757,5.465137051580541
1991,203.86480763910888,320.3405374138564,524.2053450529653,1.009824235180017,1495.9289541993537,8.971538907178001
1992,192.99593815610623,304.1997961122732,497.1957342683794,1.0015337334334637,1493.728024349342,-2.2009298500117893
1993,197.53013600762725,305.23302163145047,502.7631576390777,0.996844693397186,1492.9328755276763,-0.7951488216656344
1994,201.6702175992425,317.2848254228341,518.9550430220766,1.0084558263903243,1499.2991313643035,6.366255836627261
1995,198.42425222373905,311.7473692430924,510.1716214668314,1.0030031148607326,1501.2453403698191,1.946209005515584
1996,207.98618316435926,313.88494695523417,521.8711301195934,1.0102506923191272,1507.9163663447944,6.671025974975237
1997,214.82762962942098,337.0204142930985,551.8480439225195,1.0119030530084048,1524.0453281426207,16.128961797826378
1998,212.48904469996359,317.9406473511351,530.4296920510988,0.9861864069689835,1527.4062223355957,3.3608941929749108
1999,217.9089641525754,313.09385370096595,531.0028178535414,1.0063414517912073,1533.6275746612703,6.221352325674616
2000,223.84146230918932,314.79158226734603,538.6330445765353,1.0,1540.7382712663675,7.110696605097246
2001,212.14445447990562,315.2928524514628,527.4373069313684,0.99386928520895,1542.401678685043,1.6634074186754333
2002,212.8758216861255,322.1007386331392,534.9765603192648,0.9928679555766652,1546.2263239615581,3.8246452765151844
2003,211.72546899530604,328.4756943824689,540.201163377775,0.9864340504659566,1550.3554779902852,4.129154028727044
2004,213.08436107609737,335.7220642725255,548.8064253486228,0.979133650893039,1555.7198285456896,5.364350555404371
2005,212.75712594098638,341.88187367125875,554.6389996122451,0.9699646792990931,1560.931166186435,5.211337640745342
2006,214.2753006005639,352.4529993712408,566.7282999718047,0.9658283605068321,1568.8738665902383,7.942700403803428
2007,219.2960049118257,349.7789386288197,569.0749435406453,0.9597038162268151,1575.6603504329594,6.786483842721054
2008,223.58951985494042,353.30974763980123,576.8992674947417,0.9643339070369527,1585.0278288105276,9.367478377568204
2009,225.71980135560707,355.2102928669951,580.9300942226022,0.9671398996221703,1595.1192431582901,10.091414347762566
2010,221.51078875464103,360.8548031390112,582.3655918936522,0.9580604117459025,1602.988339389415,7.869096231124786
2011,231.70388323857958,365.99466311704407,597.6985463556236,0.9585228838411334,1615.1032904791534,12.114951089738497
2012,214.9830507354091,372.97725290758524,587.9603036429944,0.9675752373720371,1624.1367286964828,9.033438217329376
2013,217.41204857078336,372.6442144644898,590.0562630352731,0.9662389595250078,1632.597192081671,8.460463385188177
2014,224.21455529617825,380.3961968225409,604.6107521187191,0.96907901809612,1645.3941362638718,12.796944182200832
2015,216.73377395544077,387.4758223403408,604.2095962957816,0.9707424683795629,1656.8738639445892,11.47972768071736
2016,211.4816056757864,379.4876497908962,590.9692554666826,0.952027984493153,1659.3541645621267,2.480300617537523
2017,219.41648958015332,385.0082127080213,604.4247022881746,0.9603792558988442,1667.4897104200113,8.135545857884608
2018,220.87595683236208,387.8058049137809,608.6817617461429,0.9619692714083327,1676.3758119652337,8.886101545222346
2019,217.1260225955851,394.70580491378087,611.831827509366,0.963559286917821,1685.5609261459374,9.18511418070375
2020,215.0,388.1958049137809,603.1958049137809,0.9651493024273095,1691.106791005023,5.545864859085668
