,natemis,Antr+BB,Totemis,ch4lifetime_fact,Conc,Trend
1950,215.0,163.17450659965715,378.17450659965715,1.0247219712311393,1158.7304235375464,
1951,215.0,179.19507276100282,394.19507276100285,1.0244368393312935,1162.5831540560823,3.8527305185359637
1952,215.0,185.26177237482784,400.26177237482784,1.0241517074314475,1167.9985168845446,5.415362828462321
1953,215.0,191.13523035213254,406.13523035213257,1.0238665755316017,1174.740416089009,6.741899204464289
1954,215.0,196.588745017316,411.588745017316,1.0235814436317558,1182.5232161819058,7.782800092896878
1955,215.0,201.72203317069142,416.7220331706914,1.02329631173191,1191.125712640535,8.602496458629275
1956,215.0,208.41894916746426,423.41894916746423,1.023011179832064,1200.9771101462013,9.851397505666228
1957,215.0,214.5688067552767,429.5688067552767,1.0227260479322182,1211.7577907181362,10.780680571934909
1958,215.0,217.6594916116566,432.65949161165656,1.0224409160323724,1222.3482056645692,10.59041494643293
1959,215.0,222.72445127980714,437.7244512798071,1.0221557841325266,1233.4248899507454,11.07668428617626
1960,215.0,228.0629580514313,443.06295805143134,1.0218706522326808,1245.02467893571,11.599788984964562
1961,215.0,236.72050668084023,451.72050668084023,1.0215855203328348,1258.1925392188111,13.167860283101163
1962,215.0,239.56585350719098,454.565853507191,1.021300388432989,1270.823473629261,12.630934410449754
1963,215.0,249.3278238488543,464.32782384885434,1.021015256533143,1285.274666449781,14.451192820520191
1964,215.0,250.4604820698185,465.4604820698185,1.0207301246332974,1298.4769901693835,13.202323719602418
1965,215.0,257.3483284146914,472.3483284146914,1.0204449927334514,1312.4799349580946,14.002944788711147
1966,215.0,261.76641016962753,476.76641016962753,1.0201598608336055,1326.3737539944386,13.893819036343984
1967,215.0,268.56631844872953,483.56631844872953,1.0198747289337597,1340.9612744184174,14.58752042397873
1968,215.0,272.34139123470885,487.34139123470885,1.019589597033914,1355.1600080460155,14.19873362759813
1969,215.0,276.9649584307289,491.9649584307289,1.019304465134068,1369.2939902579074,14.133982211891862
1970,215.0,282.9747478324244,497.9747478324244,1.0190193332342221,1383.8302522849233,14.536262027015937
1971,215.0,292.39338546227265,507.39338546227265,1.0199605556308002,1400.018017996976,16.187765712052624
1972,215.0,305.77288904383573,520.7728890438357,1.0209017780273784,1418.9944303113855,18.976412314409572
1973,215.0,317.30180353705,532.30180353705,1.0218430004239563,1439.840581102687,20.846150791301625
1974,215.0,319.6737152945646,534.6737152945645,1.0227842228205342,1459.310602842959,19.47002174027193
1975,215.0,313.4687162301143,528.4687162301143,1.0237254452171123,1474.7079653143442,15.397362471385122
1976,215.0,328.0681369115893,543.0681369115894,1.0246666676136902,1493.3981937734795,18.69022845913537
1977,215.0,327.50971043294277,542.5097104329427,1.0256078900102683,1509.9840060964407,16.585812322961146
1978,215.0,337.29152495073333,552.2915249507333,1.0265491124068462,1528.1364431308257,18.152437034385002
1979,215.0,339.2625001945196,554.2625001945196,1.0274903348034243,1545.0899657491047,16.953522618279067
1980,215.0,331.9744129863428,546.9744129863428,1.0284315572000022,1557.9001337091777,12.810167960072931
1981,215.0,315.6808105870111,530.6808105870111,1.0283999636415508,1563.88689068245,5.98675697327235
1982,215.0,321.2350753555989,536.2350753555988,1.0283683700830997,1571.06068970268,7.173799020230035
1983,215.0,310.5807537196765,525.5807537196765,1.0283367765246483,1573.9026252581264,2.841935555446298
1984,215.0,309.44370211114114,524.4437021111412,1.028305182966197,1576.0509311635528,2.1483059054264686
1985,215.0,308.5329440305821,523.532944030582,1.0282735894077455,1577.6567288270912,1.6057976635383966
1986,215.0,311.14209539675954,526.1420953967595,1.028241995849294,1579.9496552200924,2.292926393001153
1987,215.0,313.06531577001317,528.0653157700132,1.028210402290843,1582.626452031569,2.6767968114766063
1988,215.0,317.1635669480235,532.1635669480236,1.0281788087323915,1586.368239178234,3.7417871466650467
1989,215.0,319.83132361261084,534.8313236126108,1.0281472151739404,1590.5828487825381,4.214609604304087
1990,200.3301288457454,323.79183660072556,524.121965446471,1.0281156216154888,1590.7709765436398,0.1881277611016685
1991,199.7503266400383,335.4818104403371,535.2321370803754,1.02530405945394,1594.2145689442366,3.443592400596799
1992,184.67510149951386,316.3955526293896,501.07065412890347,1.022492497292391,1585.5049433446977,-8.709625599538867
1993,197.36691793433434,315.00618740051794,512.3731053348523,1.0196809351308422,1581.0897272978552,-4.415216046842488
1994,206.86238646048096,322.1935623385285,529.0559487990095,1.0168693729692933,1582.283649713873,1.1939224160178128
1995,201.7570917407637,309.8613907722203,511.61848251298403,1.0140578108077443,1577.128027286309,-5.15562242756414
1996,213.15982548765285,309.1011425162106,522.2609680038635,1.0112462486461955,1575.6541690280665,-1.4738582582424442
1997,219.11808678658687,332.86,551.9780867865869,1.0084346864846467,1583.7877262108466,8.133557182780123
1998,212.25503626636817,317.28000000000003,529.5350362663683,1.0056231243230978,1583.1310019783969,-0.6567242324497329
1999,221.87093317633915,311.53999999999996,533.4109331763391,1.002811562161549,1583.4009929957429,0.26999101734600117
2000,227.84472784773624,309.38,537.2247278477362,1.0,1584.4709744242036,1.0699814284607783
2001,206.6473954472032,313.65,520.2973954472031,0.995914002735031,1579.1637295344626,-5.307244889741014
2002,212.26455200956343,324.65000000000003,536.9145520095635,0.991828005470062,1579.3271503157732,0.1634207813106059
2003,215.22835450612564,326.12,541.3483545061256,0.987742008205093,1580.2966840113072,0.9695336955339826
2004,212.63153770421576,330.53000000000003,543.1615377042158,0.9836560109401239,1581.1056480556285,0.8089640443213284
2005,212.49070626724972,334.55,547.0407062672498,0.9795700136751548,1582.451352513424,1.3457044577953639
2006,213.71072289363457,340.45,554.1607228936346,0.9754840164101859,1585.3406441306868,2.88929161726287
2007,219.18200332427125,336.24,555.4220033242713,0.9713980191452168,1587.6468560946516,2.30621196396487
2008,228.68671106740234,335.67,564.3567110674023,0.977052169906687,1593.5799061811122,5.933050086460526
2009,221.551417970207,339.88,561.431417970207,0.9827063206681571,1598.7878725307387,5.207966349626531
2010,221.69514826634378,341.18,562.8751482663438,0.9883604714296271,1604.7982468025778,6.010374271839055
2011,227.28038439645948,342.69,569.9703843964595,0.9889882341230849,1612.5847889418064,7.786542139228686
2012,209.97597491597992,348.16,558.1359749159799,0.9896159968165429,1615.6661855202074,3.081396578400927
2013,213.54435145588445,348.96,562.5043514558845,0.9902437595100009,1619.9508765941546,4.284691073947215
2014,216.40412124879504,357.09000000000003,573.4941212487951,0.9908715222034588,1627.5007732635315,7.549896669376949
2015,206.32314747732138,365.45,571.7731474773213,0.9908600068687826,1633.6258867687693,6.125113505237778
2016,201.11929681211606,358.0,559.1192968121161,0.9908484915341064,1634.8588428721011,1.2329561033318441
2017,215.0,360.73,575.73,0.9908369761994302,1641.4631176876826,6.604274815581448
2018,215.0,362.77000000000004,577.77,0.9924774178789595,1648.2686429021812,6.80552521449863
2019,215.0,371.87,586.87,0.9941178595584886,1657.5973587074584,9.32871580527717
2020,215.0,367.56,582.56,0.9957583012380179,1664.7162258702485,7.1188671627901385
