,natemis,Antr+BB,Totemis,ch4lifetime_fact,Conc,Trend
1950,215.0,165.44423622518232,380.4442362251823,0.9900099900099899,1155.5888391151168,
1951,215.0,181.5398843317661,396.5398843317661,0.9900099900099899,1156.7064330402316,1.117593925114761
1952,215.0,187.68166589082924,402.6816658908292,0.9900099900099899,1159.7359270660077,3.0294940257761027
1953,215.0,193.63020581337207,408.6302058133721,0.9900099900099899,1164.3973365998527,4.661409533845017
1954,215.0,199.15880242379365,414.15880242379365,0.9900099900099899,1170.3670598356935,5.969723235840775
1955,215.0,204.36717252240715,419.36717252240715,0.9900099900099899,1177.3911205143427,7.024060678649221
1956,215.0,211.13917046441813,426.13917046441816,0.9900099900099899,1185.8693526276024,8.478232113259764
1957,215.0,217.36410999746863,432.36410999746863,0.9900099900099899,1195.4560405456505,9.586687918048028
1958,215.0,220.52987679908665,435.52987679908665,0.9900099900099899,1205.0108846107448,9.554844065094358
1959,215.0,225.6699184124753,440.66991841247534,0.9900099900099899,1215.1926206177188,10.181736006974006
1960,215.0,231.08350712933756,446.0835071293376,0.9900099900099899,1226.0212439633556,10.828623345636743
1961,215.0,239.81707031491294,454.81707031491294,0.9832246039142591,1237.6822799119345,11.661035948578956
1962,215.0,242.73843169743012,457.7384316974301,0.9828209764918625,1248.9373429670604,11.255063055125902
1963,215.0,252.57641659525984,467.57641659525984,0.9808988764044944,1261.931703200399,12.994360233338512
1964,215.0,253.78508937239053,468.78508937239053,0.9943820224719102,1275.5698626567125,13.638159456313588
1965,215.0,260.7489502734299,475.7489502734299,0.9990958408679929,1290.5831438178807,15.013281161168152
1966,215.0,265.2430465845324,480.2430465845324,0.9891500904159132,1304.1235329582773,13.540389140396655
1967,215.0,272.1189694198009,487.1189694198009,0.9945750452079567,1319.1258300731092,15.00229711483189
1968,215.0,275.9700567619466,490.9700567619466,0.9936708860759491,1333.5998124785951,14.473982405485913
1969,215.0,280.66963851413317,495.66963851413317,0.9850885368126747,1346.8504068927205,13.250594414125317
1970,215.0,286.7554424719951,501.7554424719951,1.0018083182640147,1362.8711294708037,16.020722578083223
1971,215.0,296.29479715759095,511.29479715759095,0.9891500904159132,1378.5478177591963,15.676688288392597
1972,215.0,309.7925504905967,524.7925504905967,0.9990958408679929,1398.3042056603097,19.756387901113385
1973,215.0,321.5097804752024,536.5097804752024,0.9850885368126747,1417.768148814642,19.463943154332355
1974,215.0,323.90781625487864,538.9078162548786,0.9898876404494381,1436.5105446510051,18.74239583636313
1975,215.0,317.6599241426396,532.6599241426396,0.9963833634719712,1451.9973178873504,15.486773236345243
1976,215.0,332.4310155097663,547.4310155097663,1.0081374321880652,1472.3287076619022,20.33138977455178
1977,215.0,331.86937666306744,546.8693766630674,1.0055917986952472,1489.8467065627642,17.51799890086204
1978,215.0,341.8147800298701,556.8147800298701,1.015370705244123,1510.1269126520729,20.28020608930865
1979,215.0,343.8016532522121,558.8016532522121,1.011754068716094,1528.299085287945,18.17217263587213
1980,215.0,336.43435957683573,551.4343595768357,1.014911463187325,1542.472656266749,14.173570978804037
1981,215.0,319.944026226233,534.9440262262331,1.011183597390494,1549.047475304115,6.574819037366069
1982,215.0,325.4862880386215,540.4862880386215,1.0195712954333644,1557.9761922218338,8.928716917718702
1983,215.0,314.78340390067586,529.7834039006759,1.0074557315936628,1560.5558378883452,2.5796456665113965
1984,215.0,313.6218524399723,528.6218524399724,1.0027958993476236,1561.7550825102762,1.1992446219310295
1985,215.0,312.6892946359584,527.6892946359584,0.9900542495479203,1560.5425761625268,-1.2125063477494677
1986,215.0,315.3279750176004,530.3279750176005,1.0027958993476236,1562.309831901505,1.7672557389782924
1987,215.0,317.2485140553672,532.2485140553672,1.0027124773960217,1564.504649624159,2.194817722653852
1988,215.0,321.411691319549,536.4116913195489,0.9953401677539611,1566.7005932548886,2.1959436307297437
1989,215.0,324.1105786961214,539.1105786961214,1.0041493775933612,1570.9033991415436,4.2028058866549145
1990,196.74772668865427,328.0908796007256,524.8386062893799,1.007233273056058,1570.3682632346242,-0.5351359069193222
1991,198.2364378165914,341.6898806403371,539.9263184569285,1.0144665461121156,1575.99808571493,5.629822480305847
1992,187.79558900194488,321.75928362938964,509.55487263133455,1.011183597390494,1570.4191711071173,-5.578914607812749
1993,189.79585223160905,320.736322800518,510.53217503212704,1.0027958993476236,1564.5097597854863,-5.909411321631069
1994,197.35571953699662,332.26831963852857,529.6240391755252,1.0009319664492078,1565.3146114122048,0.8048516267185732
1995,197.11477002867338,324.2177472722203,521.3325173008936,0.988245931283906,1561.307181226983,-4.007430185221892
1996,209.69448889653663,327.5188030162106,537.2132919127472,0.9953401677539611,1564.1286059258914,2.8214246989084586
1997,210.47768420635288,350.5117382000001,560.989422406353,0.9981916817359855,1574.9673123185269,10.838706392635459
1998,209.4890943325314,330.2514803,539.7405746325314,0.9960567823343849,1577.204046899915,2.236734581388191
1999,218.13505086211853,321.97082819999997,540.1058790621184,0.985307621671258,1577.6141918961835,0.41014499626840006
2000,224.43379724003518,321.0746415,545.5084387400352,1.0,1582.0823938105123,4.468201914328802
2001,209.41124316982896,322.0038254,531.4150685698289,0.9924026590693258,1580.182300777226,-1.900093033286339
2002,214.11349174689514,329.2447249,543.3582166468951,0.9933523266856601,1582.6095725497682,2.4272717725423263
2003,210.067351186169,336.95281180000006,547.020162986169,0.9895536562203229,1585.377901140131,2.768328590362671
2004,215.94404838269085,346.8821553,562.8262036826909,0.9925442684063377,1593.5536361470643,8.175735006933337
2005,208.63713125161553,351.53041470000005,560.1675459516156,0.9870129870129869,1599.0409239286032,5.487287781538953
2006,219.32569205221733,361.5815305,580.9072225522173,0.986013986013986,1610.6265537054294,11.585629776826181
2007,218.0672449705479,357.22785230000005,575.295097270548,0.986013986013986,1619.0378171555233,8.411263450093884
2008,221.76288071196748,358.4336323,580.1965130119675,0.9687203791469194,1625.239618220937,6.201801065413747
2009,224.22978858618197,359.7836666,584.013455186182,0.9696969696969695,1632.1597336505904,6.920115429653379
2010,221.6122031167196,365.82240210000003,587.4346052167197,0.9658767772511849,1638.764877640705,6.605143990114584
2011,234.96775986419928,367.0318972,601.9996570641993,0.9658767772511849,1649.4359210998473,10.671043459142311
2012,214.6834019506841,370.96316160000003,585.6465635506842,0.9658767772511849,1653.4577139513847,4.021792851537384
2013,213.16365728260934,370.2459324,583.4095896826093,0.9658767772511849,1656.2747078778023,2.816993926417581
2014,219.12119513617802,377.00284780000004,596.1240429361781,0.9658767772511849,1662.9808086994242,6.706100821621931
2015,212.69994127272804,381.5206772,594.2206184727281,0.9658767772511849,1668.2833338866542,5.302525187230003
2016,204.5384273311009,369.4090335000001,573.947460831101,0.9658767772511849,1666.2560806754311,-2.0272532112230692
2017,216.96409157036751,370.1151464,587.0792379703676,0.9658767772511849,1668.8144536882842,2.5583730128530533
2018,218.8718073210817,373.18654800000013,592.0583553210818,0.9658767772511849,1672.7281561697603,3.9137024814760935
2019,213.25609550943,381.5144058,594.7705013094301,0.9658767772511849,1677.0897102113036,4.361554041543286
2020,215.0,375.00440580000003,590.0044058000001,0.9658767772511849,1679.3691340153982,2.2794238040946766
