,natemis,Antr+BB,Totemis,ch4lifetime_fact,Conc,Trend
1950,215.0,163.598,378.598,1.0247219712311393,1158.87120071134,
1951,215.0,178.6518045817319,393.6518045817319,1.0244368393312933,1162.5278893401814,3.6566886288414935
1952,215.0,183.7517426159432,398.75174261594316,1.0241517074314475,1167.4473710965688,4.919481756387313
1953,215.0,188.65843901363414,403.65843901363417,1.0238665755316017,1173.4264945977843,5.979123501215554
1954,215.0,193.14519209920383,408.1451920992038,1.0235814436317556,1180.2089730995292,6.78247850174489
1955,215.0,197.31171867296544,412.3117186729654,1.0232963117319098,1187.5997467541158,7.39077365458661
1956,215.0,203.04187309012457,418.04187309012457,1.023011179832064,1196.0513099918514,8.451563237735627
1957,215.0,208.22496909832324,423.22496909832324,1.0227260479322182,1205.2647908230865,9.213480831235074
1958,215.0,210.34889237508935,425.34889237508935,1.0224409160323724,1214.139120105746,8.874329282659573
1959,215.0,214.44709046362615,429.4470904636262,1.0221557841325264,1223.3672930539058,9.228172948159681
1960,215.0,218.81883565563655,433.8188356556366,1.0218706522326806,1233.0008062166391,9.63351316273338
1961,215.0,224.59797580858205,439.5979758085821,1.0215855203328348,1243.4623144286843,10.461508212045146
1962,215.0,224.56491415846932,439.5649141584693,1.021300388432989,1252.7283841642989,9.266069735614565
1963,215.0,231.44847602366914,446.4484760236692,1.021015256533143,1263.2288424934723,10.500458329173398
1964,215.0,229.70272576816996,444.70272576816996,1.0207301246332972,1271.959257713453,8.730415219980841
1965,215.0,233.7121636365794,448.71216363657936,1.0204449927334514,1281.0267365845768,9.06747887112374
1966,215.0,235.251836915052,450.25183691505197,1.0201598608336055,1289.572842842466,8.54610625788905
1967,215.0,239.17333671769057,454.1733367176906,1.0198747289337597,1298.4460970477567,8.873254205290777
1968,215.0,240.0700010272064,455.0700010272064,1.0195895970339137,1306.6047010806703,8.158604032913672
1969,215.0,241.81515974676304,456.815159746763,1.019304465134068,1314.4089238683773,7.804222787706976
1970,215.0,244.94654067199508,459.9465406719951,1.0190193332342221,1322.358060854885,7.94913698650771
1971,215.0,248.76207785759098,463.76207785759095,1.0199605556308,1330.8169926608862,8.458931806001146
1972,215.0,256.04497069059664,471.04497069059664,1.0209017780273781,1340.883246812672,10.06625415178587
1973,215.0,255.60237187520235,470.6023718752024,1.021843000423956,1349.8137264393965,8.930479626724491
1974,215.0,258.8376989548787,473.8376989548787,1.0227842228205342,1358.9572178080712,9.143491368674631
1975,215.0,261.71079484263964,476.71079484263964,1.0237254452171123,1368.1712998222029,9.21408201413169
1976,215.0,266.11259910976634,481.11259910976634,1.0246666676136902,1377.957795966264,9.786496144061175
1977,215.0,269.5931488630674,484.5931488630674,1.0256078900102683,1387.9491358336165,9.991339867352508
1978,215.0,272.7548380298701,487.7548380298701,1.0265491124068462,1398.0183868801587,10.06925104654215
1979,215.0,276.282103452212,491.282103452212,1.0274903348034243,1408.280097288369,10.26171040821032
1980,215.0,279.7152927768357,494.7152927768357,1.0284315572000022,1418.6834899364767,10.403392648107683
1981,215.0,281.48962262623303,496.48962262623303,1.0283999636415508,1428.5343987190433,9.850908782566648
1982,215.0,290.3138617386215,505.3138617386215,1.0283683700830994,1440.2371505273602,11.702751808316862
1983,215.0,285.25634640067585,500.25634640067585,1.0283367765246483,1448.9736924952354,8.736541967875155
1984,215.0,288.3160050399723,503.3160050399723,1.0283051829661969,1457.7672983068105,8.793605811575162
1985,215.0,290.7718115359584,505.7718115359584,1.0282735894077457,1466.4109057003436,8.643607393533102
1986,215.0,293.2029897176004,508.2029897176004,1.028241995849294,1474.912688576571,8.50178287622748
1987,215.0,297.6636160553672,512.6636160553671,1.0282104022908427,1483.9628567993982,9.050168222827097
1988,215.0,297.990817919549,512.990817919549,1.0281788087323915,1492.127089529352,8.16423272995371
1989,215.0,299.2419704961214,514.2419704961214,1.0281472151739401,1499.809477227913,7.682387698561115
1990,195.859372138931,302.9738366007256,498.8332087396566,1.0281156216154888,1501.5237245536457,1.7142473257326856
1991,196.4677865234781,316.0443104403371,512.5120969638152,1.0253040594539398,1507.2035609300551,5.679836376409412
1992,186.22954503459533,298.3385526293896,484.56809766398493,1.022492497292391,1502.5741549448378,-4.629405985217318
1993,187.33483185418655,298.32968740051797,485.6645192547045,1.019680935130842,1498.4202540068438,-4.153900937993967
1994,194.24032411385,306.8975623385286,501.13788645237855,1.0168693729692933,1499.4668046988077,1.04655069196383
1995,196.26542045954338,295.94589077222037,492.2113112317637,1.0140578108077443,1497.0299959996335,-2.4368086991742075
1996,208.3748607752008,293.32614251621055,501.7010032914113,1.0112462486461955,1497.612302145915,0.5823061462815531
1997,210.57397740266572,315.2255,525.7994774026657,1.0084346864846467,1505.7285556218958,8.116253475980784
1998,209.1911838875435,297.786,506.9771838875435,1.0056231243230978,1506.280185395294,0.5516297733981901
1999,217.52201870655188,290.18649999999997,507.70851870655184,1.0028115621615488,1506.6005765922835,0.32039119698947616
2000,223.5473177914537,286.167,509.7143177914537,1.0,1507.136198740777,0.5356221484935304
2001,208.76739978844725,293.96279999999996,502.7301997884472,0.9972303853728057,1504.882247782797,-2.253950957979896
2002,212.5426383460839,308.4886,521.0312383460839,0.9944607707456116,1508.5432489377363,3.6610011549391857
2003,209.4704631541179,313.4844,522.9548631541179,0.9916911561184175,1512.014429643369,3.4711807056328325
2004,218.0441344921813,321.4202,539.4643344921814,0.9889215414912234,1520.152810596802,8.138380953432943
2005,209.43411713475498,328.966,538.400117134755,0.9861519268640292,1526.5936550082629,6.44084441146083
2006,219.66477835127023,339.5914,559.2561783512703,0.9833823122368349,1538.794706926811,12.201051918548046
2007,218.52915094169083,340.1068,558.6359509416909,0.9806126976096409,1548.9695997443368,10.174892817525915
2008,220.73970219562665,344.2622,565.0019021956266,0.9862691313599595,1560.99052910629,12.020929361953222
2009,225.16131562752406,353.1976,578.3589156275241,0.9919255651102782,1576.972068481584,15.981539375294005
2010,222.0698885088719,359.223,581.2928885088719,0.9975819988605968,1593.0155321356144,16.043463654030347
2011,236.78903992011058,364.4245,601.2135399201106,0.9982952851331266,1613.984855861516,20.96932372590163
2012,215.0776771228679,373.586,588.663677122868,0.9990085714056565,1628.5505177179946,14.565661856478528
2013,213.66667097656892,378.0775,591.744170976569,0.9997218576781862,1642.621369930378,14.070852212383443
2014,220.38733015363204,389.899,610.286330153632,1.000435143950716,1661.388173395386,18.766803465008024
2015,214.02416939645465,401.9505,615.9746693964546,0.99758407518491,1679.474222224986,18.08604882960003
2016,204.99377754132416,399.27200000000005,604.2657775413243,0.9947330064191041,1691.168541775262,11.69431955027585
2017,218.8150981385997,406.7735,625.5885981385998,0.9918819376532981,1708.14282909135,16.974287316088066
2018,219.12510429468114,413.58500000000004,632.7101042946812,0.9952698352126487,1726.145762550919,18.00293345956902
2019,214.5585473649176,427.4565,642.0150473649176,0.9986577327719993,1745.794743524989,19.6489809740699
2020,215.0,427.918,642.918,1.0208161755200762,1767.2915944953038,21.49685097031488
