,natemis,Antr+BB,Totemis,ch4lifetime_fact,Conc,Trend
1950,215.0,140.0104525128931,355.0104525128931,1.0247219712311393,1151.0302561552483,
1951,215.0,155.2647590189582,370.2647590189582,1.0244368393312935,1147.7733879284729,-3.2568682267753957
1952,215.0,160.56519897750266,375.56519897750263,1.0241517074314475,1146.6052796514655,-1.1681082770073772
1953,215.0,165.67239729952678,380.6723972995268,1.0238665755316017,1147.2324263851046,0.6271467336391652
1954,215.0,170.3596523094297,385.3596523094297,1.0235814436317558,1149.318049714765,2.085623329660393
1955,215.0,174.7266808075245,389.72668080752453,1.02329631173191,1152.59538562074,3.277335905974951
1956,215.0,180.6573371490168,395.6573371490168,1.023011179832064,1157.4530542998452,4.857668679105245
1957,215.0,186.04093508154867,401.0409350815487,1.0227260479322182,1163.5352860557607,6.082231755915473
1958,215.0,188.36536028264797,403.365360282648,1.0224409160323724,1169.6903299966532,6.155043940892483
1959,215.0,192.664060295518,407.66406029551797,1.0221557841325266,1176.5660377344532,6.875707737799985
1960,215.0,197.23630741186156,412.23630741186156,1.0218706522326808,1184.1736963264175,7.607658591964309
1961,215.0,205.11807849022705,420.11807849022705,1.0215855203328348,1193.5323536643305,9.358657337912973
1962,215.0,207.1876477655343,422.1876477655343,1.021300388432989,1202.5170937688258,8.984740104495359
1963,215.0,216.17384055615415,431.1738405561541,1.021015256533143,1213.467360718501,10.950266949675097
1964,215.0,216.530721226075,431.530721226075,1.0207301246332974,1223.2982275672089,9.830866848707956
1965,215.0,222.6427900199044,437.6427900199044,1.0204449927334514,1234.0451138987867,10.746886331577798
1966,215.0,226.28509422379705,441.28509422379705,1.0201598608336055,1244.7857423314767,10.740628432690073
1967,215.0,232.3092249518556,447.30922495185564,1.0198747289337597,1256.3117812322137,11.526038900736921
1968,215.0,235.30852018679144,450.30852018679144,1.019589597033914,1267.5308055370235,11.219024304809864
1969,215.0,239.15630983176808,454.1563098317681,1.019304465134068,1278.7580020937055,11.227196556681974
1970,215.0,244.39032168242014,459.3903216824201,1.0190193332342221,1290.4525229697108,11.6945208760053
1971,215.0,249.2500236569801,464.2500236569801,1.0199605556308002,1302.5882726460527,12.135749676341902
1972,215.0,257.1728277174416,472.1728277174416,1.0209017780273784,1316.1366345120034,13.54836186595071
1973,215.0,260.25257580258824,475.25257580258824,1.0218430004239563,1329.334608639279,13.197974127275529
1974,215.0,261.75608614159665,476.75608614159665,1.0227842228205342,1341.698937012471,12.364328373192166
1975,215.0,262.9879199985267,477.9879199985267,1.0237254452171123,1353.232909103135,11.533972090663838
1976,215.0,269.88077697352765,484.88077697352765,1.0246666676136902,1365.9113632041976,12.678454101062698
1977,215.0,273.963154930751,488.963154930751,1.0256078900102683,1378.6764201489812,12.76505694478351
1978,215.0,276.2604287421843,491.2604287421843,1.0265491124068462,1390.9271533147353,12.250733165754127
1979,215.0,281.5334355614996,496.5334355614996,1.0274903348034243,1403.7111721264234,12.784018811688156
1980,215.0,283.2799933041633,498.2799933041633,1.0284315572000022,1415.7996339640779,12.08846183765445
1981,215.0,279.7228833024812,494.7228833024812,1.0283999636415508,1425.3786691200426,9.579035155964675
1982,215.0,287.61463066683257,502.61463066683257,1.0283683700830997,1436.5292705923919,11.150601472349308
1983,215.0,281.5577046073275,496.5577046073275,1.0283367765246483,1444.441806135413,7.912535543021022
1984,215.0,284.9536362831875,499.9536362831875,1.028305182966197,1452.6133836234997,8.171577488086768
1985,215.0,285.63759742417085,500.63759742417085,1.0282735894077455,1460.1139450834291,7.500561459929486
1986,215.0,290.77781253724584,505.77781253724584,1.028241995849294,1468.4984662240433,8.384521140614197
1987,215.0,295.02494838641707,510.02494838641707,1.028210402290843,1477.3732429328525,8.874776708809122
1988,215.0,298.6755905767461,513.6755905767461,1.0281788087323915,1486.48625585491,9.113012922057578
1989,215.0,302.17109081824873,517.1710908182488,1.0281472151739404,1495.759799969273,9.273544114362949
1990,200.3301288457454,305.2999200711051,505.63004891685046,1.0281156216154888,1500.1770009490028,4.4172009797298415
1991,199.7503266400383,318.81183287573293,518.5621595157712,1.02530405945394,1508.0157633502995,7.838762401296663
1992,184.67510149951386,299.49068782266335,484.1657893221772,1.022492497292391,1503.163349163533,-4.852414186766509
1993,197.36691793433434,299.5481852918242,496.9151032261585,1.0196809351308422,1502.683513420397,-0.47983574313593635
1994,206.86238646048096,310.39650696329267,517.2588934237737,1.0168693729692933,1508.6161179003625,5.932604479965448
1995,201.7570917407637,305.56039716107193,507.31748890183565,1.0140578108077443,1510.1855463061981,1.5694284058356516
1996,213.15982548765285,307.45705920620384,520.6168846938567,1.0112462486461955,1515.5921844118313,5.406638105633192
1997,219.11808678658687,331.457796516877,550.5758833034639,1.0084346864846467,1529.9386606766702,14.346476264838884
1998,212.25503626636817,315.50915615703855,527.7641924234067,1.0056231243230978,1534.6954617727806,4.756801096110394
1999,221.87093317633915,309.5890972813972,531.4600304577364,1.002811562161549,1539.7284162676772,5.032954494896558
2000,227.84472784773624,310.3755556419565,538.2202834896927,1.0,1546.0189596774806,6.290543409803377
2001,206.6473954472032,313.1005194228316,519.7479148700348,0.995914002735031,1544.8493908489259,-1.1695688285547021
2002,212.26455200956343,322.47491151980734,534.7394635293708,0.991828005470062,1548.1592911135117,3.309900264585849
2003,215.22835450612564,328.33133481161764,543.5596893177433,0.987742008205093,1553.3881729343655,5.228881820853758
2004,212.63153770421576,339.1599047856282,551.791442489844,0.9836560109401239,1560.1141929095395,6.72601997517404
2005,212.49070626724972,346.62478641877203,559.1154926860218,0.9795700136751548,1567.8554479065938,7.741254997054284
2006,213.71072289363457,356.7053574534424,570.416080347077,0.9754840164101859,1577.802949559284,9.947501652690107
2007,219.18200332427125,355.2617524896731,574.4437558139443,0.9713980191452168,1587.2795772877632,9.476627728479343
2008,228.68671106740234,360.75844432030715,589.4451553877095,0.977052169906687,1601.5741719733358,14.29459468557252
2009,221.551417970207,364.45377111581536,586.0051890860224,0.9827063206681571,1614.0254179287995,12.451245955463719
2010,221.69514826634378,371.1593157300012,592.854463996345,0.9883604714296271,1628.2604888804192,14.235070951619718
2011,227.28038439645948,372.924998542445,600.2053829389044,0.9889882341230849,1643.428411516527,15.167922636107733
2012,209.97597491597992,381.0856580369786,591.0616329529585,0.9896159968165429,1653.9520983517705,10.523686835243552
2013,213.54435145588445,381.87778643760544,595.4221378934899,0.9902437595100009,1664.8385564864413,10.886458134670875
2014,216.40412124879504,388.1687589286987,604.5728801774937,0.9908715222034588,1677.6377283688464,12.799171882405062
2015,206.32314747732138,398.732,605.0551474773214,0.9908600068687826,1689.1509755252264,11.513247156379975
2016,201.11929681211606,390.97880000000004,592.0980968121161,0.9908484915341064,1695.063474770958,5.912499245731624
2017,215.0,393.4056,608.4056,0.9908369761994302,1705.718637562812,10.655162791854082
2018,215.0,395.1424,610.1424,0.9924774178789595,1716.0282119029853,10.309574340173185
2019,215.0,403.9392,618.9392,0.9941178595584886,1728.3768629935998,12.348651090614567
2020,215.0,399.326,614.326,0.9957583012380179,1738.0869716187606,9.710108625160728
