,natemis,Antr+BB,Totemis,ch4lifetime_fact,Conc,Trend
1950,215.0,163.598,378.598,1.0247219712311393,1158.87120071134,
1951,215.0,178.6518045817319,393.6518045817319,1.0244368393312935,1162.5278893401814,3.6566886288414935
1952,215.0,183.7517426159432,398.75174261594316,1.0241517074314475,1167.4473710965688,4.919481756387313
1953,215.0,188.65843901363414,403.65843901363417,1.0238665755316017,1173.4264945977843,5.979123501215554
1954,215.0,193.14519209920383,408.1451920992038,1.0235814436317558,1180.2089730995292,6.78247850174489
1955,215.0,197.31171867296544,412.3117186729654,1.02329631173191,1187.5997467541158,7.39077365458661
1956,215.0,203.04187309012457,418.04187309012457,1.023011179832064,1196.0513099918514,8.451563237735627
1957,215.0,208.22496909832324,423.22496909832324,1.0227260479322182,1205.2647908230865,9.213480831235074
1958,215.0,210.34889237508935,425.34889237508935,1.0224409160323724,1214.139120105746,8.874329282659573
1959,215.0,214.44709046362615,429.4470904636262,1.0221557841325266,1223.367293053906,9.228172948159909
1960,215.0,218.81883565563655,433.8188356556366,1.0218706522326808,1233.0008062166394,9.63351316273338
1961,215.0,224.59797580858205,439.5979758085821,1.0215855203328348,1243.4623144286843,10.461508212044919
1962,215.0,224.56491415846932,439.5649141584693,1.021300388432989,1252.7283841642989,9.266069735614565
1963,215.0,231.44847602366914,446.4484760236692,1.021015256533143,1263.2288424934723,10.500458329173398
1964,215.0,229.70272576816996,444.70272576816996,1.0207301246332974,1271.959257713453,8.730415219980841
1965,215.0,233.7121636365794,448.71216363657936,1.0204449927334514,1281.0267365845768,9.06747887112374
1966,215.0,235.251836915052,450.25183691505197,1.0201598608336055,1289.572842842466,8.54610625788905
1967,215.0,239.17333671769057,454.1733367176906,1.0198747289337597,1298.4460970477567,8.873254205290777
1968,215.0,240.0700010272064,455.0700010272064,1.019589597033914,1306.6047010806703,8.158604032913672
1969,215.0,241.81515974676304,456.815159746763,1.019304465134068,1314.4089238683773,7.804222787706976
1970,215.0,244.94654067199508,459.9465406719951,1.0190193332342221,1322.358060854885,7.94913698650771
1971,215.0,248.76207785759098,463.76207785759095,1.0199605556308002,1330.8169926608862,8.458931806001146
1972,215.0,256.04497069059664,471.04497069059664,1.0209017780273784,1340.883246812672,10.06625415178587
1973,215.0,255.60237187520235,470.6023718752024,1.0218430004239563,1349.8137264393968,8.930479626724718
1974,215.0,258.8376989548787,473.8376989548787,1.0227842228205342,1358.9572178080714,9.143491368674631
1975,215.0,261.71079484263964,476.71079484263964,1.0237254452171123,1368.171299822203,9.21408201413169
1976,215.0,266.11259910976634,481.11259910976634,1.0246666676136902,1377.957795966264,9.786496144060948
1977,215.0,269.5931488630674,484.5931488630674,1.0256078900102683,1387.9491358336165,9.991339867352508
1978,215.0,272.7548380298701,487.7548380298701,1.0265491124068462,1398.0183868801587,10.06925104654215
1979,215.0,276.282103452212,491.282103452212,1.0274903348034243,1408.280097288369,10.26171040821032
1980,215.0,279.7152927768357,494.7152927768357,1.0284315572000022,1418.6834899364767,10.403392648107683
1981,215.0,281.48962262623303,496.48962262623303,1.0283999636415508,1428.5343987190433,9.850908782566648
1982,215.0,290.3138617386215,505.3138617386215,1.0283683700830997,1440.2371505273602,11.702751808316862
1983,215.0,285.25634640067585,500.25634640067585,1.0283367765246483,1448.9736924952354,8.736541967875155
1984,215.0,288.3160050399723,503.3160050399723,1.028305182966197,1457.7672983068105,8.793605811575162
1985,215.0,290.7718115359584,505.7718115359584,1.0282735894077455,1466.4109057003436,8.643607393533102
1986,215.0,293.2029897176004,508.2029897176004,1.028241995849294,1474.912688576571,8.50178287622748
1987,215.0,297.6636160553672,512.6636160553671,1.028210402290843,1483.9628567993982,9.050168222827097
1988,215.0,297.990817919549,512.990817919549,1.0281788087323915,1492.127089529352,8.16423272995371
1989,215.0,299.2419704961214,514.2419704961214,1.0281472151739404,1499.809477227913,7.682387698561115
1990,215.0,302.9738366007256,517.9738366007256,1.0281156216154888,1507.8874762828373,8.077999054924248
1991,215.0,316.0443104403371,531.0443104403371,1.02530405945394,1519.0299394564006,11.142463173563328
1992,215.0,298.3385526293896,513.3385526293896,1.022492497292391,1522.6632250611333,3.6332856047326914
1993,215.0,298.32968740051797,513.329687400518,1.0196809351308422,1525.4900065053953,2.8267814442619965
1994,215.0,306.8975623385286,521.8975623385286,1.0168693729692933,1530.4453791015626,4.955372596167308
1995,215.0,295.94589077222037,510.94589077222037,1.0140578108077443,1530.8041106714836,0.3587315699210194
1996,215.0,293.32614251621055,508.32614251621055,1.0112462486461955,1529.8403456251071,-0.9637650463764658
1997,215.0,315.2255,530.2255,1.0084346864846467,1535.8430734022331,6.002727777125983
1998,215.0,297.786,512.7860000000001,1.0056231243230978,1534.9674882793058,-0.8755851229273048
1999,215.0,290.18649999999997,505.18649999999997,1.002811562161549,1531.245742834698,-3.7217454446079046
2000,215.0,286.167,501.167,1.0,1526.1840492050533,-5.061693629644651
2001,215.0,293.96279999999996,508.96279999999996,0.995914002735031,1523.662914570779,-2.5211346342741763
2002,215.0,308.4886,523.4886,0.991828005470062,1525.6273865763815,1.9644720056023743
2003,215.0,313.4844,528.4844,0.987742008205093,1528.4030498149045,2.775663238523066
2004,215.0,321.4202,536.4202,0.9836560109401239,1532.8659555285378,4.46290571363329
2005,215.0,328.966,543.966,0.9795700136751548,1538.6862887661996,5.820333237661771
2006,215.0,339.5914,554.5914,0.9754840164101859,1546.7203817086906,8.034092942491043
2007,215.0,340.1068,555.1068,0.9713980191452168,1553.3514474480123,6.631065739321684
2008,215.0,344.2622,559.2622,0.977052169906687,1561.5095813568212,8.15813390880885
2009,215.0,353.1976,568.1976,0.9827063206681571,1572.6050475311959,11.095466174374678
2010,215.0,359.223,574.223,0.9883604714296271,1585.3409546626015,12.735907131405611
2011,215.0,364.4245,579.4245000000001,0.9889882341230849,1598.463235835054,13.122281172452631
2012,215.0,373.586,588.586,0.9896159968165429,1613.2438104105631,14.780574575509036
2013,215.0,378.0775,593.0775,0.9902437595100009,1627.9474151835525,14.703604772989365
2014,215.0,389.899,604.899,0.9908715222034588,1645.0169434880806,17.06952830452815
2015,215.0,401.9505,616.9504999999999,0.9908600068687826,1664.1580795989855,19.14113611090488
2016,215.0,399.27200000000005,614.272,0.9908484915341064,1680.2488588918275,16.090779292841944
2017,215.0,406.7735,621.7735,0.9908369761994302,1697.0116601560585,16.76280126423103
2018,215.0,413.58500000000004,628.585,0.9924774178789595,1714.423009518096,17.411349362037527
2019,215.0,427.4565,642.4565,0.9941178595584886,1734.7578837700185,20.33487425192243
2020,215.0,427.918,642.918,0.9957583012380179,1753.241747091658,18.483863321639546
