,natemis,Antr+BB,Totemis,ch4lifetime_fact,Conc,Trend
1950,215.0,165.44423622518232,380.4442362251823,1.0488608866700293,1162.0496780388985,
1951,215.0,181.5398843317661,396.5398843317661,1.0455466626386185,1168.5763025010729,6.526624462174368
1952,215.0,187.68166589082924,402.6816658908292,1.0435105097854591,1176.2267619309298,7.650459429856937
1953,215.0,193.63020581337207,408.6302058133721,1.0405455939203825,1184.7120367592545,8.485274828324691
1954,215.0,199.15880242379365,414.15880242379365,1.044295794488673,1194.521180592212,9.809143832957488
1955,215.0,204.36717252240715,419.36717252240715,1.037508489961066,1204.2638550490603,9.742674456848363
1956,215.0,211.13917046441813,426.13917046441816,1.028116236302615,1214.1529420925074,9.889087043447034
1957,215.0,217.36410999746863,432.36410999746863,1.0421601616543277,1226.6030294650366,12.450087372529197
1958,215.0,220.52987679908665,435.52987679908665,1.048657602665344,1239.480666149451,12.877636684414483
1959,215.0,225.6699184124753,440.66991841247534,1.036391182649435,1251.298277714563,11.817611565111974
1960,215.0,231.08350712933756,446.0835071293376,1.0366828171259594,1263.665304264207,12.367026549643924
1961,215.0,239.81707031491294,454.81707031491294,1.0360169714873653,1277.5154929016514,13.85018863744449
1962,215.0,242.73843169743012,457.7384316974301,1.0483804322861743,1292.270549220514,14.755056318862671
1963,215.0,252.57641659525984,467.57641659525984,1.0443546910580446,1308.239836068142,15.969286847627927
1964,215.0,253.78508937239053,468.78508937239053,1.0448466365780047,1322.9444722235564,14.704636155414391
1965,215.0,260.7489502734299,475.7489502734299,1.0416887487729276,1337.9982205733304,15.053748349773969
1966,215.0,265.2430465845324,480.2430465845324,1.045021997433171,1353.322998508628,15.324777935297561
1967,215.0,272.1189694198009,487.1189694198009,1.0453696087467055,1369.3236177398426,16.000619231214614
1968,215.0,275.9700567619466,490.9700567619466,1.0399298066040126,1384.2001681711142,14.876550431271653
1969,215.0,280.66963851413317,495.66963851413317,1.044521823964872,1399.606505759368,15.406337588253791
1970,215.0,286.7554424719951,501.7554424719951,1.0439258467327728,1415.2978832236897,15.691377464321704
1971,215.0,296.29479715759095,511.29479715759095,1.0436193741341604,1432.4280389493324,17.13015572564268
1972,215.0,309.7925504905967,524.7925504905967,1.0520906785217377,1453.2934933169897,20.86545436765732
1973,215.0,321.5097804752024,536.5097804752024,1.0403958536106162,1474.2781296668054,20.984636349815673
1974,215.0,323.90781625487864,538.9078162548786,1.035825630675854,1493.1669873410433,18.888857674237897
1975,215.0,317.6599241426396,532.6599241426396,1.0405937531705223,1508.5767610048717,15.409773663828446
1976,215.0,332.4310155097663,547.4310155097663,1.0471224324819541,1528.1262897350673,19.54952873019556
1977,215.0,331.86937666306744,546.8693766630674,1.0411935162013237,1544.558869916311,16.432580181243793
1978,215.0,341.8147800298701,556.8147800298701,1.039175143440748,1562.2351464166295,17.67627650031841
1979,215.0,343.8016532522121,558.8016532522121,1.0376285224625028,1578.433200968442,16.198054551812447
1980,213.46581505527286,336.43435957683573,549.9001746321086,1.046993032958082,1591.2556233058792,12.822422337437274
1981,209.98540094753466,319.944026226233,529.9294271737676,1.057235362607005,1597.5024294801879,6.246806174308631
1982,207.34999122653096,325.4862880386215,532.8362792651525,1.0571718977688278,1604.0399724962563,6.537543016068412
1983,218.54420775574664,314.78340390067586,533.3276116564225,1.059741846409663,1610.4050291247447,6.365056628488446
1984,216.13469029654325,313.6218524399723,529.7565427365156,1.0468082345506051,1613.0506327324142,2.6456036076695
1985,218.52747499561326,312.6892946359584,531.2167696315717,1.0438054769311433,1615.4601691565795,2.4095364241652533
1986,212.30288822600457,315.3279750176004,527.630863243605,1.049246969643094,1617.2066509454412,1.746481788861729
1987,207.81014213019827,317.2485140553672,525.0586561855655,1.040268768905054,1616.5996927911276,-0.6069581543135882
1988,212.7546727496052,321.411691319549,534.1663640691542,1.0374802786999169,1618.6770163048363,2.077323513708734
1989,213.67497455693982,324.1105786961214,537.7855532530613,1.0428034452743942,1622.517180588521,3.840164283684544
1990,211.0981294964029,328.0908796007256,539.1890090971285,1.0438158204508707,1626.5576328696222,4.040452281101352
1991,210.3200561502018,341.6898806403371,552.0099367905389,1.044515988674617,1634.5302815946216,7.972648724999317
1992,198.5903912967187,321.75928362938964,520.3496749261084,1.0373376907957834,1630.0429233872717,-4.487358207349871
1993,204.7145815055273,320.736322800518,525.4509043060452,1.0235051451726433,1625.6530276602534,-4.389895727018256
1994,209.4666853834006,332.26831963852857,541.7350050219292,1.025931824493182,1627.5278101315782,1.8747824713248065
1995,208.72207755746624,324.2177472722203,532.9398248296866,1.0098251171866819,1623.7877284983476,-3.740081633230602
1996,212.42838392700475,327.5188030162106,539.9471869432153,1.0059472571608135,1622.1819021480119,-1.6058263503357466
1997,213.7837374978066,350.5117382000001,564.2954756978068,1.0155065898427584,1630.336615453858,8.154713305846144
1998,222.52660466748551,330.2514803,552.7780849674855,1.0260604213678781,1635.388703026144,5.052087572285927
1999,211.56664678013686,321.97082819999997,533.5374749801368,0.9977243350302163,1629.0477773175785,-6.3409257085654644
2000,213.03076329180558,321.0746415,534.1054047918055,1.0,1623.9710332511152,-5.076744066463334
2001,218.326681874013,322.0038254,540.3305072740129,0.9976712650532031,1621.1575487658367,-2.8134844852784227
2002,215.21438848920863,329.2447249,544.4591133892086,0.9898186618728184,1618.7652194669927,-2.3923292988440608
2003,219.3222811019477,336.95281180000006,556.2750929019478,0.994865821953046,1621.379157304113,2.6139378371203748
2004,213.74190559747325,346.8821553,560.6240608974733,0.9830062724148221,1623.210846871378,1.8316895672649025
2005,210.64634497280224,351.53041470000005,562.1767596728023,0.9724656594085386,1623.5929512191817,0.3821043478037609
2006,215.9673626952097,361.5815305,577.5488931952096,0.9697798027915692,1628.5733674045252,4.980416185343529
2007,213.7502719775399,357.22785230000005,570.97812427754,0.9645130934714374,1629.9040854573927,1.3307180528674962
2008,213.86740129847342,358.4336323,572.3010335984734,0.9627371565534859,1631.2139473257987,1.3098618684059602
2009,219.93302684681524,359.7836666,579.7166934468153,0.9682589027181607,1635.7782238431823,4.564276517383632
2010,226.5508334795578,365.82240210000003,592.3732355795578,0.9741615880697929,1645.019381899077,9.24115805589463
2011,214.3442849622741,367.0318972,581.3761821622741,0.9620153522297454,1647.464092031187,2.4447101321100035
2012,208.27865941393227,370.96316160000003,579.2418210139323,0.9808702795232336,1652.1505137732008,4.686421742013863
2013,214.6454746446745,370.2459324,584.8914070446745,0.9678609782840504,1655.9534497298835,3.8029359566826315
2014,215.03869450780837,377.00284780000004,592.0415423078084,0.9658128139938376,1661.3324314334634,5.378981703579939
2015,214.13512546060713,381.5206772,595.6558026606072,0.9658128139938376,1667.2893501485328,5.956918715069378
2016,220.7529320933497,369.4090335000001,590.1619655933498,0.9658128139938376,1670.7390880328328,3.4497378843000206
2017,215.0,370.1151464,585.1151464,0.9658128139938376,1672.1187152993618,1.3796272665290417
2018,215.0,373.18654800000013,588.1865480000001,0.9658128139938376,1674.3572504154738,2.2385351161119615
2019,215.0,381.5144058,596.5144058000001,0.9658128139938376,1679.0977577636588,4.7405073481850195
2020,215.0,375.00440580000003,590.0044058000001,0.9658128139938376,1681.1344949125905,2.0367371489317065
