,natemis,Antr+BB,Totemis,ch4lifetime_fact,Conc,Trend
1950,215.0,140.0104525128931,355.0104525128931,1.0082976017871197,1149.2253810176041,
1951,215.0,155.2647590189582,370.2647590189582,1.008017040016338,1144.373564633559,-4.851816384045151
1952,215.0,160.56519897750266,375.56519897750263,1.0077364782455562,1141.7909273336911,-2.5826372998678835
1953,215.0,165.67239729952678,380.6723972995268,1.0074559164747743,1141.16094249563,-0.6299848380610911
1954,215.0,170.3596523094297,385.3596523094297,1.0071753547039928,1142.1268504889563,0.9659079933262547
1955,215.0,174.7266808075245,389.72668080752453,1.0068947929332108,1144.4045865240746,2.2777360351183233
1956,215.0,180.6573371490168,395.6573371490168,1.006614231162429,1148.3672691895151,3.962682665440525
1957,215.0,186.04093508154867,401.0409350815487,1.0063336693916476,1153.6453399894508,5.278070799935676
1958,215.0,188.36536028264797,403.365360282648,1.0060531076208656,1159.07598994556,5.430649956109164
1959,215.0,192.664060295518,407.66406029551797,1.005772545850084,1165.2975765810213,6.221586635461335
1960,215.0,197.23630741186156,412.23630741186156,1.0054919840793022,1172.3124478283141,7.014871247292831
1961,215.0,205.11807849022705,420.11807849022705,1.0052114223085205,1181.1308648926101,8.818417064296
1962,215.0,207.1876477655343,422.1876477655343,1.0049308605377387,1189.6210614357155,8.490196543105412
1963,215.0,216.17384055615415,431.1738405561541,1.0046502987669568,1200.1160854714017,10.495024035686129
1964,215.0,216.530721226075,431.530721226075,1.004369736996175,1209.526073758206,9.409988286804264
1965,215.0,222.6427900199044,437.6427900199044,1.0040891752253935,1219.8827227827237,10.356649024517765
1966,215.0,226.28509422379705,441.28509422379705,1.0038086134546116,1230.2596628144593,10.376940031735558
1967,215.0,232.3092249518556,447.30922495185564,1.0035280516838299,1241.4449736794725,11.185310865013207
1968,215.0,235.30852018679144,450.30852018679144,1.0032474899130481,1252.3433338687214,10.898360189248933
1969,215.0,239.15630983176808,454.1563098317681,1.0029669281422664,1263.2679220712919,10.924588202570476
1970,215.0,244.39032168242014,459.3903216824201,1.0026863663714847,1274.6754927854956,11.407570714203757
1971,215.0,249.2500236569801,464.2500236569801,1.0036125027400429,1286.5380676610241,11.86257487552848
1972,215.0,257.1728277174416,472.1728277174416,1.0045386391086013,1299.8239938441507,13.285926183126548
1973,215.0,260.25257580258824,475.25257580258824,1.0054647754771595,1312.7682847356898,12.94429089153914
1974,215.0,261.75608614159665,476.75608614159665,1.006390911845718,1324.8876399347923,12.119355199102529
1975,215.0,262.9879199985267,477.9879199985267,1.0073170482142761,1336.185671336827,11.298031402034667
1976,215.0,269.88077697352765,484.88077697352765,1.0082431845828346,1348.6358975928354,12.450226256008364
1977,215.0,273.963154930751,488.963154930751,1.009169320951393,1361.178646486503,12.54274889366775
1978,215.0,276.2604287421843,491.2604287421843,1.0100954573199512,1373.2126812113304,12.03403472482728
1979,215.0,281.5334355614996,496.5334355614996,1.0110215936885096,1385.7849380370146,12.572256825684235
1980,215.0,283.2799933041633,498.2799933041633,1.0119477300570678,1397.6661873899286,11.881249352913983
1981,215.0,279.7228833024812,494.7228833024812,1.0119166428840465,1407.044183557521,9.3779961675923
1982,215.0,287.61463066683257,502.61463066683257,1.0118855557110251,1417.9998416718618,10.95565811434085
1983,215.0,281.5577046073275,496.5577046073275,1.0118544685380038,1425.724296493068,7.724454821206336
1984,215.0,284.9536362831875,499.9536362831875,1.0118233813649828,1433.7161081794459,7.991811686377787
1985,215.0,285.63759742417085,500.63759742417085,1.0117922941919613,1441.0446458740269,7.328537694580973
1986,215.0,290.77781253724584,505.77781253724584,1.01176120701894,1449.263814201782,8.219168327755142
1987,215.0,295.02494838641707,510.02494838641707,1.0117301198459188,1457.9781116346599,8.714297432877856
1988,215.0,298.6755905767461,513.6755905767461,1.0116990326728972,1466.9344189899607,8.95630735530085
1989,215.0,302.17109081824873,517.1710908182488,1.011667945499876,1476.0543047217625,9.119885731801787
1990,204.64647443295402,305.2999200711051,509.94639450405907,1.0116368583268547,1481.7582742342202,5.703969512457661
1991,202.84908478641162,318.81183287573293,521.6609176621446,1.009824235180017,1490.4620869643181,8.70381273009798
1992,190.51506057038983,299.49068782266335,490.0057483930532,1.0015337334334637,1486.4851783628771,-3.9769086014409822
1993,195.3330359213366,299.5481852918242,494.8812212131608,0.996844693397186,1483.8866776443729,-2.598500718504283
1994,199.90276569546643,310.39650696329267,510.2992726587591,1.0084558263903243,1488.3837897179687,4.497112073595872
1995,196.32841195227857,305.56039716107193,501.8888091133505,1.0030031148607326,1488.7987751053336,0.4149853873648226
1996,207.46436651190697,307.45705920620384,514.9214257181109,1.0102506923191272,1494.5431933318253,5.744418226491689
1997,215.069403551697,331.457796516877,546.5272000685741,1.0119030530084048,1510.387359474341,15.84416614251586
1998,211.19685718568462,315.50915615703855,526.7060133427232,0.9861864069689835,1514.05980989395,3.672450419608822
1999,218.01274748085203,309.5890972813972,527.6018447622492,1.0063414517912073,1520.6382618020468,6.578451908096895
2000,224.99476821169003,310.3755556419565,535.3703238536466,1.0,1528.1201201922736,7.481858390226762
2001,211.6541686142129,313.1005194228316,524.7546880370445,0.99386928520895,1530.3132078106246,2.193087618351001
2002,212.44845349875482,322.47491151980734,534.9233650185622,0.9928679555766652,1535.481776438373,5.1685686277483
2003,211.15104048992268,328.33133481161764,539.4823753015403,0.9864340504659566,1540.5891816769306,5.107405238557703
2004,213.4267447417675,339.1599047856282,552.5866495273957,0.979133650893039,1548.3200038929974,7.7308222160668265
2005,212.36702568834235,346.62478641877203,558.9918121071144,0.9699646792990931,1555.8239564860946,7.50395259309721
2006,214.33253962675096,356.7053574534424,571.0378970801934,0.9658283605068321,1565.7834425441215,9.959486058026869
2007,219.6252591285588,355.2617524896731,574.8870116182319,0.9597038162268151,1574.853470551488,9.070028007366545
2008,225.0863228023433,360.75844432030715,585.8447671226504,0.9643339070369527,1587.278441139379,12.424970587891039
2009,227.38941008758178,364.45377111581536,591.8431812033971,0.9671398996221703,1600.7277644100864,13.449323270707282
2010,222.05416973076032,371.1593157300012,593.2134854607615,0.9580604117459025,1611.5397812417027,10.812016831616347
2011,234.1365331595362,372.924998542445,607.0615317019813,0.9585228838411334,1625.7648163037181,14.225035062015422
2012,214.91072953742258,381.0856580369786,595.9963875744012,0.9675752373720371,1636.2349862334481,10.470169929729991
2013,217.65607902838656,381.87778643760544,599.533865465992,0.9662389595250078,1646.4428212735836,10.207835040135478
2014,225.58641103472286,388.1687589286987,613.7551699634216,0.96907901809612,1660.6797628949487,14.236941621365077
2015,217.07285443075872,398.732,615.8048544307587,0.9707424683795629,1674.249225334568,13.569462439619429
2016,210.38186013375284,390.97880000000004,601.3606601337528,0.952027984493153,1678.1444112828767,3.895185948308608
2017,219.85459889671557,393.4056,613.2601988967156,0.9603792558988442,1687.0317542897783,8.887343006901574
2018,221.18675975116392,395.1424,616.329159751164,0.9619692714083327,1696.1923013396013,9.16054704982298
2019,217.3676024610999,403.9392,621.3068024610999,0.963559286917821,1706.2290862616587,10.03678492205745
2020,215.0,399.326,614.326,0.9651493024273095,1713.080353688348,6.851267426689219
