,natemis,Antr+BB,Totemis,ch4lifetime_fact,Conc,Trend
1950,215.0,140.0104525128931,355.0104525128931,1.0,1148.2921671265242,
1951,215.0,155.2647590189582,370.2647590189582,1.0,1142.6490757852414,-5.643091341282798
1952,215.0,160.56519897750266,375.56519897750263,1.0,1139.3976392869768,-3.2514364982646384
1953,215.0,165.67239729952678,380.6723972995268,1.0,1138.2059054457936,-1.1917338411831224
1954,215.0,170.3596523094297,385.3596523094297,1.0,1138.703823714394,0.4979182686004151
1955,215.0,174.7266808075245,389.72668080752453,1.0,1140.595885116149,1.8920614017549724
1956,215.0,180.6573371490168,395.6573371490168,1.0,1144.2451265094755,3.6492413933265198
1957,215.0,186.04093508154867,401.0409350815487,1.0,1149.2731674507006,5.028040941225072
1958,215.0,188.36536028264797,403.365360282648,1.0,1154.509948900656,5.236781449955288
1959,215.0,192.664060295518,407.66406029551797,1.0,1160.5875762235828,6.077627322926901
1960,215.0,197.23630741186156,412.23630741186156,1.0,1167.5027199722417,6.91514374865892
1961,215.0,205.11807849022705,420.11807849022705,1.0,1176.260396798183,8.75767682594119
1962,215.0,207.1876477655343,422.1876477655343,1.0,1184.7245913836991,8.464194585516225
1963,215.0,216.17384055615415,431.1738405561541,1.0,1195.2245500359925,10.499958652293344
1964,215.0,216.530721226075,431.530721226075,1.0,1204.6673138021704,9.442763766177904
1965,215.0,222.6427900199044,437.6427900199044,1.0,1215.082034424504,10.414720622333562
1966,215.0,226.28509422379705,441.28509422379705,1.0,1225.5398962590723,10.457861834568348
1967,215.0,232.3092249518556,447.30922495185564,1.0,1236.8268579188905,11.28696165981819
1968,215.0,235.30852018679144,450.30852018679144,1.0,1247.8458106543333,11.018952735442781
1969,215.0,239.15630983176808,454.1563098317681,1.0,1258.9084717277492,11.062661073415939
1970,215.0,244.39032168242014,459.3903216824201,1.0,1270.4701861127298,11.561714384980633
1971,215.0,249.2500236569801,464.2500236569801,1.0,1282.3508002482222,11.880614135492351
1972,215.0,257.1728277174416,472.1728277174416,1.0,1295.5315859934315,13.180785745209278
1973,215.0,260.25257580258824,475.25257580258824,1.0,1308.2590220299608,12.727436036529298
1974,215.0,261.75608614159665,476.75608614159665,1.0,1320.0605440450217,11.801522015060982
1975,215.0,262.9879199985267,477.9879199985267,1.0,1330.949627649278,10.889083604256257
1976,215.0,269.88077697352765,484.88077697352765,1.0,1342.9079524898002,11.95832484052221
1977,215.0,273.963154930751,488.963154930751,1.0,1354.8826895266109,11.974737036810666
1978,215.0,276.2604287421843,491.2604287421843,1.0,1366.2793294646717,11.396639938060844
1979,215.0,281.5334355614996,496.5334355614996,1.0,1378.1505737293603,11.871244264688585
1980,215.0,283.2799933041633,498.2799933041633,1.0,1389.2724660114977,11.121892282137424
1981,215.0,279.7228833024812,494.7228833024812,1.0,1397.9680430947417,8.695577083243961
1982,215.0,287.61463066683257,502.61463066683257,1.0,1408.3101099661012,10.34206687135952
1983,215.0,281.5577046073275,496.5577046073275,1.0,1415.48321606544,7.173106099338838
1984,215.0,284.9536362831875,499.9536362831875,1.0,1422.9806296355312,7.497413570091112
1985,215.0,285.63759742417085,500.63759742417085,1.0,1429.8656377903958,6.885008154864636
1986,215.0,290.77781253724584,505.77781253724584,1.0,1437.686330558982,7.820692768586241
1987,215.0,295.02494838641707,510.02494838641707,1.0,1446.041428288314,8.355097729331874
1988,215.0,298.6755905767461,513.6755905767461,1.0,1454.6730519484772,8.631623660163314
1989,215.0,302.17109081824873,517.1710908182488,1.0,1463.4987302622226,8.825678313745357
1990,200.3301288457454,305.2999200711051,505.63004891685046,1.0,1467.5044593502873,4.005729088064754
1991,199.7503266400383,318.81183287573293,518.5621595157712,1.0,1475.3552502475754,7.850790897288107
1992,184.67510149951386,299.49068782266335,484.1657893221772,1.0,1470.907063096886,-4.448187150689364
1993,197.36691793433434,299.5481852918242,496.9151032261585,1.0,1471.1898343648797,0.2827712679936667
1994,206.86238646048096,310.39650696329267,517.2588934237737,1.0,1478.1952762285787,7.005441863698934
1995,201.7570917407637,305.56039716107193,507.31748890183565,1.0,1481.1156760223712,2.9203997937925124
1996,213.15982548765285,307.45705920620384,520.6168846938567,1.0,1488.1246043751223,7.008928352751127
1997,219.11808678658687,331.457796516877,550.5758833034639,1.0,1504.2954150220514,16.170810646929112
1998,212.25503626636817,315.50915615703855,527.7641924234067,1.0,1511.0818773077458,6.78646228569437
1999,221.87093317633915,309.5890972813972,531.4600304577364,1.0,1518.3355114309452,7.25363412319939
2000,227.84472784773624,310.3755556419565,538.2202834896927,1.0,1527.021423091949,8.685911661003729
2001,206.6473954472032,313.1005194228316,519.7479148700348,1.0,1528.601768590011,1.5803454980621154
2002,212.26455200956343,322.47491151980734,534.7394635293708,1.0,1534.9824997267306,6.3807311367195325
2003,215.22835450612564,328.33133481161764,543.5596893177433,1.0,1543.5771781608532,8.59467843412267
2004,212.63153770421576,339.1599047856282,551.791442489844,1.0,1553.9425292010078,10.365351040154565
2005,212.49070626724972,346.62478641877203,559.1154926860218,1.0,1565.5789241934087,11.636394992400938
2006,213.71072289363457,356.7053574534424,570.416080347077,1.0,1579.6642924678467,14.085368274437997
2007,219.18200332427125,355.2617524896731,574.4437558139443,1.0,1593.5097456692904,13.84545320144366
2008,228.68671106740234,360.75844432030715,589.4451553877095,1.0,1610.7855283047747,17.275782635484347
2009,221.551417970207,364.45377111581536,586.0051890860224,1.0,1624.984836114172,14.199307809397169
2010,221.69514826634378,371.1593157300012,592.854463996345,1.0,1639.8682689673267,14.883432853154773
2011,227.28038439645948,372.924998542445,600.2053829389044,1.0,1655.52577584052,15.65750687319337
2012,209.97597491597992,381.0856580369786,591.0616329529585,1.0,1666.3942959459268,10.868520105406787
2013,213.54435145588445,381.87778643760544,595.4221378934899,1.0,1677.493594736655,11.099298790728199
2014,216.40412124879504,388.1687589286987,604.5728801774937,1.0,1690.3882364004562,12.894641663801167
2015,206.32314747732138,398.732,605.0551474773214,1.0,1701.9991795537367,11.61094315328046
2016,201.11929681211606,390.97880000000004,592.0980968121161,1.0,1708.0081783383262,6.008998784589494
2017,215.0,393.4056,608.4056,1.0,1718.758594946984,10.750416608657815
2018,215.0,395.1424,610.1424,1.0,1728.881919228088,10.123324281104033
2019,215.0,403.9392,618.9392,1.0,1740.7923542451915,11.91043501710351
2020,215.0,399.326,614.326,1.0,1749.8375487988944,9.045194553702913
