,natemis,Antr+BB,Totemis,ch4lifetime_fact,Conc,Trend
1950,215.0,145.72559245704448,360.7255924570445,1.0,1150.1896481473018,
1951,215.0,161.1689540027448,376.16895400274484,1.0,1146.2943445382887,-3.8953036090131263
1952,215.0,166.6584490009245,381.6584490009245,1.0,1144.6577636741636,-1.6365808641251078
1953,215.0,171.95470236258384,386.9547023625838,1.0,1144.962837805201,0.30507413103737235
1954,215.0,176.831012412122,391.831012412122,1.0,1146.8527342067257,1.8898964015247657
1955,215.0,181.387095949852,396.387095949852,1.0,1150.0436817222278,3.1909475155021028
1956,215.0,187.50680733097954,402.50680733097954,1.0,1154.9091407439503,4.865459021722472
1957,215.0,193.07946030314662,408.0794603031466,1.0,1161.079987236674,6.17084649272374
1958,215.0,195.59294054388116,410.5929405438811,1.0,1167.3943821275964,6.314394890922358
1959,215.0,200.08069559638636,415.08069559638636,1.0,1174.4917303558884,7.097348228292049
1960,215.0,204.8419977523652,419.84199775236516,1.0,1182.375184714232,7.88345435834367
1961,215.0,212.9151721685548,427.9151721685548,1.0,1192.0562979336885,9.681113219456392
1962,215.0,215.1761447816861,430.1761447816861,1.0,1201.404079272386,9.347781338697587
1963,215.0,224.35374091013003,439.35374091013,1.0,1212.752237010504,11.348157738117834
1964,215.0,224.902024917875,439.902024917875,1.0,1223.0117745600314,10.259537549527522
1965,215.0,231.2054970495285,446.2054970495285,1.0,1234.2153623612585,11.203587801227059
1966,215.0,235.0392045912452,450.0392045912452,1.0,1245.4373094788912,11.22194711763268
1967,215.0,241.25473865712786,456.25473865712786,1.0,1257.466349360261,12.029039881369727
1968,215.0,244.44543722988774,459.4454372298877,1.0,1269.2078373912525,11.741488030991604
1969,215.0,248.48463021268853,463.48463021268856,1.0,1280.9756790599286,11.767841668676056
1970,215.0,253.9100454011647,468.91004540116467,1.0,1293.2271625494825,12.251483489553948
1971,215.0,257.57479257777885,472.57479257777885,1.0,1305.323575790977,12.096413241494474
1972,215.0,264.87815496199676,479.87815496199676,1.0,1318.4903370189277,13.166761227950701
1973,215.0,267.174414913303,482.174414913303,1.0,1330.945193326507,12.454856307579348
1974,215.0,268.77272781252634,483.77272781252634,1.0,1342.536131779731,11.590938453223998
1975,215.0,271.02888398583644,486.02888398583644,1.0,1353.5782956974845,11.042163917753442
1976,215.0,275.0518357547742,490.0518357547742,1.0,1364.719724489364,11.141428791879434
1977,215.0,277.72254164205543,492.72254164205543,1.0,1375.5003449037574,10.780620414393525
1978,215.0,279.07729251334416,494.07729251334416,1.0,1385.5236471058918,10.023302202134346
1979,215.0,283.36524243347924,498.36524243347924,1.0,1395.8482782681228,10.324631162231071
1980,213.46581505527286,282.2371159769046,495.70293103217745,1.0,1404.1329454115682,8.284667143445404
1981,209.98540094753466,277.5286029825358,487.51400393007043,1.0,1408.7711745830193,4.63822917145103
1982,207.34999122653096,285.26941946839,492.619410694921,1.0,1414.585104000319,5.8139294172997324
1983,218.54420775574664,279.04267506764637,497.586882823393,1.0,1421.3972946327608,6.812190632441798
1984,216.13469029654325,284.0863192602393,500.2210095567825,1.0,1428.3212780065842,6.923983373823376
1985,218.52747499561326,287.0049229958179,505.53239799143114,1.0,1436.2334131071657,7.912135100581509
1986,212.30288822600457,290.9973934447917,503.30028167079627,1.0,1442.5185407762465,6.285127669080794
1987,207.81014213019827,295.28841803933904,503.09856016953734,1.0,1448.0329478562307,5.514407079984267
1988,212.7546727496052,299.1743864512828,511.929059200888,1.0,1455.8617155431878,7.828767686957008
1989,213.67497455693982,304.2999708971575,517.9749454540973,1.0,1464.821186346335,8.95947080314727
1990,211.0981294964029,307.58244894288526,518.6805784392882,1.0,1473.011740124054,8.19055377771906
1991,210.3200561502018,320.3405374138564,530.6605935640582,1.0,1484.2626751852,11.25093506114581
1992,198.5903912967187,304.1997961122732,502.79018740899187,1.0,1485.0005996704738,0.7379244852738793
1993,204.7145815055273,305.23302163145047,509.94760313697776,1.0,1488.0322289387568,3.031629268283041
1994,209.4666853834006,317.2848254228341,526.7515108062347,1.0,1496.3034637762235,8.271234837466636
1995,208.72207755746624,311.7473692430924,520.4694468005587,1.0,1501.5628614117409,5.259397635517416
1996,212.42838392700475,313.88494695523417,526.3133308822389,1.0,1508.1735884428408,6.610727031099941
1997,213.7837374978066,337.0204142930985,550.804151790905,1.0,1522.175297259107,14.001708816266273
1998,222.52660466748551,317.9406473511351,540.4672520186207,1.0,1531.1772822601245,9.001985001017374
1999,211.56664678013686,313.09385370096595,524.6605004811029,1.0,1533.9233206153885,2.7460383552640906
2000,213.03076329180558,314.79158226734603,527.8223455591516,1.0,1537.4116472034639,3.4883265880753243
2001,218.326681874013,315.2928524514628,533.6195343254758,1.0,1542.4341071106548,5.022459907190978
2002,215.21438848920863,322.1007386331392,537.3151271223478,1.0,1548.1211731677665,5.687066057111679
2003,219.3222811019477,328.4756943824689,547.7979754844166,1.0,1556.6518629201505,8.530689752383978
2004,213.74190559747325,335.7220642725255,549.4639698699987,1.0,1564.7804955084712,8.12863258832067
2005,210.64634497280224,341.88187367125875,552.528218644061,1.0,1573.016323167003,8.235827658531889
2006,215.9673626952097,352.4529993712408,568.4203620664505,1.0,1585.6063267243494,12.590003557346336
2007,213.7502719775399,349.7789386288197,563.5292106063596,1.0,1595.1627158414492,9.556389117099798
2008,213.86740129847342,353.30974763980123,567.1771489382746,1.0,1604.8602243221533,9.697508480704073
2009,219.93302684681524,355.2102928669951,575.1433197138103,1.0,1616.1167453954258,11.256521073272552
2010,226.5508334795578,360.8548031390112,587.405636618569,1.0,1630.1840776068725,14.067332211446683
2011,214.3442849622741,365.99466311704407,580.3389480793181,1.0,1640.330079485392,10.146001878519428
2012,208.27865941393227,372.97725290758524,581.2559123215175,1.0,1649.6444721882717,9.314392702879786
2013,214.6454746446745,372.6442144644898,587.2896891091643,1.0,1659.919201789984,10.274729601712352
2014,215.03869450780837,380.3961968225409,595.4348913303493,1.0,1671.747752557693,11.828550767708975
2015,214.13512546060713,387.4758223403408,601.610947800948,1.0,1684.3023676067598,12.554615049066797
2016,220.7529320933497,379.4876497908962,600.2405818842459,1.0,1694.996265086043,10.693897479283123
2017,215.0,385.0082127080213,600.0082127080213,1.0,1704.4156157320074,9.419350645964414
2018,215.0,387.8058049137809,602.8058049137809,1.0,1713.7091069376015,9.293491205594137
2019,215.0,394.70580491378087,609.7058049137809,1.0,1724.252869763129,10.543762825527438
2020,215.0,388.1958049137809,603.1958049137809,1.0,1731.4546630028738,7.201793239744802
