,natemis,Antr+BB,Totemis,ch4lifetime_fact,Conc,Trend
1950,215.0,145.69132180652684,360.69132180652684,1.0247219712311393,1152.9186839871857,
1951,215.0,161.13354968984004,376.13354968984004,1.0244368393312935,1151.405409565321,-1.5132744218647076
1952,215.0,166.62191102563256,381.6219110256326,1.0241517074314475,1151.8518649009052,0.44645533558423267
1953,215.0,171.91703072490478,386.91703072490475,1.0238665755316017,1153.9786243284002,2.126759427495017
1954,215.0,176.79220711205573,391.79220711205573,1.0235814436317558,1157.4614519822023,3.4828276538021328
1955,215.0,181.34715698739865,396.34715698739865,1.02329631173191,1162.0447570831172,4.583305100914913
1956,215.0,187.46573470613905,402.4657347061391,1.023011179832064,1168.127112971348,6.0823558882307225
1957,215.0,193.03725401591896,408.03725401591896,1.0227260479322182,1175.3616159793787,7.234503008030742
1958,215.0,195.54960059426637,410.5496005942664,1.0224409160323724,1182.6044126451122,7.242796665733522
1959,215.0,200.03622198438438,415.0362219843844,1.0221557841325266,1190.5103890305136,7.905976385401345
1960,215.0,204.79639047797613,419.79639047797616,1.0218706522326808,1199.0970977870495,8.586708756535927
1961,215.0,212.86841715028493,427.8684171502849,1.0215855203328348,1209.389943240889,10.29284545383939
1962,215.0,215.12824201953555,430.12824201953555,1.021300388432989,1219.2688944016068,9.878951160717861
1963,215.0,224.30469040409875,439.3046904040988,1.021015256533143,1231.077746044811,11.808851643204207
1964,215.0,224.85182666796288,439.8518266679629,1.0207301246332974,1241.7354459574092,10.657699912598218
1965,215.0,231.1541510557357,446.1541510557357,1.0204449927334514,1253.2808644646643,11.545418507255135
1966,215.0,234.98671085357168,449.9867108535717,1.0201598608336055,1264.7947972425343,11.513932777869968
1967,215.0,241.20109717557358,456.2010971755736,1.0198747289337597,1277.0716492916636,12.276852049129275
1968,215.0,244.3906480044528,459.3906480044528,1.019589597033914,1289.0214325185675,11.949783226903946
1969,215.0,248.42869324337278,463.4286932433728,1.019304465134068,1300.9615038298157,11.940071311248175
1970,215.0,253.8529606879682,468.8529606879682,1.0190193332342221,1313.3529476185706,12.391443788754941
1971,215.0,257.52620629587904,472.52620629587904,1.0199605556308002,1325.7165489516904,12.363601333119732
1972,215.0,264.8182405958808,479.8182405958808,1.0209017780273784,1339.2600870082379,13.543538056547504
1973,215.0,267.14971892758393,482.14971892758393,1.0218430004239563,1352.207115479686,12.94702847144822
1974,215.0,268.7846400384715,483.7846400384715,1.0227842228205342,1364.3937943784247,12.186678898738592
1975,215.0,271.109550132768,486.109550132768,1.0237254452171123,1376.134982314326,11.74118793590128
1976,215.0,275.151199176438,490.151199176438,1.0246666676136902,1388.0521317131665,11.917149398840593
1977,215.0,277.8837806829508,492.8837806829508,1.0256078900102683,1399.6926321098688,11.640500396702237
1978,215.0,279.1532573379765,494.1532573379765,1.0265491124068462,1410.6022375091377,10.909605399268912
1979,215.0,283.509905097283,498.509905097283,1.0274903348034243,1421.8890986081713,11.286861099033558
1980,215.0,282.39789700257745,497.39789700257745,1.0284315572000022,1431.695449293654,9.806350685482812
1981,215.0,277.70632086781643,492.70632086781643,1.0283999636415508,1438.8648286105356,7.169379316881532
1982,215.0,285.44898160510485,500.44898160510485,1.0283683700830997,1447.8198152110094,8.95498660047383
1983,215.0,279.2322937007664,494.2322937007664,1.0283367765246483,1453.7238212519642,5.904006040954755
1984,215.0,284.2736509570633,499.2736509570633,1.028305182966197,1460.6536784939797,6.929857242015487
1985,215.0,287.21176940850773,502.21176940850773,1.0282735894077455,1467.7978205066295,7.144142012649809
1986,215.0,291.2706380860499,506.2706380860499,1.028241995849294,1475.5053793792738,7.707558872644313
1987,215.0,295.5911049346384,510.5911049346384,1.028210402290843,1483.801632053303,8.29625267402912
1988,215.0,299.50593861356083,514.5059386135608,1.0281788087323915,1492.4872468675833,8.68561481428037
1989,215.0,304.6665974459152,519.6665974459152,1.0281472151739404,1501.933768558684,9.44652169110077
1990,200.3301288457454,307.914041620146,508.24417046589144,1.0281156216154888,1506.5444353900425,4.610666831358458
1991,199.7503266400383,320.68279532797294,520.4331219680113,1.02530405945394,1514.3067506265047,7.7623152364622
1992,184.67510149951386,304.53940686846767,489.2145083679815,1.022492497292391,1510.4408559660633,-3.865894660441427
1993,197.36691793433434,305.54609779725865,502.91301573159296,1.0196809351308422,1511.1524903350787,0.7116343690154281
1994,206.86238646048096,317.597620646701,524.4600071071819,1.0168693729692933,1518.5426937266918,7.390203391613113
1995,201.7570917407637,312.19366926980626,513.95076101057,1.0140578108077443,1521.21724900738,2.6745552806880823
1996,213.15982548765285,314.27731063372306,527.4371361213759,1.0112462486461955,1527.6656950262948,6.448446018914865
1997,219.11808678658687,337.39423398689746,556.5123207734844,1.0084346864846467,1542.6414388830735,14.975743856778763
1998,212.25503626636817,318.3664476301497,530.6214838965179,1.0056231243230978,1546.931398423252,4.289959540178415
1999,221.87093317633915,313.54878980346416,535.4197229798033,1.002811562161549,1551.9123101575153,4.980911734263373
2000,227.84472784773624,315.2590354804872,543.1037633282235,1.0,1558.4599822199093,6.5476720623939855
2001,206.6473954472032,315.6535417996881,522.3009372468913,0.995914002735031,1556.7401190657615,-1.719863154147788
2002,212.26455200956343,322.5524780298677,534.8170300394311,0.991828005470062,1558.735295085659,1.9951760198973716
2003,215.22835450612564,328.93805732438307,544.1664118305087,0.987742008205093,1562.9691563807748,4.2338612951159575
2004,212.63153770421576,336.0629318005267,548.6944695047425,0.9836560109401239,1567.5803255120998,4.611169131324914
2005,212.49070626724972,342.20939793202444,554.7001041992742,0.9795700136751548,1573.0068162277232,5.4264907156234585
2006,213.71072289363457,352.88884852886645,566.599571422501,0.9754840164101859,1581.1000647957812,8.093248568058016
2007,219.18200332427125,350.1027628899805,569.2847662142517,0.9713980191452168,1588.4882856350348,7.388220839253563
2008,228.68671106740234,353.6885615404862,582.3752726078885,0.977052169906687,1600.3004618329574,11.812176197922554
2009,221.551417970207,355.1745289722293,576.7259469424364,0.9827063206681571,1609.818366151328,9.51790431837071
2010,221.69514826634378,360.86969570672267,582.5648439730664,0.9883604714296271,1621.1148828880152,11.296516736687181
2011,227.28038439645948,366.86200176465536,594.1423861611148,0.9889882341230849,1635.0784270552729,13.963544167257623
2012,209.97597491597992,372.93936189598577,582.9153368119657,0.9896159968165429,1643.8419640705013,8.763537015228394
2013,213.54435145588445,372.12612208235606,585.6704735382405,0.9902437595100009,1652.633647841353,8.791683770851705
2014,216.40412124879504,379.6360199266544,596.0401411754494,0.9908715222034588,1663.9781831437392,11.344535302386248
2015,206.32314747732138,386.38580047504416,592.7089479523655,0.9908600068687826,1672.9354159871011,8.957232843361908
2016,201.11929681211606,378.3196319917136,579.4389288038296,0.9908484915341064,1676.4764388284088,3.541022841307722
2017,215.0,383.4074474991411,598.4074474991411,0.9908369761994302,1685.9107733071883,9.43433447877942
2018,215.0,388.5484716668797,603.5484716668798,0.9924774178789595,1696.2637208670624,10.35294755987411
2019,215.0,399.41284493865857,614.4128449386585,0.9941178595584886,1709.3338816123473,13.070160745284966
2020,215.0,396.9719628374015,611.9719628374015,0.9957583012380179,1720.4023462408368,11.068464628489437
